       3160.00      0.146097
       3170.00      0.150724
       3180.00      0.161449
       3190.00      0.167461
       3200.00      0.167520
       3210.00      0.174230
       3220.00      0.176237
       3230.00      0.167927
       3240.00      0.165653
       3250.00      0.189842
       3260.00      0.207591
       3270.00      0.230249
       3280.00      0.226306
       3290.00      0.244349
       3300.00      0.257989
       3310.00      0.243042
       3320.00      0.239923
       3330.00      0.241974
       3340.00      0.243427
       3350.00      0.246179
       3360.00      0.240258
       3370.00      0.232186
       3380.00      0.235774
       3390.00      0.250012
       3400.00      0.265674
       3410.00      0.271675
       3420.00      0.277232
       3430.00      0.287568
       3440.00      0.273181
       3450.00      0.279685
       3460.00      0.293966
       3470.00      0.290432
       3480.00      0.290669
       3490.00      0.291973
       3500.00      0.310584
       3510.00      0.320855
       3520.00      0.317824
       3530.00      0.312698
       3540.00      0.338941
       3550.00      0.336410
       3560.00      0.316086
       3570.00      0.294310
       3580.00      0.266404
       3590.00      0.279426
       3600.00      0.328112
       3610.00      0.336501
       3620.00      0.341237
       3630.00      0.348772
       3640.00      0.363181
       3650.00      0.379555
       3660.00      0.394056
       3670.00      0.402889
       3680.00      0.393941
       3690.00      0.405001
       3700.00      0.412473
       3710.00      0.422669
       3720.00      0.405243
       3730.00      0.385411
       3740.00      0.368926
       3750.00      0.377140
       3760.00      0.387791
       3770.00      0.415201
       3780.00      0.446905
       3790.00      0.433918
       3800.00      0.411677
       3810.00      0.405948
       3820.00      0.358759
       3830.00      0.319362
       3840.00      0.324357
       3850.00      0.333443
       3860.00      0.332096
       3870.00      0.336538
       3880.00      0.356575
       3890.00      0.406706
       3900.00      0.458493
       3910.00      0.482356
       3920.00      0.472564
       3930.00      0.386198
       3940.00      0.379066
       3950.00      0.486204
       3960.00      0.501221
       3970.00      0.461681
       3980.00      0.563119
       3990.00      0.670357
       4000.00      0.736039
       4010.00      0.750478
       4020.00      0.753945
       4030.00      0.781916
       4040.00      0.768212
       4050.00      0.756877
       4060.00      0.726998
       4070.00      0.754074
       4080.00      0.788101
       4090.00      0.852049
       4100.00      0.858612
       4110.00      0.866276
       4120.00      0.889291
       4130.00      0.860727
       4140.00      0.875537
       4150.00      0.861296
       4160.00      0.873345
       4170.00      0.866108
       4180.00      0.856676
       4190.00      0.868649
       4200.00      0.874128
       4210.00      0.885117
       4220.00      0.905333
       4230.00      0.913771
       4240.00      0.920631
       4250.00      0.902013
       4260.00      0.904929
       4270.00      0.900190
       4280.00      0.876086
       4290.00      0.859701
       4300.00      0.681218
       4310.00      0.709921
       4320.00      0.897108
       4330.00      0.985251
       4340.00      0.996514
       4350.00       1.01758
       4360.00       1.05609
       4370.00       1.05453
       4380.00       1.02424
       4390.00       1.01702
       4400.00       1.04437
       4410.00       1.08492
       4420.00       1.13330
       4430.00       1.14336
       4440.00       1.15990
       4450.00       1.16127
       4460.00       1.15574
       4470.00       1.19341
       4480.00       1.24922
       4490.00       1.24353
       4500.00       1.27412
       4510.00       1.30251
       4520.00       1.26972
       4530.00       1.23564
       4540.00       1.24503
       4550.00       1.25889
       4560.00       1.28189
       4570.00       1.28745
       4580.00       1.28423
       4590.00       1.27818
       4600.00       1.29243
       4610.00       1.32037
       4620.00       1.33910
       4630.00       1.33319
       4640.00       1.32368
       4650.00       1.31883
       4660.00       1.31220
       4670.00       1.31837
       4680.00       1.32193
       4690.00       1.34158
       4700.00       1.33674
       4710.00       1.33113
       4720.00       1.36959
       4730.00       1.40868
       4740.00       1.41377
       4750.00       1.43552
       4760.00       1.41880
       4770.00       1.43810
       4780.00       1.48288
       4790.00       1.48737
       4800.00       1.49748
       4810.00       1.49437
       4820.00       1.49746
       4830.00       1.48606
       4840.00       1.47856
       4850.00       1.45879
       4860.00       1.40533
       4870.00       1.38752
       4880.00       1.43224
       4890.00       1.45543
       4900.00       1.49984
       4910.00       1.50096
       4920.00       1.47024
       4930.00       1.47747
       4940.00       1.49958
       4950.00       1.50936
       4960.00       1.51045
       4970.00       1.50985
       4980.00       1.48155
       4990.00       1.47802
       5000.00       1.47674
       5010.00       1.45481
       5020.00       1.46677
       5030.00       1.49629
       5040.00       1.49443
       5050.00       1.50421
       5060.00       1.53919
       5070.00       1.53689
       5080.00       1.51735
       5090.00       1.51657
       5100.00       1.54193
       5110.00       1.54529
       5120.00       1.57414
       5130.00       1.55126
       5140.00       1.53954
       5150.00       1.54271
       5160.00       1.53972
       5170.00       1.49869
       5180.00       1.48788
       5190.00       1.52597
       5200.00       1.56445
       5210.00       1.52315
       5220.00       1.53345
       5230.00       1.53105
       5240.00       1.56514
       5250.00       1.57210
       5260.00       1.52675
       5270.00       1.49095
       5280.00       1.53474
       5290.00       1.59616
       5300.00       1.60599
       5310.00       1.61210
       5320.00       1.61590
       5330.00       1.57649
       5340.00       1.58454
       5350.00       1.62270
       5360.00       1.64298
       5370.00       1.65693
       5380.00       1.65437
       5390.00       1.66012
       5400.00       1.62684
       5410.00       1.61366
       5420.00       1.69600
       5430.00       1.70438
       5440.00       1.71547
       5450.00       1.73285
       5460.00       1.73480
       5470.00       1.72822
       5480.00       1.70295
       5490.00       1.71513
       5500.00       1.74422
       5510.00       1.73259
       5520.00       1.73959
       5530.00       1.72296
       5540.00       1.72490
       5550.00       1.74698
       5560.00       1.75055
       5570.00       1.72565
       5580.00       1.72590
       5590.00       1.70947
       5600.00       1.68644
       5610.00       1.72498
       5620.00       1.75508
       5630.00       1.74534
       5640.00       1.76704
       5650.00       1.74412
       5660.00       1.75915
       5670.00       1.73139
       5680.00       1.77758
       5690.00       1.77773
       5700.00       1.78443
       5710.00       1.75681
       5720.00       1.77982
       5730.00       1.79949
       5740.00       1.83371
       5760.00       1.85000
       5780.00       1.83392
       5800.00       1.83403
       5820.00       1.84695
       5840.00       1.85659
       5860.00       1.83116
       5880.00       1.84079
       5900.00       1.81717
       5920.00       1.83780
       5940.00       1.85201
       5960.00       1.85206
       5980.00       1.86769
       6000.00       1.86768
       6020.00       1.85838
       6040.00       1.89544
       6060.00       1.89688
       6080.00       1.89064
       6100.00       1.87680
       6120.00       1.86305
       6140.00       1.85546
       6160.00       1.82522
       6180.00       1.84043
       6200.00       1.86758
       6220.00       1.87806
       6240.00       1.88100
       6260.00       1.87946
       6280.00       1.88535
       6300.00       1.89713
       6320.00       1.88670
       6340.00       1.91457
       6360.00       1.92027
       6380.00       1.91718
       6400.00       1.94032
       6420.00       1.93137
       6440.00       1.93406
       6460.00       1.94394
       6480.00       1.94082
       6500.00       1.93055
       6520.00       1.93749
       6540.00       1.94867
       6560.00       1.91289
       6580.00       1.92549
       6600.00       1.97051
       6620.00       1.97019
       6640.00       1.96706
       6660.00       1.95416
       6680.00       1.95668
       6700.00       1.97589
       6720.00       1.97001
       6740.00       1.97246
       6760.00       2.02179
       6780.00       2.00895
       6800.00       1.99893
       6820.00       2.00537
       6840.00       2.08946
       6860.00       2.04124
       6880.00       2.02040
       6900.00       2.01860
       6920.00       2.05318
       6940.00       2.08219
       6960.00       2.08023
       6980.00       2.05423
       7000.00       2.05502
       7020.00       2.04518
       7040.00       2.04732
       7060.00       1.98870
       7080.00       1.98571
       7100.00       1.97356
       7120.00       1.95754
       7140.00       1.94291
       7160.00       2.00389
       7180.00       2.00350
       7200.00       1.92802
       7220.00       1.90589
       7240.00       1.91350
       7260.00       1.90823
       7280.00       1.91451
       7300.00       1.92204
       7320.00       1.92952
       7340.00       1.92427
       7360.00       1.93550
       7380.00       1.93784
       7400.00       1.94520
       7420.00       1.91357
       7440.00       1.92096
       7460.00       1.91956
       7480.00       1.87454
       7500.00       1.85960
       7520.00       1.86457
       7540.00       1.84355
       7560.00       1.82264
       7580.00       1.94329
       7600.00       1.91486
       7620.00       2.04931
       7640.00       1.91094
       7660.00       1.78668
       7680.00       1.69462
       7700.00       1.79556
       7720.00       1.83076
       7740.00       1.84650
       7760.00       1.85616
       7780.00       1.85019
       7800.00       1.83827
       7820.00       1.84669
       7840.00       0.00000
       7860.00       0.00000
       7880.00       0.00000
       7900.00       0.00000
       7920.00       0.00000
       7940.00       0.00000
       7960.00       0.00000
       7980.00       0.00000
       8000.00       0.00000
       8020.00       0.00000
       8040.00       0.00000
       8060.00       0.00000
       8080.00       0.00000
       8100.00       0.00000
       8120.00       0.00000
       8140.00       1.81303
       8160.00       1.73090
       8180.00       1.73350
       8200.00       1.76793
       8220.00       1.79539
       8240.00       1.79668
       8260.00       1.82168
       8280.00       1.83417
       8300.00       1.80616
       8320.00       1.79510
       8340.00       1.77291
       8360.00       1.79320
       8380.00       1.82452
       8400.00       1.84237
       8420.00       1.81364
       8440.00       1.80050
       8460.00       1.82820
       8480.00       1.79641
       8500.00       1.78999
       8520.00       1.79235
       8540.00       1.72811
       8560.00       1.75239
       8580.00       1.82980
       8600.00       1.82229
       8620.00       1.81590
       8640.00       1.79875
       8660.00       1.74938
       8680.00       1.73890
       8700.00       1.77670
       8720.00       1.79401
       8740.00       1.80377
       8760.00       1.81668
       8780.00       1.80935
       8800.00       1.79677
       8820.00       1.81172
       8840.00       1.82871
       8860.00       1.82458
       8880.00       1.79738
       8900.00       1.77239
       8920.00       1.76319
       8940.00       1.75716
       8960.00       1.78861
       8980.00       1.76698
       9000.00       1.68847
       9020.00       1.70953
       9040.00       1.78310
       9060.00       1.81106
       9080.00       1.72391
       9100.00       1.72934
       9120.00       1.74497
       9140.00       1.72585
       9160.00       1.69664
       9180.00       1.74575
       9200.00       1.71561
       9220.00       1.73919
       9240.00       1.66681
       9260.00       1.59475
       9280.00       1.54711
       9300.00       1.49567
       9320.00       1.53947
       9340.00       1.62401
       9360.00       1.51297
       9380.00       1.56043
       9400.00       1.64638
       9420.00       1.54490
       9440.00       1.48830
       9460.00       1.49796
       9480.00       1.51250
       9500.00       1.49460
       9520.00       1.48558
       9540.00       1.52351
       9560.00       1.54958
       9580.00       1.58041
       9600.00       1.60236
       9620.00       1.63489
       9640.00       1.66148
       9660.00       1.67252
       9680.00       1.67195
       9700.00       1.64736
       9720.00       1.66603
       9740.00       1.61379
       9760.00       1.63723
       9780.00       1.64723
       9800.00       1.66099
       9820.00       1.67470
       9840.00       1.67982
       9860.00       1.68019
       9880.00       1.66641
       9900.00       1.69130
       9920.00       1.69165
       9940.00       1.64135
       9960.00       1.66052
       9980.00       1.64691
       10000.0       1.62684
       10020.0       1.59382
       10040.0       1.60736
       10060.0       1.59767
       10080.0       1.60560
       10100.0       1.60242
       10120.0       1.62044
       10140.0       1.59702
       10160.0       1.59388
       10180.0       1.58433
       10200.0       1.55929
       10220.0       1.56263
       10240.0       1.57232
       10260.0       1.58470
       10280.0       1.58525
       10300.0       1.58036
       10320.0       1.58994
       10340.0       1.56072
       10360.0       1.54871
       10380.0       1.53405
       10400.0       1.54723
       10420.0       1.52100
       10440.0       1.55202
       10460.0       1.53925
       10480.0       1.55855
       10500.0       1.55558
       10520.0       1.56858
       10540.0       1.57799
       10560.0       1.57146
       10580.0       1.52620
       10600.0       1.54003
       10620.0       1.51606
