       3160.00       1.24218
       3170.00       1.31712
       3180.00       1.24592
       3190.00       1.28135
       3200.00       1.29329
       3210.00       1.26924
       3220.00       1.23614
       3230.00       1.15587
       3240.00       1.19954
       3250.00       1.20495
       3260.00       1.20094
       3270.00       1.20975
       3280.00       1.17527
       3290.00       1.17418
       3300.00       1.19752
       3310.00       1.19205
       3320.00       1.19153
       3330.00       1.19194
       3340.00       1.15629
       3350.00       1.18939
       3360.00       1.21592
       3370.00       1.17537
       3380.00       1.17582
       3390.00       1.19733
       3400.00       1.19801
       3410.00       1.19839
       3420.00       1.19995
       3430.00       1.20568
       3440.00       1.17666
       3450.00       1.18065
       3460.00       1.18343
       3470.00       1.18384
       3480.00       1.17457
       3490.00       1.16741
       3500.00       1.16757
       3510.00       1.19331
       3520.00       1.17166
       3530.00       1.19378
       3540.00       1.20222
       3550.00       1.19884
       3560.00       1.19834
       3570.00       1.17440
       3580.00       1.16171
       3590.00       1.20026
       3600.00       1.20089
       3610.00       1.17722
       3620.00       1.16382
       3630.00       1.16117
       3640.00       1.14901
       3650.00       1.16767
       3660.00       1.16922
       3670.00       1.18549
       3680.00       1.16675
       3690.00       1.16441
       3700.00       1.17119
       3710.00       1.18481
       3720.00       1.20878
       3730.00       1.21266
       3740.00       1.32864
       3750.00       1.39393
       3760.00       1.48466
       3770.00       1.43986
       3780.00       1.71948
       3790.00       1.77982
       3800.00       1.53831
       3810.00       1.97294
       3820.00       2.25278
       3830.00       1.65680
       3840.00       1.51086
       3850.00       2.23947
       3860.00       2.70154
       3870.00       2.67611
       3880.00       2.07962
       3890.00       1.51741
       3900.00       1.89392
       3910.00       2.70353
       3920.00       3.08968
       3930.00       2.99094
       3940.00       2.92897
       3950.00       2.94997
       3960.00       2.31588
       3970.00       1.60531
       3980.00       2.08889
       3990.00       2.93062
       4000.00       3.28807
       4010.00       3.40455
       4020.00       3.41131
       4030.00       3.38766
       4040.00       3.34897
       4050.00       3.32810
       4060.00       3.28220
       4070.00       3.15130
       4080.00       2.91349
       4090.00       2.37424
       4100.00       1.69776
       4110.00       1.87287
       4120.00       2.64746
       4130.00       3.00916
       4140.00       3.15470
       4150.00       3.20857
       4160.00       3.18123
       4170.00       3.14424
       4180.00       3.14404
       4190.00       3.15115
       4200.00       3.16065
       4210.00       3.17496
       4220.00       3.13842
       4230.00       3.11894
       4240.00       3.10677
       4250.00       3.12347
       4260.00       3.09937
       4270.00       3.05627
       4280.00       3.00621
       4290.00       2.95402
       4300.00       2.86647
       4310.00       2.73434
       4320.00       2.55087
       4330.00       1.85831
       4340.00       1.44871
       4350.00       1.61590
       4360.00       2.47598
       4370.00       2.74116
       4380.00       2.78150
       4390.00       2.78678
       4400.00       2.79204
       4410.00       2.79960
       4420.00       2.80019
       4430.00       2.81460
       4440.00       2.78987
       4450.00       2.78131
       4460.00       2.79109
       4470.00       2.75517
       4480.00       2.70347
       4490.00       2.71790
       4500.00       2.76174
       4510.00       2.75336
       4520.00       2.72243
       4530.00       2.68714
       4540.00       2.69471
       4550.00       2.67085
       4560.00       2.65828
       4570.00       2.69935
       4580.00       2.65558
       4590.00       2.65646
       4600.00       2.67065
       4610.00       2.68035
       4620.00       2.66130
       4630.00       2.64233
       4640.00       2.64543
       4650.00       2.63974
       4660.00       2.62751
       4670.00       2.61096
       4680.00       2.61628
       4690.00       2.62158
       4700.00       2.61166
       4710.00       2.59745
       4720.00       2.59627
       4730.00       2.59725
       4740.00       2.57670
       4750.00       2.56698
       4760.00       2.53158
       4770.00       2.52841
       4780.00       2.52526
       4790.00       2.51359
       4800.00       2.48285
       4810.00       2.45435
       4820.00       2.40480
       4830.00       2.29209
       4840.00       2.13346
       4850.00       1.76636
       4860.00       1.38041
       4870.00       1.53283
       4880.00       2.01268
       4890.00       2.20345
       4900.00       2.30099
       4910.00       2.31501
       4920.00       2.28334
       4930.00       2.28699
       4940.00       2.29682
       4950.00       2.29630
       4960.00       2.27933
       4970.00       2.29116
       4980.00       2.28451
       4990.00       2.26562
       5000.00       2.25701
       5010.00       2.21788
       5020.00       2.20330
       5030.00       2.20095
       5040.00       2.19658
       5050.00       2.13970
       5060.00       2.13346
       5070.00       2.15541
       5080.00       2.15719
       5090.00       2.16498
       5100.00       2.12272
       5110.00       2.12256
       5120.00       2.10248
       5130.00       2.12225
       5140.00       2.10224
       5150.00       2.10608
       5160.00       2.08815
       5170.00       2.04070
       5180.00       2.02888
       5190.00       2.04463
       5200.00       2.04855
       5210.00       2.06028
       5220.00       2.04070
       5230.00       2.01338
       5240.00       1.99786
       5250.00       2.00960
       5260.00       1.98444
       5270.00       1.96131
       5280.00       1.96920
       5290.00       1.98283
       5300.00       1.97332
       5310.00       1.94654
       5320.00       1.91987
       5330.00       1.91110
       5340.00       1.91650
       5350.00       1.91864
       5360.00       1.91886
       5370.00       1.92479
       5380.00       1.92311
       5390.00       1.92522
       5400.00       1.90087
       5410.00       1.88981
       5420.00       1.91833
       5430.00       1.92043
       5440.00       1.93941
       5450.00       1.91713
       5460.00       1.90054
       5470.00       1.90266
       5480.00       1.88802
       5490.00       1.88272
       5500.00       1.88115
       5510.00       1.86848
       5520.00       1.87064
       5530.00       1.88202
       5540.00       1.86757
       5550.00       1.87156
       5560.00       1.87003
       5570.00       1.85201
       5580.00       1.83955
       5590.00       1.83809
       5600.00       1.82569
       5610.00       1.82062
       5620.00       1.83735
       5630.00       1.80491
       5640.00       1.80605
       5650.00       1.79365
       5660.00       1.78056
       5670.00       1.77670
       5680.00       1.79639
       5690.00       1.77261
       5700.00       1.77594
       5710.00       1.76050
       5720.00       1.75386
       5730.00       1.74991
       5740.00       1.74099
       5760.00       1.72308
       5780.00       1.70441
       5800.00       1.68569
       5820.00       1.66727
       5840.00       1.64898
       5860.00       1.63082
       5880.00       1.61278
       5900.00       1.59486
       5920.00       1.57740
       5940.00       1.55972
       5960.00       1.54234
       5980.00       1.52472
       6000.00       1.51454
       6020.00       1.53696
       6040.00       1.52191
       6060.00       1.51200
       6080.00       1.52750
       6100.00       1.52550
       6120.00       1.50518
       6140.00       1.49346
       6160.00       1.46029
       6180.00       1.46250
       6200.00       1.45597
       6220.00       1.46113
       6240.00       1.44222
       6260.00       1.44625
       6280.00       1.42199
       6300.00       1.41537
       6320.00       1.40540
       6340.00       1.39212
       6360.00       1.38565
       6380.00       1.37523
       6400.00       1.37843
       6420.00       1.35156
       6440.00       1.35355
       6460.00       1.34272
       6480.00       1.32346
       6500.00       1.31641
       6520.00       1.29453
       6540.00       1.21646
       6560.00       1.05161
       6580.00       1.06253
       6600.00       1.23447
       6620.00       1.27836
       6640.00       1.27928
       6660.00       1.27023
       6680.00       1.26703
       6700.00       1.24787
       6720.00       1.24598
       6740.00       1.24395
       6760.00       1.22985
       6780.00       1.22743
       6800.00       1.22007
       6820.00       1.23818
       6840.00       1.26395
       6860.00       1.21148
       6880.00       1.16020
       6900.00       1.15551
       6920.00       1.17709
       6940.00       1.17958
       6960.00       1.17149
       6980.00       1.15557
       7000.00       1.14279
       7020.00       1.15581
       7040.00       1.13311
       7060.00       1.12903
       7080.00       1.12080
       7100.00       1.12123
       7120.00       1.11393
       7140.00       1.10938
       7160.00       1.14704
       7180.00       1.14455
       7200.00       1.08979
       7220.00       1.08310
       7240.00       1.07489
       7260.00       1.05787
       7280.00       1.05679
       7300.00       1.05473
       7320.00       1.04725
       7340.00       1.03689
       7360.00       1.04724
       7380.00       1.04745
       7400.00       1.03662
       7420.00       1.02241
       7440.00       1.01706
       7460.00       1.01843
       7480.00       1.00548
       7500.00      0.985929
       7520.00      0.973402
       7540.00      0.964189
       7560.00      0.942473
       7580.00       1.02331
       7600.00      0.904754
       7620.00      0.840649
       7640.00      0.912704
       7660.00      0.923775
       7680.00      0.879121
       7700.00      0.945346
       7720.00      0.954264
       7740.00      0.938088
       7760.00      0.928833
       7780.00      0.919887
       7800.00      0.920014
       7820.00      0.925099
       7840.00      0.909073
       7860.00      0.909227
       7880.00      0.905494
       7900.00      0.889770
       7920.00      0.884946
       7940.00      0.884516
       7960.00      0.878320
       7980.00      0.873945
       8000.00      0.871250
       8020.00      0.870095
       8040.00      0.870850
       8060.00      0.860334
       8080.00      0.869948
       8100.00      0.866036
       8120.00      0.870438
       8140.00      0.878202
       8160.00      0.856417
       8180.00      0.836611
       8200.00      0.860701
       8220.00      0.841477
       8240.00      0.841416
       8260.00      0.847408
       8280.00      0.822687
       8300.00      0.831031
       8320.00      0.820816
       8340.00      0.799518
       8360.00      0.824456
       8380.00      0.816766
       8400.00      0.828183
       8420.00      0.825852
       8440.00      0.811080
       8460.00      0.800117
       8480.00      0.836373
       8500.00      0.807636
       8520.00      0.804662
       8540.00      0.788440
       8560.00      0.783737
       8580.00      0.794278
       8600.00      0.776651
       8620.00      0.811189
       8640.00      0.801989
       8660.00      0.760077
       8680.00      0.751625
       8700.00      0.789187
       8720.00      0.823533
       8740.00      0.735725
       8760.00      0.724960
       8780.00      0.801752
       8800.00      0.814308
       8820.00      0.829235
       8840.00      0.741830
       8860.00      0.685338
       8880.00      0.684714
       8900.00      0.749326
       8920.00      0.787910
       8940.00      0.800414
       8960.00      0.799197
       8980.00      0.758557
       9000.00      0.675924
       9020.00      0.637435
       9040.00      0.731174
       9060.00      0.771681
       9080.00      0.732111
       9100.00      0.753824
       9120.00      0.742997
       9140.00      0.750860
       9160.00      0.727388
       9180.00      0.726581
       9200.00      0.702709
       9220.00      0.641646
       9240.00      0.599510
       9260.00      0.679755
       9280.00      0.724359
       9300.00      0.754948
       9320.00      0.747307
       9340.00      0.773018
       9360.00      0.698546
       9380.00      0.712068
       9400.00      0.757120
       9420.00      0.730491
       9440.00      0.664956
       9460.00      0.724167
       9480.00      0.701543
       9500.00      0.676759
       9520.00      0.651437
       9540.00      0.564721
       9560.00      0.587981
       9580.00      0.635960
       9600.00      0.659825
       9620.00      0.660999
       9640.00      0.654124
       9660.00      0.671043
       9680.00      0.661751
       9700.00      0.668696
       9720.00      0.659133
       9740.00      0.669826
       9760.00      0.680476
       9780.00      0.663539
       9800.00      0.669057
       9820.00      0.665097
       9840.00      0.663123
       9860.00      0.625662
       9880.00      0.641229
       9900.00      0.616126
       9920.00      0.665901
       9940.00      0.641362
       9960.00      0.645606
       9980.00      0.640120
       10000.0      0.604352
       10020.0      0.579929
       10040.0      0.516678
       10060.0      0.503987
       10080.0      0.585486
       10100.0      0.601601
       10120.0      0.591137
       10140.0      0.579304
       10160.0      0.619942
       10180.0      0.621531
       10200.0      0.585500
       10220.0      0.591642
       10240.0      0.582216
       10260.0      0.590927
       10280.0      0.551068
       10300.0      0.570900
       10320.0      0.579878
       10340.0      0.583987
       10360.0      0.592807
       10380.0      0.573086
       10400.0      0.573848
       10420.0      0.570886
       10440.0      0.551223
       10460.0      0.571532
       10480.0      0.548048
       10500.0      0.554681
       10520.0      0.555372
       10540.0      0.549865
       10560.0      0.546698
       10580.0      0.557913
       10600.0      0.536934
       10620.0      0.554370
