       3160.00      0.168567
       3170.00      0.175400
       3180.00      0.184105
       3190.00      0.159300
       3200.00      0.192107
       3210.00      0.189363
       3220.00      0.160157
       3230.00      0.161210
       3240.00      0.161876
       3250.00      0.175789
       3260.00      0.231517
       3270.00      0.236352
       3280.00      0.218456
       3290.00      0.230948
       3300.00      0.255954
       3310.00      0.241819
       3320.00      0.233447
       3330.00      0.232311
       3340.00      0.233352
       3350.00      0.245424
       3360.00      0.226568
       3370.00      0.192980
       3380.00      0.212937
       3390.00      0.229696
       3400.00      0.256955
       3410.00      0.251949
       3420.00      0.254180
       3430.00      0.269504
       3440.00      0.235209
       3450.00      0.235999
       3460.00      0.262976
       3470.00      0.254488
       3480.00      0.259590
       3490.00      0.248459
       3500.00      0.280893
       3510.00      0.304260
       3520.00      0.275177
       3530.00      0.295348
       3540.00      0.326873
       3550.00      0.321255
       3560.00      0.285731
       3570.00      0.258529
       3580.00      0.212443
       3590.00      0.241538
       3600.00      0.315987
       3610.00      0.304267
       3620.00      0.298419
       3630.00      0.309381
       3640.00      0.327453
       3650.00      0.348009
       3660.00      0.384299
       3670.00      0.398069
       3680.00      0.366844
       3690.00      0.371351
       3700.00      0.383084
       3710.00      0.379902
       3720.00      0.349451
       3730.00      0.287092
       3740.00      0.283416
       3750.00      0.316688
       3760.00      0.339178
       3770.00      0.367702
       3780.00      0.423887
       3790.00      0.379726
       3800.00      0.348009
       3810.00      0.352995
       3820.00      0.281467
       3830.00      0.222995
       3840.00      0.245827
       3850.00      0.273059
       3860.00      0.270849
       3870.00      0.273896
       3880.00      0.281972
       3890.00      0.344617
       3900.00      0.404895
       3910.00      0.432601
       3920.00      0.410042
       3930.00      0.267685
       3940.00      0.261485
       3950.00      0.410416
       3960.00      0.402971
       3970.00      0.315210
       3980.00      0.474905
       3990.00      0.630166
       4000.00      0.666655
       4010.00      0.700972
       4020.00      0.717624
       4030.00      0.694435
       4040.00      0.658259
       4050.00      0.668986
       4060.00      0.665553
       4070.00      0.647529
       4080.00      0.696231
       4090.00      0.760117
       4100.00      0.740934
       4110.00      0.740895
       4120.00      0.773588
       4130.00      0.739589
       4140.00      0.715562
       4150.00      0.706849
       4160.00      0.727284
       4170.00      0.718412
       4180.00      0.702297
       4190.00      0.708926
       4200.00      0.718114
       4210.00      0.746890
       4220.00      0.731719
       4230.00      0.732732
       4240.00      0.770845
       4250.00      0.775685
       4260.00      0.768077
       4270.00      0.745054
       4280.00      0.726204
       4290.00      0.708625
       4300.00      0.603620
       4310.00      0.672030
       4320.00      0.797520
       4330.00      0.848757
       4340.00      0.872862
       4350.00      0.881356
       4360.00      0.923567
       4370.00      0.911997
       4380.00      0.815067
       4390.00      0.809246
       4400.00      0.840198
       4410.00      0.870516
       4420.00      0.922184
       4430.00      0.920103
       4440.00      0.926032
       4450.00      0.922158
       4460.00      0.918303
       4470.00      0.989561
       4480.00       1.02635
       4490.00       1.01034
       4500.00       1.06964
       4510.00       1.08817
       4520.00       1.02834
       4530.00      0.998541
       4540.00       1.01295
       4550.00       1.03431
       4560.00       1.05764
       4570.00       1.09514
       4580.00       1.07708
       4590.00       1.06131
       4600.00       1.07839
       4610.00       1.11694
       4620.00       1.14983
       4630.00       1.14077
       4640.00       1.10768
       4650.00       1.11637
       4660.00       1.10666
       4670.00       1.11035
       4680.00       1.13540
       4690.00       1.13746
       4700.00       1.11468
       4710.00       1.12616
       4720.00       1.17124
       4730.00       1.17582
       4740.00       1.19215
       4750.00       1.20582
       4760.00       1.17633
       4770.00       1.20304
       4780.00       1.23830
       4790.00       1.23011
       4800.00       1.24764
       4810.00       1.25740
       4820.00       1.25991
       4830.00       1.23688
       4840.00       1.23403
       4850.00       1.21594
       4860.00       1.14287
       4870.00       1.15512
       4880.00       1.20876
       4890.00       1.22453
       4900.00       1.25310
       4910.00       1.22146
       4920.00       1.17344
       4930.00       1.17621
       4940.00       1.22387
       4950.00       1.24234
       4960.00       1.22274
       4970.00       1.24581
       4980.00       1.20414
       4990.00       1.19170
       5000.00       1.19280
       5010.00       1.14845
       5020.00       1.15281
       5030.00       1.18770
       5040.00       1.19009
       5050.00       1.19161
       5060.00       1.22035
       5070.00       1.20665
       5080.00       1.20056
       5090.00       1.21587
       5100.00       1.21519
       5110.00       1.22402
       5120.00       1.20959
       5130.00       1.17741
       5140.00       1.18232
       5150.00       1.19579
       5160.00       1.15272
       5170.00       1.09987
       5180.00       1.09355
       5190.00       1.13782
       5200.00       1.17551
       5210.00       1.20804
       5220.00       1.21017
       5230.00       1.21936
       5240.00       1.25301
       5250.00       1.26015
       5260.00       1.18746
       5270.00       1.15590
       5280.00       1.24214
       5290.00       1.28077
       5300.00       1.29354
       5310.00       1.32196
       5320.00       1.26115
       5330.00       1.24015
       5340.00       1.27245
       5350.00       1.29772
       5360.00       1.32275
       5370.00       1.31219
       5380.00       1.31811
       5390.00       1.31270
       5400.00       1.24985
       5410.00       1.27113
       5420.00       1.35239
       5430.00       1.34055
       5440.00       1.35141
       5450.00       1.37421
       5460.00       1.37700
       5470.00       1.34798
       5480.00       1.33890
       5490.00       1.34967
       5500.00       1.36435
       5510.00       1.35267
       5520.00       1.38831
       5530.00       1.39891
       5540.00       1.38329
       5550.00       1.42260
       5560.00       1.40961
       5570.00       1.39537
       5580.00       1.39157
       5590.00       1.37092
       5600.00       1.34776
       5610.00       1.40351
       5620.00       1.35586
       5630.00       1.40368
       5640.00       1.37034
       5650.00       1.39358
       5660.00       1.34500
       5670.00       1.38355
       5680.00       1.36707
       5690.00       1.41818
       5700.00       1.33810
       5710.00       1.37766
       5720.00       1.31188
       5730.00       1.44498
       5740.00       1.29594
       5760.00       1.33675
       5780.00       1.32586
       5800.00       1.30878
       5820.00       1.36906
       5840.00       1.36065
       5860.00       1.33374
       5880.00       1.33906
       5900.00       1.36033
       5920.00       1.42064
       5940.00       1.43173
       5960.00       1.43301
       5980.00       1.43913
       6000.00       1.42587
       6020.00       1.42113
       6040.00       1.44644
       6060.00       1.46080
       6080.00       1.44765
       6100.00       1.44528
       6120.00       1.43582
       6140.00       1.42524
       6160.00       1.38883
       6180.00       1.41132
       6200.00       1.44653
       6220.00       1.43255
       6240.00       1.43028
       6260.00       1.44309
       6280.00       1.46735
       6300.00       1.47075
       6320.00       1.46839
       6340.00       1.46605
       6360.00       1.46942
       6380.00       1.46367
       6400.00       1.46930
       6420.00       1.46020
       6440.00       1.45904
       6460.00       1.46014
       6480.00       1.44892
       6500.00       1.44892
       6520.00       1.48228
       6540.00       1.47664
       6560.00       1.43346
       6580.00       1.44012
       6600.00       1.49727
       6620.00       1.50151
       6640.00       1.49371
       6660.00       1.49467
       6680.00       1.50105
       6700.00       1.50847
       6720.00       1.49967
       6740.00       1.49199
       6760.00       1.50795
       6780.00       1.50885
       6800.00       1.50121
       6820.00       1.50425
       6840.00       1.54649
       6860.00       1.47223
       6880.00       1.43107
       6900.00       1.45529
       6920.00       1.48775
       6940.00       1.48556
       6960.00       1.48025
       6980.00       1.48535
       7000.00       1.48111
       7020.00       1.48515
       7040.00       1.49432
       7060.00       1.50755
       7080.00       1.49407
       7100.00       1.49088
       7120.00       1.49688
       7140.00       1.48355
       7160.00       1.52092
       7180.00       1.51971
       7200.00       1.45104
       7220.00       1.46008
       7240.00       1.46306
       7260.00       1.45603
       7280.00       1.45402
       7300.00       1.45500
       7320.00       1.45697
       7340.00       1.46189
       7360.00       1.47466
       7380.00       1.48147
       7400.00       1.47747
       7420.00       1.46274
       7440.00       1.47830
       7460.00       1.47531
       7480.00       1.45973
       7500.00       1.46067
       7520.00       1.43750
       7540.00       1.42504
       7560.00       1.40592
       7580.00       1.42134
       7600.00       1.25829
       7620.00       1.27116
       7640.00       1.37981
       7660.00       1.41880
       7680.00       1.37640
       7700.00       1.46322
       7720.00       1.48009
       7740.00       1.48657
       7760.00       1.48461
       7780.00       1.49197
       7800.00       1.49001
       7820.00       1.48249
       7840.00       1.48240
       7860.00       1.47310
       7880.00       1.46660
       7900.00       1.44637
       7920.00       1.43081
       7940.00       1.42356
       7960.00       1.44730
       7980.00       1.44004
       8000.00       1.42919
       8020.00       1.44190
       8040.00       1.44282
       8060.00       1.42935
       8080.00       1.43478
       8100.00       1.42229
       8120.00       1.46164
       8140.00       1.48923
       8160.00       1.44382
       8180.00       1.41990
       8200.00       1.44120
       8220.00       1.43504
       8240.00       1.47115
       8260.00       1.44565
       8280.00       1.43865
       8300.00       1.45790
       8320.00       1.44394
       8340.00       1.38745
       8360.00       1.46912
       8380.00       1.46561
       8400.00       1.43623
       8420.00       1.43195
       8440.00       1.48182
       8460.00       1.47489
       8480.00       1.48338
       8500.00       1.43554
       8520.00       1.43642
       8540.00       1.36090
       8560.00       1.40515
       8580.00       1.47454
       8600.00       1.45088
       8620.00       1.47443
       8640.00       1.40556
       8660.00       1.37134
       8680.00       1.40410
       8700.00       1.42670
       8720.00       1.45170
       8740.00       1.40109
       8760.00       1.41859
       8780.00       1.42939
       8800.00       1.38989
       8820.00       1.38921
       8840.00       1.40165
       8860.00       1.42958
       8880.00       1.41983
       8900.00       1.40197
       8920.00       1.41996
       8940.00       1.38759
       8960.00       1.41686
       8980.00       1.37011
       9000.00       1.37431
       9020.00       1.39940
       9040.00       1.42116
       9060.00       1.41803
       9080.00       1.31589
       9100.00       1.36399
       9120.00       1.32284
       9140.00       1.33660
       9160.00       1.30677
       9180.00       1.35526
       9200.00       1.38148
       9220.00       1.33680
       9240.00       1.33705
       9260.00       1.29658
       9280.00       1.35160
       9300.00       1.29412
       9320.00       1.28745
       9340.00       1.33360
       9360.00       1.25407
       9380.00       1.30550
       9400.00       1.39759
       9420.00       1.25608
       9440.00       1.18968
       9460.00       1.30902
       9480.00       1.28790
       9500.00       1.27298
       9520.00       1.32133
       9540.00       1.32540
       9560.00       1.31125
       9580.00       1.30549
       9600.00       1.26727
       9620.00       1.28197
       9640.00       1.28082
       9660.00       1.29393
       9680.00       1.23732
       9700.00       1.26990
       9720.00       1.25013
       9740.00       1.25129
       9760.00       1.21158
       9780.00       1.25433
       9800.00       1.25695
       9820.00       1.31788
       9840.00       1.27615
       9860.00       1.27356
       9880.00       1.30914
       9900.00       1.30943
       9920.00       1.31556
       9940.00       1.28009
       9960.00       1.30518
       9980.00       1.30983
       10000.0       1.31808
       10020.0       1.32558
       10040.0       1.30706
       10060.0       1.28356
       10080.0       1.28101
       10100.0       1.27704
       10120.0       1.28096
       10140.0       1.25984
       10160.0       1.25166
       10180.0       1.25988
       10200.0       1.22685
       10220.0       1.24573
       10240.0       1.24542
       10260.0       1.26984
       10280.0       1.22929
       10300.0       1.26561
       10320.0       1.22733
       10340.0       1.23548
       10360.0       1.27718
       10380.0       1.23560
       10400.0       1.27018
       10420.0       1.26356
       10440.0       1.20420
       10460.0       1.21091
       10480.0       1.19891
       10500.0       1.24358
       10520.0       1.20193
       10540.0       1.21272
       10560.0       1.19257
       10580.0       1.19375
       10600.0       1.23527
       10620.0       1.20836
