       3160.00     0.0218889
       3170.00     0.0202978
       3180.00     0.0190551
       3190.00     0.0179754
       3200.00     0.0184967
       3210.00     0.0163809
       3220.00     0.0143644
       3230.00     0.0145917
       3240.00     0.0156609
       3250.00     0.0164251
       3260.00     0.0177372
       3270.00     0.0190252
       3280.00     0.0190980
       3290.00     0.0242939
       3300.00     0.0268403
       3310.00     0.0245858
       3320.00     0.0264202
       3330.00     0.0277679
       3340.00     0.0280009
       3350.00     0.0290009
       3360.00     0.0259092
       3370.00     0.0272229
       3380.00     0.0275329
       3390.00     0.0304110
       3400.00     0.0314086
       3410.00     0.0321681
       3420.00     0.0349302
       3430.00     0.0349631
       3440.00     0.0297003
       3450.00     0.0310108
       3460.00     0.0343738
       3470.00     0.0319733
       3480.00     0.0353521
       3490.00     0.0354400
       3500.00     0.0379222
       3510.00     0.0383782
       3520.00     0.0329441
       3530.00     0.0395444
       3540.00     0.0495006
       3550.00     0.0460146
       3560.00     0.0350954
       3570.00     0.0295432
       3580.00     0.0252204
       3590.00     0.0324305
       3600.00     0.0372354
       3610.00     0.0378636
       3620.00     0.0492818
       3630.00     0.0528006
       3640.00     0.0507336
       3650.00     0.0590210
       3660.00     0.0733582
       3670.00     0.0649217
       3680.00     0.0575175
       3690.00     0.0647845
       3700.00     0.0628078
       3710.00     0.0560740
       3720.00     0.0495361
       3730.00     0.0388219
       3740.00     0.0358240
       3750.00     0.0425573
       3760.00     0.0529762
       3770.00     0.0657557
       3780.00     0.0708373
       3790.00     0.0593136
       3800.00     0.0599565
       3810.00     0.0577030
       3820.00     0.0409827
       3830.00     0.0389112
       3840.00     0.0479193
       3850.00     0.0531435
       3860.00     0.0478249
       3870.00     0.0497479
       3880.00     0.0525285
       3890.00     0.0639987
       3900.00     0.0763409
       3910.00     0.0765001
       3920.00     0.0621451
       3930.00     0.0467044
       3940.00     0.0556316
       3950.00     0.0802202
       3960.00     0.0646508
       3970.00     0.0672643
       3980.00      0.120808
       3990.00      0.150710
       4000.00      0.165992
       4010.00      0.197509
       4020.00      0.198002
       4030.00      0.184900
       4040.00      0.181175
       4050.00      0.192299
       4060.00      0.195726
       4070.00      0.189894
       4080.00      0.229223
       4090.00      0.230761
       4100.00      0.217159
       4110.00      0.217433
       4120.00      0.214022
       4130.00      0.206792
       4140.00      0.194495
       4150.00      0.200070
       4160.00      0.205142
       4170.00      0.206391
       4180.00      0.217108
       4190.00      0.223678
       4200.00      0.221888
       4210.00      0.237822
       4220.00      0.199879
       4230.00      0.203151
       4240.00      0.283772
       4250.00      0.273321
       4260.00      0.275623
       4270.00      0.284561
       4280.00      0.271713
       4290.00      0.272465
       4300.00      0.257710
       4310.00      0.327554
       4320.00      0.399213
       4330.00      0.409875
       4340.00      0.449535
       4350.00      0.467619
       4360.00      0.458978
       4370.00      0.439955
       4380.00      0.382141
       4390.00      0.399463
       4400.00      0.433655
       4410.00      0.432522
       4420.00      0.485598
       4430.00      0.483757
       4440.00      0.519830
       4450.00      0.507094
       4460.00      0.493822
       4470.00      0.569349
       4480.00      0.604320
       4490.00      0.596800
       4500.00      0.629501
       4510.00      0.665569
       4520.00      0.568600
       4530.00      0.554814
       4540.00      0.603456
       4550.00      0.655221
       4560.00      0.707337
       4570.00      0.694525
       4580.00      0.702807
       4590.00      0.690204
       4600.00      0.705778
       4610.00      0.791007
       4620.00      0.811581
       4630.00      0.739551
       4640.00      0.684474
       4650.00      0.720615
       4660.00      0.726292
       4670.00      0.701135
       4680.00      0.705983
       4690.00      0.717565
       4700.00      0.715898
       4710.00      0.740582
       4720.00      0.762784
       4730.00      0.762846
       4740.00      0.805377
       4750.00      0.802708
       4760.00      0.745698
       4770.00      0.749807
       4780.00      0.760804
       4790.00      0.787187
       4800.00      0.827622
       4810.00      0.836604
       4820.00      0.834047
       4830.00      0.819339
       4840.00      0.815328
       4850.00      0.809972
       4860.00      0.784676
       4870.00      0.798786
       4880.00      0.806075
       4890.00      0.821838
       4900.00      0.885892
       4910.00      0.857607
       4920.00      0.885779
       4930.00      0.914238
       4940.00      0.938306
       4950.00      0.921477
       4960.00      0.859208
       4970.00      0.871954
       4980.00      0.845685
       4990.00      0.830499
       5000.00      0.788973
       5010.00      0.758284
       5020.00      0.796348
       5030.00      0.827700
       5040.00      0.841903
       5050.00      0.864806
       5060.00      0.863227
       5070.00      0.815441
       5080.00      0.789411
       5090.00      0.802512
       5100.00      0.769491
       5110.00      0.773927
       5120.00      0.772802
       5130.00      0.773997
       5140.00      0.779811
       5150.00      0.778553
       5160.00      0.709125
       5170.00      0.626944
       5180.00      0.669436
       5190.00      0.766194
       5200.00      0.746951
       5210.00      0.783522
       5220.00      0.907574
       5230.00      0.940416
       5240.00      0.968851
       5250.00      0.970526
       5260.00      0.877584
       5270.00      0.885312
       5280.00       1.04764
       5290.00       1.06674
       5300.00       1.09487
       5310.00       1.15967
       5320.00       1.05725
       5330.00       1.03187
       5340.00       1.08530
       5350.00       1.15434
       5360.00       1.22298
       5370.00       1.16749
       5380.00       1.19427
       5390.00       1.14356
       5400.00       1.06359
       5410.00       1.13580
       5420.00       1.24452
       5430.00       1.19142
       5440.00       1.20136
       5450.00       1.19116
       5460.00       1.14643
       5470.00       1.15930
       5480.00       1.13454
       5490.00       1.17275
       5500.00       1.19521
       5510.00       1.16657
       5520.00       1.22078
       5530.00       1.26750
       5540.00       1.29381
       5550.00       1.32477
       5560.00       1.29984
       5570.00       1.29632
       5580.00       1.29518
       5590.00       1.23382
       5600.00       1.23162
       5610.00       1.29413
       5620.00       1.28126
       5630.00       1.26961
       5640.00       1.27672
       5650.00       1.29432
       5660.00       1.33051
       5670.00       1.31769
       5680.00       1.39206
       5690.00       1.40933
       5700.00       1.39760
       5710.00       1.32926
       5720.00       1.40540
       5730.00       1.46400
       5740.00       1.48214
       5760.00       1.49648
       5780.00       1.49016
       5800.00       1.52029
       5820.00       1.60012
       5840.00       1.55396
       5860.00       1.49572
       5880.00       1.32002
       5900.00       1.27751
       5920.00       1.46829
       5940.00       1.50668
       5960.00       1.55035
       5980.00       1.56172
       6000.00       1.56422
       6020.00       1.61165
       6040.00       1.68717
       6060.00       1.73279
       6080.00       1.68693
       6100.00       1.64028
       6120.00       1.64463
       6140.00       1.68012
       6160.00       1.60502
       6180.00       1.55497
       6200.00       1.50524
       6220.00       1.45690
       6240.00       1.43848
       6260.00       1.48660
       6280.00       1.58486
       6300.00       1.62383
       6320.00       1.68344
       6340.00       1.68229
       6360.00       1.69672
       6380.00       1.75347
       6400.00       1.78305
       6420.00       1.80834
       6440.00       1.83654
       6460.00       1.83903
       6480.00       1.80993
       6500.00       1.79217
       6520.00       1.86867
       6540.00       1.88011
       6560.00       1.81905
       6580.00       1.88574
       6600.00       1.93302
       6620.00       1.91522
       6640.00       1.92337
       6660.00       1.87399
       6680.00       1.87332
       6700.00       1.84605
       6720.00       1.84252
       6740.00       1.85370
       6760.00       1.85407
       6780.00       1.89241
       6800.00       1.89364
       6820.00       1.92680
       6840.00       2.00897
       6860.00       1.93769
       6880.00       1.92438
       6900.00       2.01828
       6920.00       2.02294
       6940.00       2.02948
       6960.00       2.07106
       6980.00       2.04338
       7000.00       2.07148
       7020.00       2.08532
       7040.00       2.12534
       7060.00       2.08379
       7080.00       1.99121
       7100.00       1.91867
       7120.00       1.85488
       7140.00       1.83582
       7160.00       1.95237
       7180.00       1.96715
       7200.00       1.96902
       7220.00       2.05041
       7240.00       2.07757
       7260.00       2.10639
       7280.00       2.08700
       7300.00       2.14005
       7320.00       2.17839
       7340.00       2.16795
       7360.00       2.23291
       7380.00       2.25458
       7400.00       2.27257
       7420.00       2.28156
       7440.00       2.30470
       7460.00       2.31091
       7480.00       2.27473
       7500.00       2.31707
       7520.00       2.36181
       7540.00       2.36517
       7560.00       2.39471
       7580.00       2.39013
       7600.00       2.03300
       7620.00       2.11428
       7640.00       2.21327
       7660.00       2.30141
       7680.00       2.22581
       7700.00       2.30231
       7720.00       2.35619
       7740.00       2.35522
       7760.00       2.38657
       7780.00       2.40504
       7800.00       2.40480
       7820.00       2.44253
       7840.00       0.00000
       7860.00       0.00000
       7880.00       0.00000
       7900.00       0.00000
       7920.00       0.00000
       7940.00       0.00000
       7960.00       0.00000
       7980.00       0.00000
       8000.00       0.00000
       8020.00       0.00000
       8040.00       0.00000
       8060.00       0.00000
       8080.00       0.00000
       8100.00       0.00000
       8120.00       0.00000
       8140.00       2.25489
       8160.00       2.22429
       8180.00       2.21563
       8200.00       2.31405
       8220.00       2.34857
       8240.00       2.35889
       8260.00       2.40511
       8280.00       2.34351
       8300.00       2.28617
       8320.00       2.23625
       8340.00       2.25938
       8360.00       2.27055
       8380.00       2.31318
       8400.00       2.35324
       8420.00       2.33433
       8440.00       2.34600
       8460.00       2.34279
       8480.00       2.32404
       8500.00       2.29605
       8520.00       2.22869
       8540.00       2.17710
       8560.00       2.30694
       8580.00       2.43387
       8600.00       2.43742
       8620.00       2.46316
       8640.00       2.39711
       8660.00       2.27192
       8680.00       2.31763
       8700.00       2.43292
       8720.00       2.43037
       8740.00       2.47390
       8760.00       2.48332
       8780.00       2.48969
       8800.00       2.48778
       8820.00       2.47241
       8840.00       2.53998
       8860.00       2.57895
       8880.00       2.58057
       8900.00       2.54363
       8920.00       2.51794
       8940.00       2.53815
       8960.00       2.60394
       8980.00       2.54963
       9000.00       2.49116
       9020.00       2.59101
       9040.00       2.73421
       9060.00       2.67791
       9080.00       2.52010
       9100.00       2.55517
       9120.00       2.54233
       9140.00       2.43567
       9160.00       2.35542
       9180.00       2.34741
       9200.00       2.39396
       9220.00       2.40022
       9240.00       2.32217
       9260.00       2.31145
       9280.00       2.28727
       9300.00       2.20641
       9320.00       2.14998
       9340.00       2.30791
       9360.00       2.12387
       9380.00       2.28047
       9400.00       2.43641
       9420.00       2.19722
       9440.00       2.03875
       9460.00       2.20258
       9480.00       2.22996
       9500.00       2.20790
       9520.00       2.37173
       9540.00       2.34393
       9560.00       2.32383
       9580.00       2.31416
       9600.00       2.34853
       9620.00       2.36903
       9640.00       2.31619
       9660.00       2.35785
       9680.00       2.37616
       9700.00       2.34133
       9720.00       2.35009
       9740.00       2.35068
       9760.00       2.34452
       9780.00       2.36604
       9800.00       2.36121
       9820.00       2.46259
       9840.00       2.45960
       9860.00       2.46532
       9880.00       2.46701
       9900.00       2.46736
       9920.00       2.44908
       9940.00       2.43287
       9960.00       2.47702
       9980.00       2.46478
       10000.0       2.46579
       10020.0       2.49709
       10040.0       2.47371
       10060.0       2.43534
       10080.0       2.49205
       10100.0       2.47797
       10120.0       2.46133
       10140.0       2.49553
       10160.0       2.45619
       10180.0       2.47146
       10200.0       2.48279
       10220.0       2.49085
       10240.0       2.50532
       10260.0       2.45605
       10280.0       2.51162
       10300.0       2.47471
       10320.0       2.49358
       10340.0       2.45875
       10360.0       2.49032
       10380.0       2.52621
       10400.0       2.53532
       10420.0       2.53489
       10440.0       2.54520
       10460.0       2.50437
       10480.0       2.52226
       10500.0       2.53254
       10520.0       2.51706
       10540.0       2.53984
       10560.0       2.55440
       10580.0       2.52088
       10600.0       2.51426
       10620.0       2.54619
