       3160.00     0.0245754
       3170.00     0.0207167
       3180.00     0.0272623
       3190.00     0.0281390
       3200.00     0.0303001
       3210.00     0.0291753
       3220.00     0.0279508
       3230.00     0.0250217
       3240.00     0.0231274
       3250.00     0.0261540
       3260.00     0.0313008
       3270.00     0.0343324
       3280.00     0.0318722
       3290.00     0.0351853
       3300.00     0.0391959
       3310.00     0.0369152
       3320.00     0.0341023
       3330.00     0.0355691
       3340.00     0.0359697
       3350.00     0.0358346
       3360.00     0.0347554
       3370.00     0.0300317
       3380.00     0.0320839
       3390.00     0.0355913
       3400.00     0.0382493
       3410.00     0.0399606
       3420.00     0.0378748
       3430.00     0.0409618
       3440.00     0.0354394
       3450.00     0.0341671
       3460.00     0.0384272
       3470.00     0.0361624
       3480.00     0.0365565
       3490.00     0.0356595
       3500.00     0.0411254
       3510.00     0.0450035
       3520.00     0.0403279
       3530.00     0.0416004
       3540.00     0.0497047
       3550.00     0.0468815
       3560.00     0.0425133
       3570.00     0.0378361
       3580.00     0.0306574
       3590.00     0.0336270
       3600.00     0.0456424
       3610.00     0.0466886
       3620.00     0.0453171
       3630.00     0.0473061
       3640.00     0.0503745
       3650.00     0.0549847
       3660.00     0.0625698
       3670.00     0.0624354
       3680.00     0.0595695
       3690.00     0.0567549
       3700.00     0.0592475
       3710.00     0.0610847
       3720.00     0.0577198
       3730.00     0.0464989
       3740.00     0.0422713
       3750.00     0.0497788
       3760.00     0.0527076
       3770.00     0.0580772
       3780.00     0.0664984
       3790.00     0.0596557
       3800.00     0.0525009
       3810.00     0.0552104
       3820.00     0.0452302
       3830.00     0.0369947
       3840.00     0.0391033
       3850.00     0.0455994
       3860.00     0.0450700
       3870.00     0.0448510
       3880.00     0.0472245
       3890.00     0.0543811
       3900.00     0.0665554
       3910.00     0.0746411
       3920.00     0.0708057
       3930.00     0.0411702
       3940.00     0.0410657
       3950.00     0.0677560
       3960.00     0.0617385
       3970.00     0.0484533
       3980.00     0.0721981
       3990.00     0.0994712
       4000.00      0.107690
       4010.00      0.109400
       4020.00      0.117487
       4030.00      0.115128
       4040.00      0.109407
       4050.00      0.111358
       4060.00      0.109780
       4070.00      0.109478
       4080.00      0.117835
       4090.00      0.125245
       4100.00      0.119035
       4110.00      0.118069
       4120.00      0.123884
       4130.00      0.118907
       4140.00      0.117725
       4150.00      0.111735
       4160.00      0.118495
       4170.00      0.112849
       4180.00      0.114066
       4190.00      0.118499
       4200.00      0.115602
       4210.00      0.122084
       4220.00      0.123456
       4230.00      0.127449
       4240.00      0.137227
       4250.00      0.137122
       4260.00      0.135278
       4270.00      0.135736
       4280.00      0.128217
       4290.00      0.123970
       4300.00      0.108514
       4310.00      0.116182
       4320.00      0.142495
       4330.00      0.155029
       4340.00      0.159884
       4350.00      0.156475
       4360.00      0.167829
       4370.00      0.164236
       4380.00      0.147248
       4390.00      0.146611
       4400.00      0.151329
       4410.00      0.153956
       4420.00      0.161540
       4430.00      0.160369
       4440.00      0.163583
       4450.00      0.163067
       4460.00      0.158726
       4470.00      0.165386
       4480.00      0.176917
       4490.00      0.175816
       4500.00      0.183569
       4510.00      0.192930
       4520.00      0.182903
       4530.00      0.171489
       4540.00      0.174608
       4550.00      0.181610
       4560.00      0.183649
       4570.00      0.188342
       4580.00      0.185793
       4590.00      0.181901
       4600.00      0.186049
       4610.00      0.195288
       4620.00      0.201738
       4630.00      0.197616
       4640.00      0.187525
       4650.00      0.186410
       4660.00      0.189275
       4670.00      0.188615
       4680.00      0.191887
       4690.00      0.193311
       4700.00      0.189832
       4710.00      0.191254
       4720.00      0.201192
       4730.00      0.203843
       4740.00      0.205227
       4750.00      0.208862
       4760.00      0.202503
       4770.00      0.209567
       4780.00      0.221057
       4790.00      0.218580
       4800.00      0.217352
       4810.00      0.223337
       4820.00      0.225728
       4830.00      0.221453
       4840.00      0.218590
       4850.00      0.211102
       4860.00      0.194226
       4870.00      0.194751
       4880.00      0.207039
       4890.00      0.212892
       4900.00      0.219208
       4910.00      0.214827
       4920.00      0.205625
       4930.00      0.206683
       4940.00      0.214755
       4950.00      0.219800
       4960.00      0.215942
       4970.00      0.222935
       4980.00      0.216111
       4990.00      0.212258
       5000.00      0.208156
       5010.00      0.201376
       5020.00      0.202266
       5030.00      0.212569
       5040.00      0.212305
       5050.00      0.213011
       5060.00      0.219362
       5070.00      0.215641
       5080.00      0.209357
       5090.00      0.211129
       5100.00      0.214528
       5110.00      0.216749
       5120.00      0.217514
       5130.00      0.215027
       5140.00      0.215510
       5150.00      0.217789
       5160.00      0.211700
       5170.00      0.196935
       5180.00      0.195763
       5190.00      0.204818
       5200.00      0.212896
       5210.00      0.216245
       5220.00      0.215933
       5230.00      0.216532
       5240.00      0.221117
       5250.00      0.223846
       5260.00      0.211046
       5270.00      0.201407
       5280.00      0.217262
       5290.00      0.233933
       5300.00      0.236312
       5310.00      0.236938
       5320.00      0.235498
       5330.00      0.227138
       5340.00      0.225152
       5350.00      0.236453
       5360.00      0.243243
       5370.00      0.239933
       5380.00      0.239757
       5390.00      0.236342
       5400.00      0.226374
       5410.00      0.228352
       5420.00      0.247751
       5430.00      0.239377
       5440.00      0.244165
       5450.00      0.248329
       5460.00      0.247632
       5470.00      0.247421
       5480.00      0.243107
       5490.00      0.242664
       5500.00      0.249680
       5510.00      0.249707
       5520.00      0.250453
       5530.00      0.247129
       5540.00      0.249310
       5550.00      0.254105
       5560.00      0.253648
       5570.00      0.249867
       5580.00      0.251553
       5590.00      0.248027
       5600.00      0.242386
       5610.00      0.255396
       5620.00      0.252117
       5630.00      0.251904
       5640.00      0.252630
       5650.00      0.249139
       5660.00      0.248232
       5670.00      0.249660
       5680.00      0.253646
       5690.00      0.256456
       5700.00      0.251596
       5710.00      0.249533
       5720.00      0.252335
       5730.00      0.265055
       5740.00      0.258831
       5760.00      0.258851
       5780.00      0.254751
       5800.00      0.255698
       5820.00      0.261866
       5840.00      0.264820
       5860.00      0.259627
       5880.00      0.251319
       5900.00      0.243067
       5920.00      0.256101
       5940.00      0.262366
       5960.00      0.266369
       5980.00      0.266363
       6000.00      0.263270
       6020.00      0.265912
       6040.00      0.267879
       6060.00      0.271143
       6080.00      0.270686
       6100.00      0.271750
       6120.00      0.268917
       6140.00      0.262654
       6160.00      0.259224
       6180.00      0.260098
       6200.00      0.267794
       6220.00      0.266295
       6240.00      0.260353
       6260.00      0.259733
       6280.00      0.263751
       6300.00      0.264383
       6320.00      0.266268
       6340.00      0.268349
       6360.00      0.266674
       6380.00      0.270400
       6400.00      0.272862
       6420.00      0.270982
       6440.00      0.272811
       6460.00      0.272785
       6480.00      0.268677
       6500.00      0.269275
       6520.00      0.276159
       6540.00      0.276731
       6560.00      0.269232
       6580.00      0.268615
       6600.00      0.278825
       6620.00      0.280781
       6640.00      0.282724
       6660.00      0.279293
       6680.00      0.284002
       6700.00      0.281772
       6720.00      0.280146
       6740.00      0.281867
       6760.00      0.283968
       6780.00      0.285862
       6800.00      0.285605
       6820.00      0.288841
       6840.00      0.294380
       6860.00      0.285614
       6880.00      0.277862
       6900.00      0.281083
       6920.00      0.283711
       6940.00      0.279272
       6960.00      0.280750
       6980.00      0.279756
       7000.00      0.277067
       7020.00      0.275524
       7040.00      0.279251
       7060.00      0.280147
       7080.00      0.278234
       7100.00      0.280245
       7120.00      0.277414
       7140.00      0.274599
       7160.00      0.277712
       7180.00      0.266252
       7200.00      0.247505
       7220.00      0.271007
       7240.00      0.272999
       7260.00      0.263865
       7280.00      0.265320
       7300.00      0.265862
       7320.00      0.270738
       7340.00      0.276489
       7360.00      0.276097
       7380.00      0.271405
       7400.00      0.274963
       7420.00      0.273687
       7440.00      0.275263
       7460.00      0.276298
       7480.00      0.273083
       7500.00      0.272178
       7520.00      0.274445
       7540.00      0.273717
       7560.00      0.273868
       7580.00      0.302118
       7600.00      0.256586
       7620.00      0.237509
       7640.00      0.257840
       7660.00      0.259930
       7680.00      0.253224
       7700.00      0.273528
       7720.00      0.272648
       7740.00      0.273311
       7760.00      0.278573
       7780.00      0.271395
       7800.00      0.269851
       7820.00      0.273052
       7840.00      0.268812
       7860.00      0.265435
       7880.00      0.263082
       7900.00      0.259402
       7920.00      0.252566
       7940.00      0.254929
       7960.00      0.255785
       7980.00      0.257796
       8000.00      0.258144
       8020.00      0.252387
       8040.00      0.256202
       8060.00      0.260490
       8080.00      0.259518
       8100.00      0.253814
       8120.00      0.265734
       8140.00      0.262806
       8160.00      0.247732
       8180.00      0.253434
       8200.00      0.269434
       8220.00      0.260570
       8240.00      0.262988
       8260.00      0.274043
       8280.00      0.263475
       8300.00      0.258696
       8320.00      0.252827
       8340.00      0.255076
       8360.00      0.264593
       8380.00      0.260647
       8400.00      0.260971
       8420.00      0.258780
       8440.00      0.267572
       8460.00      0.260997
       8480.00      0.268182
       8500.00      0.263504
       8520.00      0.259780
       8540.00      0.250806
       8560.00      0.251611
       8580.00      0.270761
       8600.00      0.265824
       8620.00      0.271653
       8640.00      0.270259
       8660.00      0.267038
       8680.00      0.259716
       8700.00      0.276302
       8720.00      0.271269
       8740.00      0.277611
       8760.00      0.270332
       8780.00      0.276798
       8800.00      0.272862
       8820.00      0.263693
       8840.00      0.274620
       8860.00      0.271313
       8880.00      0.267126
       8900.00      0.267269
       8920.00      0.269933
       8940.00      0.263262
       8960.00      0.254110
       8980.00      0.255165
       9000.00      0.240486
       9020.00      0.268994
       9040.00      0.294302
       9060.00      0.289417
       9080.00      0.246964
       9100.00      0.252963
       9120.00      0.245445
       9140.00      0.233908
       9160.00      0.236141
       9180.00      0.247876
       9200.00      0.263587
       9220.00      0.256845
       9240.00      0.248701
       9260.00      0.247449
       9280.00      0.276141
       9300.00      0.255062
       9320.00      0.209943
       9340.00      0.205811
       9360.00      0.184593
       9380.00      0.236808
       9400.00      0.282468
       9420.00      0.253779
       9440.00      0.237545
       9460.00      0.236624
       9480.00      0.235566
       9500.00      0.243565
       9520.00      0.270569
       9540.00      0.261820
       9560.00      0.263486
       9580.00      0.236422
       9600.00      0.235102
       9620.00      0.241902
       9640.00      0.240577
       9660.00      0.245146
       9680.00      0.253523
       9700.00      0.257365
       9720.00      0.251935
       9740.00      0.234575
       9760.00      0.233010
       9780.00      0.230505
       9800.00      0.224904
       9820.00      0.238323
       9840.00      0.238511
       9860.00      0.231721
       9880.00      0.238750
       9900.00      0.239203
       9920.00      0.240188
       9940.00      0.241568
       9960.00      0.236965
       9980.00      0.240997
       10000.0      0.233636
       10020.0      0.231849
       10040.0      0.232046
       10060.0      0.229349
       10080.0      0.225088
       10100.0      0.231323
       10120.0      0.226682
       10140.0      0.225061
       10160.0      0.225660
       10180.0      0.226646
       10200.0      0.223478
       10220.0      0.220969
       10240.0      0.226739
       10260.0      0.224621
       10280.0      0.227658
       10300.0      0.226959
       10320.0      0.224853
       10340.0      0.228768
       10360.0      0.225262
       10380.0      0.233112
       10400.0      0.225032
       10420.0      0.235900
       10440.0      0.235194
       10460.0      0.233986
       10480.0      0.239472
       10500.0      0.237126
       10520.0      0.235669
       10540.0      0.234343
       10560.0      0.235779
       10580.0      0.226830
       10600.0      0.228025
       10620.0      0.233575
