       3160.00       4.78068
       3170.00       4.62221
       3180.00       4.78215
       3190.00       4.52618
       3200.00       4.73207
       3210.00       4.83741
       3220.00       4.91096
       3230.00       4.68191
       3240.00       4.92810
       3250.00       4.71137
       3260.00       4.62652
       3270.00       4.67779
       3280.00       4.60239
       3290.00       4.54844
       3300.00       4.62513
       3310.00       4.62597
       3320.00       4.52412
       3330.00       4.57343
       3340.00       4.52705
       3350.00       4.61929
       3360.00       4.52795
       3370.00       4.52377
       3380.00       4.45963
       3390.00       4.54309
       3400.00       4.50614
       3410.00       4.43804
       3420.00       4.45763
       3430.00       4.36019
       3440.00       4.33974
       3450.00       4.37689
       3460.00       4.36811
       3470.00       4.38120
       3480.00       4.30715
       3490.00       4.27438
       3500.00       4.28699
       3510.00       4.30779
       3520.00       4.32214
       3530.00       4.27139
       3540.00       4.40535
       3550.00       4.31386
       3560.00       4.33053
       3570.00       4.29031
       3580.00       4.29078
       3590.00       4.22172
       3600.00       4.28860
       3610.00       4.24956
       3620.00       4.28953
       3630.00       4.24948
       3640.00       4.21576
       3650.00       4.20482
       3660.00       4.18968
       3670.00       4.15520
       3680.00       4.11969
       3690.00       4.12724
       3700.00       4.18474
       3710.00       4.18547
       3720.00       4.33534
       3730.00       4.40137
       3740.00       4.66425
       3750.00       4.86513
       3760.00       5.19412
       3770.00       5.23649
       3780.00       5.94767
       3790.00       5.94961
       3800.00       5.40448
       3810.00       6.55584
       3820.00       7.11030
       3830.00       5.65768
       3840.00       5.46481
       3850.00       7.13592
       3860.00       7.75240
       3870.00       7.54813
       3880.00       6.20785
       3890.00       5.19294
       3900.00       6.21601
       3910.00       7.37403
       3920.00       7.73037
       3930.00       7.67668
       3940.00       7.73637
       3950.00       7.58705
       3960.00       6.24562
       3970.00       5.17810
       3980.00       6.21983
       3990.00       7.68969
       4000.00       8.02140
       4010.00       8.02362
       4020.00       7.83738
       4030.00       7.95616
       4040.00       8.07986
       4050.00       7.99939
       4060.00       7.95774
       4070.00       7.79584
       4080.00       7.49822
       4090.00       6.46114
       4100.00       5.30793
       4110.00       6.01225
       4120.00       7.25236
       4130.00       7.55311
       4140.00       7.49719
       4150.00       7.53818
       4160.00       7.58433
       4170.00       7.52874
       4180.00       7.54271
       4190.00       7.55662
       4200.00       7.51210
       4210.00       7.43075
       4220.00       7.49234
       4230.00       7.26919
       4240.00       7.33088
       4250.00       7.29790
       4260.00       7.28600
       4270.00       7.21675
       4280.00       7.18427
       4290.00       7.05846
       4300.00       6.99022
       4310.00       6.89129
       4320.00       6.50398
       4330.00       5.30540
       4340.00       4.63859
       4350.00       5.72664
       4360.00       6.69983
       4370.00       6.83746
       4380.00       6.72520
       4390.00       6.66927
       4400.00       6.70982
       4410.00       6.70976
       4420.00       6.70466
       4430.00       6.64929
       4440.00       6.54900
       4450.00       6.50424
       4460.00       6.41972
       4470.00       6.16609
       4480.00       6.17222
       4490.00       6.30238
       4500.00       6.27848
       4510.00       6.28432
       4520.00       6.26055
       4530.00       6.18279
       4540.00       6.17408
       4550.00       6.06747
       4560.00       6.10791
       4570.00       6.08967
       4580.00       6.04718
       4590.00       6.03401
       4600.00       5.98698
       4610.00       5.97400
       4620.00       6.01894
       4630.00       5.98188
       4640.00       5.95458
       4650.00       5.93698
       4660.00       5.90034
       4670.00       5.91156
       4680.00       5.90845
       4690.00       5.87210
       4700.00       5.83116
       4710.00       5.78093
       4720.00       5.79701
       4730.00       5.86483
       4740.00       5.87597
       4750.00       5.82607
       4760.00       5.72957
       4770.00       5.66617
       4780.00       5.68695
       4790.00       5.65647
       4800.00       5.57042
       4810.00       5.55883
       4820.00       5.51956
       4830.00       5.39281
       4840.00       5.11465
       4850.00       4.27670
       4860.00       3.70169
       4870.00       4.23031
       4880.00       5.02707
       4890.00       5.21728
       4900.00       5.31577
       4910.00       5.27771
       4920.00       5.14924
       4930.00       5.18399
       4940.00       5.27273
       4950.00       5.24407
       4960.00       5.17060
       4970.00       5.18262
       4980.00       5.18563
       4990.00       5.18417
       5000.00       5.14261
       5010.00       5.04784
       5020.00       5.07773
       5030.00       5.01891
       5040.00       4.98243
       5050.00       4.90638
       5060.00       4.87907
       5070.00       4.87384
       5080.00       4.84670
       5090.00       4.78027
       5100.00       4.75342
       5110.00       4.80953
       5120.00       4.79143
       5130.00       4.80380
       5140.00       4.86815
       5150.00       4.81976
       5160.00       4.74133
       5170.00       4.74509
       5180.00       4.71012
       5190.00       4.63235
       5200.00       4.66629
       5210.00       4.59319
       5220.00       4.54597
       5230.00       4.52450
       5240.00       4.44783
       5250.00       4.42662
       5260.00       4.45210
       5270.00       4.43519
       5280.00       4.36349
       5290.00       4.38894
       5300.00       4.40588
       5310.00       4.33884
       5320.00       4.26367
       5330.00       4.25149
       5340.00       4.27274
       5350.00       4.18562
       5360.00       4.20691
       5370.00       4.17418
       5380.00       4.18713
       5390.00       4.17523
       5400.00       4.11757
       5410.00       4.10913
       5420.00       4.13978
       5430.00       4.08866
       5440.00       4.13276
       5450.00       4.07938
       5460.00       4.04906
       5470.00       4.06202
       5480.00       4.03957
       5490.00       4.01557
       5500.00       4.03095
       5510.00       3.95692
       5520.00       3.97397
       5530.00       3.94623
       5540.00       3.97209
       5550.00       3.94486
       5560.00       3.89047
       5570.00       3.91029
       5580.00       3.89210
       5590.00       3.84767
       5600.00       3.81255
       5610.00       3.85421
       5620.00       3.86757
       5630.00       3.82073
       5640.00       3.85662
       5650.00       3.76856
       5660.00       3.79103
       5670.00       3.76234
       5680.00       3.73845
       5690.00       3.80942
       5700.00       3.71517
       5710.00       3.70906
       5720.00       3.68621
       5730.00       3.76494
       5740.00       3.65435
       5760.00       3.60684
       5780.00       3.60978
       5800.00       3.60694
       5820.00       3.58765
       5840.00       3.54446
       5860.00       3.43617
       5880.00       3.42031
       5900.00       3.33621
       5920.00       3.39306
       5940.00       3.38876
       5960.00       3.34748
       5980.00       3.33256
       6000.00       3.29954
       6020.00       3.28858
       6040.00       3.27253
       6060.00       3.25106
       6080.00       3.31586
       6100.00       3.33056
       6120.00       3.26106
       6140.00       3.20253
       6160.00       3.18707
       6180.00       3.15008
       6200.00       3.15932
       6220.00       3.11800
       6240.00       3.10086
       6260.00       3.04184
       6280.00       3.06089
       6300.00       3.11236
       6320.00       3.05104
       6340.00       3.06672
       6360.00       3.01258
       6380.00       3.01885
       6400.00       3.00245
       6420.00       2.94729
       6440.00       2.96097
       6460.00       2.92800
       6480.00       2.89765
       6500.00       2.88359
       6520.00       2.86005
       6540.00       2.54263
       6560.00       2.48189
       6580.00       2.70834
       6600.00       2.81053
       6620.00       2.76434
       6640.00       2.77212
       6660.00       2.71696
       6680.00       2.73818
       6700.00       2.68477
       6720.00       2.67081
       6740.00       2.65991
       6760.00       2.62271
       6780.00       2.59131
       6800.00       2.62793
       6820.00       2.61238
       6840.00       2.61679
       6860.00       2.47047
       6880.00       2.45552
       6900.00       2.48876
       6920.00       2.51184
       6940.00       2.46094
       6960.00       2.43530
       6980.00       2.38937
       7000.00       2.40101
       7020.00       2.40464
       7040.00       2.37597
       7060.00       2.36104
       7080.00       2.36695
       7100.00       2.35683
       7120.00       2.30984
       7140.00       2.24876
       7160.00       2.27111
       7180.00       2.23934
       7200.00       2.23126
       7220.00       2.20440
       7240.00       2.15461
       7260.00       2.15758
       7280.00       2.15349
       7300.00       2.16010
       7320.00       2.15024
       7340.00       2.10462
       7360.00       2.09920
       7380.00       2.10679
       7400.00       2.10351
       7420.00       2.08343
       7440.00       2.07483
       7460.00       2.06867
       7480.00       2.05331
       7500.00       2.00981
       7520.00       2.09602
       7540.00       2.11676
       7560.00       2.07992
       7580.00       1.80781
       7600.00       1.55561
       7620.00       1.96997
       7640.00       1.96306
       7660.00       1.93641
       7680.00       1.78253
       7700.00       1.84070
       7720.00       1.85180
       7740.00       1.86515
       7760.00       1.85030
       7780.00       1.86015
       7800.00       1.87852
       7820.00       1.83923
       7840.00       1.81522
       7860.00       1.77460
       7880.00       1.79158
       7900.00       1.80171
       7920.00       1.79829
       7940.00       1.76962
       7960.00       1.77442
       7980.00       1.76941
       8000.00       1.75635
       8020.00       1.73419
       8040.00       1.69496
       8060.00       1.67251
       8080.00       1.68739
       8100.00       1.65104
       8120.00       1.71915
       8140.00       1.65169
       8160.00       1.62252
       8180.00       1.66186
       8200.00       1.69042
       8220.00       1.63182
       8240.00       1.70871
       8260.00       1.63039
       8280.00       1.60116
       8300.00       1.57985
       8320.00       1.65747
       8340.00       1.62571
       8360.00       1.58797
       8380.00       1.59800
       8400.00       1.58651
       8420.00       1.50732
       8440.00       1.55549
       8460.00       1.59738
       8480.00       1.54894
       8500.00       1.59248
       8520.00       1.53147
       8540.00       1.58737
       8560.00       1.49542
       8580.00       1.45168
       8600.00       1.58614
       8620.00       1.67293
       8640.00       1.52284
       8660.00       1.52704
       8680.00       1.67087
       8700.00       1.63527
       8720.00       1.60086
       8740.00       1.43505
       8760.00       1.52182
       8780.00       1.61174
       8800.00       1.55339
       8820.00       1.61454
       8840.00       1.47301
       8860.00       1.34721
       8880.00       1.45634
       8900.00       1.57524
       8920.00       1.55497
       8940.00       1.51610
       8960.00       1.42419
       8980.00       1.32028
       9000.00       1.22673
       9020.00       1.36061
       9040.00       1.52891
       9060.00       1.43306
       9080.00       1.40463
       9100.00       1.45786
       9120.00       1.49937
       9140.00       1.38858
       9160.00       1.34031
       9180.00       1.44491
       9200.00       1.20587
       9220.00       1.21389
       9240.00       1.27468
       9260.00       1.32631
       9280.00       1.34578
       9300.00       1.18284
       9320.00       1.15736
       9340.00       1.24839
       9360.00       1.24620
       9380.00       1.31600
       9400.00       1.36985
       9420.00       1.17700
       9440.00       1.16200
       9460.00       1.28461
       9480.00       1.18013
       9500.00       1.05076
       9520.00       1.06236
       9540.00       1.00384
       9560.00       1.16326
       9580.00       1.20758
       9600.00       1.23710
       9620.00       1.20488
       9640.00       1.21601
       9660.00       1.25525
       9680.00       1.35854
       9700.00       1.26064
       9720.00       1.27317
       9740.00       1.26278
       9760.00       1.23006
       9780.00       1.27584
       9800.00       1.19434
       9820.00       1.19599
       9840.00       1.23523
       9860.00       1.18504
       9880.00       1.15829
       9900.00       1.20704
       9920.00       1.24009
       9940.00       1.19837
       9960.00       1.16263
       9980.00       1.12971
       10000.0       1.06194
       10020.0      0.990444
       10040.0       1.01355
       10060.0       1.05362
       10080.0       1.07584
       10100.0      0.981275
       10120.0       1.09273
       10140.0       1.11167
       10160.0       1.14040
       10180.0       1.09351
       10200.0       1.05335
       10220.0       1.00507
       10240.0      0.980045
       10260.0       1.02070
       10280.0       1.12449
       10300.0       1.10154
       10320.0      0.974391
       10340.0      0.996641
       10360.0       1.03020
       10380.0      0.925183
       10400.0      0.967752
       10420.0      0.995404
       10440.0      0.980905
       10460.0       1.03867
       10480.0      0.998423
       10500.0      0.946864
       10520.0      0.934474
       10540.0      0.875834
       10560.0      0.951823
       10580.0      0.868943
       10600.0      0.985858
       10620.0      0.878048
