       3160.00      0.360512
       3170.00      0.372821
       3180.00      0.314910
       3190.00      0.169482
       3200.00      0.343962
       3210.00      0.305600
       3220.00      0.244628
       3230.00      0.115282
       3240.00      0.263122
       3250.00      0.309924
       3260.00      0.329392
       3270.00      0.359098
       3280.00      0.352129
       3290.00      0.413710
       3300.00      0.447491
       3310.00      0.412621
       3320.00      0.397836
       3330.00      0.407863
       3340.00      0.407342
       3350.00      0.431225
       3360.00      0.400399
       3370.00      0.377032
       3380.00      0.389046
       3390.00      0.467648
       3400.00      0.503712
       3410.00      0.533229
       3420.00      0.514937
       3430.00      0.539653
       3440.00      0.446932
       3450.00      0.432435
       3460.00      0.479957
       3470.00      0.482445
       3480.00      0.499683
       3490.00      0.498419
       3500.00      0.551048
       3510.00      0.572103
       3520.00      0.505617
       3530.00      0.526516
       3540.00      0.596121
       3550.00      0.564012
       3560.00      0.487634
       3570.00      0.400562
       3580.00      0.319033
       3590.00      0.388734
       3600.00      0.531362
       3610.00      0.564666
       3620.00      0.656501
       3630.00      0.743486
       3640.00      0.779462
       3650.00      0.883071
       3660.00       1.01706
       3670.00       1.10578
       3680.00      0.937754
       3690.00      0.936004
       3700.00      0.922585
       3710.00      0.862494
       3720.00      0.776355
       3730.00      0.560433
       3740.00      0.481495
       3750.00      0.559001
       3760.00      0.642927
       3770.00      0.813453
       3780.00      0.946776
       3790.00      0.807774
       3800.00      0.715603
       3810.00      0.695027
       3820.00      0.521396
       3830.00      0.416668
       3840.00      0.502106
       3850.00      0.512328
       3860.00      0.504496
       3870.00      0.517375
       3880.00      0.644563
       3890.00      0.931561
       3900.00       1.08713
       3910.00       1.16783
       3920.00       1.02587
       3930.00      0.642455
       3940.00      0.688248
       3950.00       1.13649
       3960.00       1.00504
       3970.00      0.888962
       3980.00       1.43719
       3990.00       2.05029
       4000.00       2.39697
       4010.00       2.59194
       4020.00       2.71186
       4030.00       2.43853
       4040.00       2.37468
       4050.00       2.42649
       4060.00       2.37593
       4070.00       2.27540
       4080.00       2.68772
       4090.00       2.83534
       4100.00       2.70879
       4110.00       2.58997
       4120.00       2.49297
       4130.00       2.37666
       4140.00       2.09448
       4150.00       2.00641
       4160.00       2.19810
       4170.00       2.17323
       4180.00       2.27838
       4190.00       2.42206
       4200.00       2.61232
       4210.00       2.98753
       4220.00       2.85316
       4230.00       2.98169
       4240.00       3.61641
       4250.00       3.61890
       4260.00       3.58847
       4270.00       3.53767
       4280.00       3.43800
       4290.00       3.34152
       4300.00       2.82995
       4310.00       3.43304
       4320.00       4.47938
       4330.00       4.65109
       4340.00       4.97135
       4350.00       5.04180
       4360.00       5.34764
       4370.00       5.19777
       4380.00       4.37269
       4390.00       4.41062
       4400.00       4.70847
       4410.00       4.78519
       4420.00       5.23938
       4430.00       5.36727
       4440.00       5.59848
       4450.00       5.55047
       4460.00       5.20548
       4470.00       5.75424
       4480.00       6.19888
       4490.00       5.96919
       4500.00       6.37635
       4510.00       6.61079
       4520.00       6.21378
       4530.00       5.95387
       4540.00       6.19927
       4550.00       6.59503
       4560.00       6.97112
       4570.00       7.01208
       4580.00       6.93175
       4590.00       6.92683
       4600.00       7.09837
       4610.00       7.69982
       4620.00       8.01050
       4630.00       7.70061
       4640.00       6.94279
       4650.00       6.79978
       4660.00       6.99820
       4670.00       6.81067
       4680.00       7.23156
       4690.00       7.12401
       4700.00       6.98834
       4710.00       7.35286
       4720.00       7.78140
       4730.00       7.66125
       4740.00       8.00111
       4750.00       8.16128
       4760.00       7.86812
       4770.00       8.19561
       4780.00       8.16503
       4790.00       8.36253
       4800.00       8.71979
       4810.00       8.47708
       4820.00       8.59154
       4830.00       8.26305
       4840.00       8.55362
       4850.00       8.24222
       4860.00       7.80715
       4870.00       7.90982
       4880.00       8.00011
       4890.00       8.28347
       4900.00       8.80043
       4910.00       8.42098
       4920.00       8.29586
       4930.00       8.56092
       4940.00       8.82373
       4950.00       9.09137
       4960.00       9.08835
       4970.00       8.66238
       4980.00       8.56525
       4990.00       8.28831
       5000.00       8.26122
       5010.00       7.91373
       5020.00       8.07128
       5030.00       8.43600
       5040.00       8.40420
       5050.00       8.51590
       5060.00       8.61678
       5070.00       8.25657
       5080.00       7.95986
       5090.00       8.07959
       5100.00       7.85308
       5110.00       8.04225
       5120.00       8.03339
       5130.00       7.63642
       5140.00       7.86353
       5150.00       7.67026
       5160.00       7.19143
       5170.00       6.63426
       5180.00       7.30795
       5190.00       8.16243
       5200.00       8.17143
       5210.00       8.25886
       5220.00       8.84933
       5230.00       9.17739
       5240.00       9.50198
       5250.00       9.48833
       5260.00       8.54003
       5270.00       8.38643
       5280.00       9.91438
       5290.00       9.98946
       5300.00       10.3254
       5310.00       10.7205
       5320.00       10.3337
       5330.00       10.0120
       5340.00       10.4000
       5350.00       10.9907
       5360.00       11.2316
       5370.00       10.5507
       5380.00       10.6277
       5390.00       10.2765
       5400.00       9.53619
       5410.00       10.0410
       5420.00       10.4469
       5430.00       10.3104
       5440.00       10.4804
       5450.00       10.3605
       5460.00       10.5062
       5470.00       10.2479
       5480.00       10.4551
       5490.00       10.8168
       5500.00       10.7865
       5510.00       10.5974
       5520.00       10.7791
       5530.00       10.8336
       5540.00       11.0248
       5550.00       11.4573
       5560.00       11.2687
       5570.00       11.1751
       5580.00       10.7783
       5590.00       10.6024
       5600.00       10.8650
       5610.00       10.9809
       5620.00       11.0965
       5630.00       10.8278
       5640.00       11.2745
       5650.00       11.5336
       5660.00       11.5545
       5670.00       11.5959
       5680.00       11.7502
       5690.00       12.0580
       5700.00       11.7193
       5710.00       11.1874
       5720.00       11.7497
       5730.00       12.3916
       5740.00       12.0038
       5760.00       12.0331
       5780.00       11.7793
       5800.00       12.3226
       5820.00       12.7518
       5840.00       13.0381
       5860.00       12.3160
       5880.00       11.0626
       5900.00       11.3319
       5920.00       12.7435
       5940.00       12.9464
       5960.00       13.1087
       5980.00       13.0453
       6000.00       12.9142
       6020.00       13.3369
       6040.00       13.8051
       6060.00       13.8656
       6080.00       13.5606
       6100.00       13.4970
       6120.00       13.4625
       6140.00       12.5722
       6160.00       12.8537
       6180.00       12.9822
       6200.00       13.1757
       6220.00       12.6922
       6240.00       12.3240
       6260.00       12.5085
       6280.00       12.9614
       6300.00       13.0500
       6320.00       12.9625
       6340.00       12.6730
       6360.00       13.0004
       6380.00       13.3165
       6400.00       13.2841
       6420.00       13.4973
       6440.00       13.4192
       6460.00       13.5765
       6480.00       13.3093
       6500.00       12.9899
       6520.00       13.5948
       6540.00       13.4015
       6560.00       13.9214
       6580.00       14.2784
       6600.00       14.2705
       6620.00       14.1921
       6640.00       14.0438
       6660.00       13.9754
       6680.00       14.0559
       6700.00       13.9355
       6720.00       14.0331
       6740.00       14.1300
       6760.00       14.1055
       6780.00       14.3050
       6800.00       14.1599
       6820.00       14.3153
       6840.00       14.4186
       6860.00       13.7211
       6880.00       13.9104
       6900.00       14.2847
       6920.00       14.4460
       6940.00       13.9668
       6960.00       13.7086
       6980.00       13.5605
       7000.00       13.5802
       7020.00       13.7245
       7040.00       13.9592
       7060.00       13.8039
       7080.00       13.5669
       7100.00       13.2656
       7120.00       13.0233
       7140.00       13.0849
       7160.00       12.9750
       7180.00       12.9388
       7200.00       13.1867
       7220.00       12.8995
       7240.00       12.8477
       7260.00       12.5952
       7280.00       12.9135
       7300.00       13.1341
       7320.00       13.1859
       7340.00       13.0068
       7360.00       13.1222
       7380.00       13.3161
       7400.00       13.1933
       7420.00       13.1027
       7440.00       13.2480
       7460.00       13.1811
       7480.00       13.0912
       7500.00       13.3444
       7520.00       13.6428
       7540.00       14.0170
       7560.00       14.2735
       7580.00       12.0249
       7600.00       10.7256
       7620.00       13.7166
       7640.00       13.8794
       7660.00       13.6907
       7680.00       12.9176
       7700.00       13.1267
       7720.00       13.6146
       7740.00       13.9868
       7760.00       14.0260
       7780.00       13.7122
       7800.00       13.9091
       7820.00       14.0005
       7840.00       13.7935
       7860.00       13.7435
       7880.00       13.1010
       7900.00       12.9496
       7920.00       12.9464
       7940.00       12.7446
       7960.00       13.4902
       7980.00       13.8296
       8000.00       14.5176
       8020.00       14.3794
       8040.00       14.2928
       8060.00       13.9531
       8080.00       13.4127
       8100.00       13.2210
       8120.00       13.5336
       8140.00       13.4932
       8160.00       13.2812
       8180.00       13.5057
       8200.00       13.9000
       8220.00       14.2853
       8240.00       13.9672
       8260.00       14.2515
       8280.00       13.8010
       8300.00       13.1557
       8320.00       13.4118
       8340.00       13.3866
       8360.00       14.3744
       8380.00       14.5770
       8400.00       14.4032
       8420.00       14.2719
       8440.00       14.3972
       8460.00       14.4874
       8480.00       14.2949
       8500.00       13.7598
       8520.00       13.3231
       8540.00       13.5176
       8560.00       14.6729
       8580.00       14.7952
       8600.00       14.7269
       8620.00       14.7672
       8640.00       14.2194
       8660.00       13.4786
       8680.00       14.3557
       8700.00       14.7321
       8720.00       15.5153
       8740.00       15.2927
       8760.00       15.2044
       8780.00       15.1964
       8800.00       14.9960
       8820.00       15.1805
       8840.00       15.2056
       8860.00       15.1185
       8880.00       15.2686
       8900.00       15.1621
       8920.00       14.8728
       8940.00       14.5325
       8960.00       14.2003
       8980.00       14.2207
       9000.00       14.2864
       9020.00       14.6302
       9040.00       15.2502
       9060.00       14.3658
       9080.00       14.3856
       9100.00       14.5658
       9120.00       14.0921
       9140.00       13.2435
       9160.00       12.8512
       9180.00       12.7660
       9200.00       13.2714
       9220.00       13.3186
       9240.00       13.4161
       9260.00       12.9268
       9280.00       13.0311
       9300.00       12.3187
       9320.00       11.5154
       9340.00       12.6661
       9360.00       12.6078
       9380.00       12.3070
       9400.00       12.4051
       9420.00       10.9654
       9440.00       11.3938
       9460.00       12.1783
       9480.00       12.6515
       9500.00       12.2438
       9520.00       12.9786
       9540.00       13.0065
       9560.00       12.7594
       9580.00       12.9095
       9600.00       13.0773
       9620.00       13.2443
       9640.00       13.1017
       9660.00       13.5098
       9680.00       13.5362
       9700.00       13.2193
       9720.00       13.0059
       9740.00       13.1051
       9760.00       13.4731
       9780.00       13.5291
       9800.00       14.1331
       9820.00       14.1876
       9840.00       14.3961
       9860.00       14.1892
       9880.00       14.1546
       9900.00       13.9963
       9920.00       14.2094
       9940.00       13.8518
       9960.00       14.0878
       9980.00       14.3872
       10000.0       14.1950
       10020.0       14.3939
       10040.0       14.1559
       10060.0       13.8433
       10080.0       14.0302
       10100.0       13.5803
       10120.0       13.5881
       10140.0       13.5325
       10160.0       14.0749
       10180.0       14.0013
       10200.0       13.7678
       10220.0       13.8037
       10240.0       13.7368
       10260.0       13.9661
       10280.0       13.5414
       10300.0       13.3960
       10320.0       13.3248
       10340.0       13.3273
       10360.0       13.3466
       10380.0       13.5009
       10400.0       13.1998
       10420.0       13.4547
       10440.0       13.4177
       10460.0       12.9511
       10480.0       12.8706
       10500.0       12.7293
       10520.0       13.2491
       10540.0       13.0467
       10560.0       12.8782
       10580.0       12.6883
       10600.0       12.8296
       10620.0       12.8494
