       3160.00     0.0384030
       3170.00     0.0288264
       3180.00     0.0233209
       3190.00     0.0282201
       3200.00     0.0352468
       3210.00     0.0257680
       3220.00     0.0275328
       3230.00     0.0126815
       3240.00     0.0104575
       3250.00    0.00947786
       3260.00     0.0191742
       3270.00     0.0140170
       3280.00     0.0103828
       3290.00     0.0108524
       3300.00     0.0164267
       3310.00     0.0140100
       3320.00     0.0170962
       3330.00     0.0143062
       3340.00     0.0180576
       3350.00     0.0151835
       3360.00     0.0166188
       3370.00     0.0171615
       3380.00     0.0189356
       3390.00     0.0231179
       3400.00     0.0225274
       3410.00     0.0239334
       3420.00     0.0226967
       3430.00     0.0308115
       3440.00     0.0273054
       3450.00     0.0355447
       3460.00     0.0365478
       3470.00     0.0421137
       3480.00     0.0415476
       3490.00     0.0407759
       3500.00     0.0388633
       3510.00     0.0408810
       3520.00     0.0393414
       3530.00     0.0513860
       3540.00     0.0748153
       3550.00     0.0756824
       3560.00     0.0808696
       3570.00     0.0706648
       3580.00     0.0533913
       3590.00     0.0653986
       3600.00     0.0736443
       3610.00     0.0876740
       3620.00      0.110586
       3630.00      0.121651
       3640.00      0.122293
       3650.00      0.136759
       3660.00      0.168273
       3670.00      0.175709
       3680.00      0.157926
       3690.00      0.144215
       3700.00      0.159017
       3710.00      0.163230
       3720.00      0.161714
       3730.00      0.138418
       3740.00      0.137926
       3750.00      0.182310
       3760.00      0.227087
       3770.00      0.284194
       3780.00      0.306821
       3790.00      0.284136
       3800.00      0.292259
       3810.00      0.265906
       3820.00      0.194972
       3830.00      0.197389
       3840.00      0.254338
       3850.00      0.240426
       3860.00      0.232014
       3870.00      0.255192
       3880.00      0.284355
       3890.00      0.295334
       3900.00      0.333589
       3910.00      0.349979
       3920.00      0.294933
       3930.00      0.172708
       3940.00      0.178073
       3950.00      0.297076
       3960.00      0.258365
       3970.00      0.221524
       3980.00      0.408376
       3990.00      0.543213
       4000.00      0.611779
       4010.00      0.667507
       4020.00      0.670379
       4030.00      0.691549
       4040.00      0.682846
       4050.00      0.725251
       4060.00      0.746802
       4070.00      0.738028
       4080.00      0.737112
       4090.00      0.746893
       4100.00      0.756182
       4110.00      0.747914
       4120.00      0.689931
       4130.00      0.635759
       4140.00      0.649628
       4150.00      0.745535
       4160.00      0.802436
       4170.00      0.650198
       4180.00      0.574536
       4190.00      0.608825
       4200.00      0.591323
       4210.00      0.454233
       4220.00      0.245469
       4230.00      0.236489
       4240.00      0.457680
       4250.00      0.496047
       4260.00      0.477987
       4270.00      0.440596
       4280.00      0.400187
       4290.00      0.437693
       4300.00      0.434344
       4310.00      0.369287
       4320.00      0.368643
       4330.00      0.426706
       4340.00      0.446925
       4350.00      0.382228
       4360.00      0.361500
       4370.00      0.425510
       4380.00      0.469884
       4390.00      0.462380
       4400.00      0.419710
       4410.00      0.463175
       4420.00      0.371846
       4430.00      0.261802
       4440.00      0.298353
       4450.00      0.354598
       4460.00      0.290274
       4470.00      0.225014
       4480.00      0.289791
       4490.00      0.336627
       4500.00      0.321302
       4510.00      0.297964
       4520.00      0.336408
       4530.00      0.392984
       4540.00      0.399142
       4550.00      0.385049
       4560.00      0.419568
       4570.00      0.501184
       4580.00      0.386108
       4590.00      0.202061
       4600.00      0.215288
       4610.00      0.315414
       4620.00      0.323210
       4630.00      0.226487
       4640.00      0.219912
       4650.00      0.282136
       4660.00      0.322587
       4670.00      0.304923
       4680.00      0.312253
       4690.00      0.391621
       4700.00      0.461153
       4710.00      0.469459
       4720.00      0.471552
       4730.00      0.513316
       4740.00      0.568934
       4750.00      0.634292
       4760.00      0.394858
       4770.00      0.153792
       4780.00      0.203369
       4790.00      0.275982
       4800.00      0.290781
       4810.00      0.242445
       4820.00      0.254417
       4830.00      0.334434
       4840.00      0.382684
       4850.00      0.363486
       4860.00      0.381109
       4870.00      0.459086
       4880.00      0.571281
       4890.00      0.640539
       4900.00      0.728293
       4910.00      0.868943
       4920.00       1.05717
       4930.00       1.27401
       4940.00       1.53756
       4950.00       1.18917
       4960.00      0.424673
       4970.00      0.162525
       4980.00      0.231242
       4990.00      0.288838
       5000.00      0.303748
       5010.00      0.296050
       5020.00      0.366059
       5030.00      0.474550
       5040.00      0.623283
       5050.00      0.703232
       5060.00      0.785027
       5070.00      0.946823
       5080.00       1.10655
       5090.00       1.22680
       5100.00       1.25995
       5110.00       1.37515
       5120.00       1.65700
       5130.00       1.82390
       5140.00       1.91784
       5150.00       2.02911
       5160.00       1.99339
       5170.00      0.974855
       5180.00      0.278947
       5190.00      0.406029
       5200.00      0.495303
       5210.00      0.574442
       5220.00      0.707034
       5230.00      0.807589
       5240.00      0.833344
       5250.00      0.915401
       5260.00       1.02105
       5270.00       1.01894
       5280.00       1.13400
       5290.00       1.29667
       5300.00       1.47334
       5310.00       1.44912
       5320.00       1.39725
       5330.00       1.43992
       5340.00       1.52424
       5350.00       1.75060
       5360.00       1.68173
       5370.00       1.50673
       5380.00       1.65888
       5390.00       1.79339
       5400.00       1.93179
       5410.00       1.94843
       5420.00       1.92971
       5430.00       2.02514
       5440.00       2.16545
       5450.00       1.57171
       5460.00      0.904055
       5470.00      0.907399
       5480.00       1.01647
       5490.00       1.16297
       5500.00       1.19531
       5510.00       1.18008
       5520.00       1.35686
       5530.00       1.46413
       5540.00       1.61985
       5550.00       1.76139
       5560.00       1.79919
       5570.00       1.64057
       5580.00       1.47746
       5590.00       1.44059
       5600.00       1.28850
       5610.00       1.15141
       5620.00       1.12197
       5630.00       1.05266
       5640.00       1.23817
       5650.00       1.27307
       5660.00       1.49907
       5670.00       1.48293
       5680.00       1.59532
       5690.00       1.63959
       5700.00       1.93721
       5710.00       2.07741
       5720.00       2.12953
       5730.00       2.17987
       5740.00       2.09989
       5760.00       2.18592
       5780.00       2.52197
       5800.00       2.76303
       5820.00       2.54847
       5840.00       1.88765
       5860.00       1.17630
       5880.00      0.982492
       5900.00      0.946733
       5920.00       1.17269
       5940.00       1.41905
       5960.00       1.62646
       5980.00       1.94401
       6000.00       2.28221
       6020.00       2.61363
       6040.00       2.92928
       6060.00       3.17369
       6080.00       3.35055
       6100.00       3.64127
       6120.00       3.97027
       6140.00       3.23027
       6160.00       2.05137
       6180.00       1.42792
       6200.00       1.47533
       6220.00       1.53211
       6240.00       1.77394
       6260.00       2.26456
       6280.00       2.64034
       6300.00       3.15980
       6320.00       3.57506
       6340.00       3.75059
       6360.00       3.96226
       6380.00       4.58673
       6400.00       4.97383
       6420.00       5.20668
       6440.00       5.84835
       6460.00       6.48462
       6480.00       6.74018
       6500.00       7.16516
       6520.00       8.30018
       6540.00       8.43360
       6560.00       7.59127
       6580.00       7.00189
       6600.00       7.00966
       6620.00       6.61278
       6640.00       5.40189
       6660.00       4.40347
       6680.00       4.00022
       6700.00       3.57898
       6720.00       3.59816
       6740.00       4.04842
       6760.00       4.71839
       6780.00       5.13447
       6800.00       5.74506
       6820.00       6.92381
       6840.00       7.88389
       6860.00       8.30316
       6880.00       9.51849
       6900.00       11.4068
       6920.00       13.1788
       6940.00       14.5192
       6960.00       16.9777
       6980.00       18.4301
       7000.00       19.0282
       7020.00       19.3244
       7040.00       15.6718
       7060.00       9.64230
       7080.00       6.42377
       7100.00       5.95399
       7120.00       5.58922
       7140.00       5.25456
       7160.00       6.73754
       7180.00       7.96609
       7200.00       8.86515
       7220.00       10.1151
       7240.00       12.3648
       7260.00       14.5444
       7280.00       17.3703
       7300.00       21.2290
       7320.00       25.3156
       7340.00       27.5305
       7360.00       30.0923
       7380.00       33.0106
       7400.00       34.3742
       7420.00       35.8777
       7440.00       37.0425
       7460.00       39.3736
       7480.00       43.9088
       7500.00       46.9258
       7520.00       52.5800
       7540.00       58.7841
       7560.00       61.7739
       7580.00       48.1012
       7600.00       29.1061
       7620.00       27.4993
       7640.00       25.6266
       7660.00       23.1096
       7680.00       19.2296
       7700.00       21.2857
       7720.00       24.1809
       7740.00       24.9424
       7760.00       24.7959
       7780.00       27.1445
       7800.00       30.1585
       7820.00       31.1998
       7840.00       30.4579
       7860.00       30.3108
       7880.00       31.0085
       7900.00       30.9992
       7920.00       31.7377
       7940.00       33.5969
       7960.00       35.4010
       7980.00       36.4768
       8000.00       41.0434
       8020.00       47.5184
       8040.00       55.8423
       8060.00       63.9779
       8080.00       72.7159
       8100.00       81.5008
       8120.00       95.2801
       8140.00       106.854
       8160.00       112.208
       8180.00       112.157
       8200.00       90.4841
       8220.00       80.3886
       8240.00       85.6112
       8260.00       81.2677
       8280.00       72.5329
       8300.00       67.9894
       8320.00       68.9101
       8340.00       68.7776
       8360.00       70.6074
       8380.00       69.4930
       8400.00       71.0304
       8420.00       64.9755
       8440.00       48.7160
       8460.00       40.6209
       8480.00       43.5978
       8500.00       45.2209
       8520.00       46.6652
       8540.00       51.1646
       8560.00       52.3223
       8580.00       54.7593
       8600.00       60.6175
       8620.00       66.2687
       8640.00       68.2770
       8660.00       70.6863
       8680.00       76.6846
       8700.00       84.5613
       8720.00       93.3004
       8740.00       100.696
       8760.00       108.995
       8780.00       116.633
       8800.00       125.685
       8820.00       133.044
       8840.00       130.270
       8860.00       101.307
       8880.00       85.8533
       8900.00       96.1120
       8920.00       103.669
       8940.00       101.287
       8960.00       105.748
       8980.00       117.586
       9000.00       121.273
       9020.00       130.195
       9040.00       144.621
       9060.00       148.425
       9080.00       155.423
       9100.00       165.793
       9120.00       171.124
       9140.00       173.840
       9160.00       179.726
       9180.00       185.388
       9200.00       174.092
       9220.00       145.652
       9240.00       140.209
       9260.00       140.398
       9280.00       137.838
       9300.00       118.046
       9320.00       100.979
       9340.00       102.324
       9360.00       91.9434
       9380.00       99.5565
       9400.00       113.011
       9420.00       101.455
       9440.00       105.872
       9460.00       123.176
       9480.00       128.010
       9500.00       136.468
       9520.00       152.546
       9540.00       161.107
       9560.00       166.202
       9580.00       169.469
       9600.00       173.102
       9620.00       182.023
       9640.00       177.109
       9660.00       180.326
       9680.00       191.342
       9700.00       191.229
       9720.00       181.650
       9740.00       169.211
       9760.00       175.398
       9780.00       183.703
       9800.00       188.999
       9820.00       184.532
       9840.00       188.231
       9860.00       197.921
       9880.00       201.577
       9900.00       193.164
       9920.00       193.693
       9940.00       205.035
       9960.00       215.691
       9980.00       216.811
       10000.0       213.007
       10020.0       207.853
       10040.0       204.172
       10060.0       211.012
       10080.0       219.089
       10100.0       222.083
       10120.0       219.123
       10140.0       211.683
       10160.0       215.032
       10180.0       217.742
       10200.0       221.245
       10220.0       225.359
       10240.0       223.762
       10260.0       220.484
       10280.0       221.562
       10300.0       218.301
       10320.0       217.790
       10340.0       223.096
       10360.0       223.017
       10380.0       221.271
       10400.0       227.941
       10420.0       233.536
       10440.0       234.049
       10460.0       224.195
       10480.0       219.681
       10500.0       211.280
       10520.0       204.470
       10540.0       198.204
       10560.0       200.072
       10580.0       201.846
       10600.0       203.528
       10620.0       208.978
