       3160.00      0.910436
       3170.00       1.11861
       3180.00      0.714502
       3190.00      0.153213
       3200.00      0.176178
       3210.00     0.0386540
       3220.00      0.136659
       3230.00      0.152030
       3240.00      0.217465
       3250.00      0.168687
       3260.00      0.236422
       3270.00      0.173173
       3280.00      0.154616
       3290.00      0.249650
       3300.00      0.206677
       3310.00      0.227249
       3320.00      0.226413
       3330.00      0.211136
       3340.00      0.257916
       3350.00      0.227527
       3360.00      0.161375
       3370.00      0.193462
       3380.00      0.147432
       3390.00      0.234008
       3400.00      0.274294
       3410.00      0.251299
       3420.00      0.315623
       3430.00      0.296002
       3440.00      0.216184
       3450.00      0.220351
       3460.00      0.270406
       3470.00      0.253164
       3480.00      0.235300
       3490.00      0.238072
       3500.00      0.314852
       3510.00      0.268125
       3520.00      0.287010
       3530.00      0.347950
       3540.00      0.415200
       3550.00      0.384528
       3560.00      0.351916
       3570.00      0.216033
       3580.00      0.228307
       3590.00      0.303469
       3600.00      0.151034
       3610.00      0.276800
       3620.00      0.378338
       3630.00      0.401041
       3640.00      0.372404
       3650.00      0.440581
       3660.00      0.544258
       3670.00      0.511233
       3680.00      0.491868
       3690.00      0.481164
       3700.00      0.477562
       3710.00      0.397526
       3720.00      0.403327
       3730.00      0.284823
       3740.00      0.286474
       3750.00      0.298271
       3760.00      0.369848
       3770.00      0.482651
       3780.00      0.587566
       3790.00      0.461461
       3800.00      0.441520
       3810.00      0.439572
       3820.00      0.300939
       3830.00      0.306303
       3840.00      0.399989
       3850.00      0.405979
       3860.00      0.413496
       3870.00      0.424081
       3880.00      0.405681
       3890.00      0.520838
       3900.00      0.619985
       3910.00      0.591485
       3920.00      0.504196
       3930.00      0.313938
       3940.00      0.340996
       3950.00      0.564435
       3960.00      0.471010
       3970.00      0.446597
       3980.00      0.838949
       3990.00       1.05526
       4000.00       1.20847
       4010.00       1.36467
       4020.00       1.46973
       4030.00       1.36660
       4040.00       1.33841
       4050.00       1.42914
       4060.00       1.48487
       4070.00       1.41104
       4080.00       1.69131
       4090.00       1.80970
       4100.00       1.54127
       4110.00       1.59483
       4120.00       1.58731
       4130.00       1.56284
       4140.00       1.40534
       4150.00       1.54806
       4160.00       1.62626
       4170.00       1.63918
       4180.00       1.63046
       4190.00       1.64093
       4200.00       1.64418
       4210.00       1.82596
       4220.00       1.54613
       4230.00       1.57091
       4240.00       2.18416
       4250.00       2.03281
       4260.00       2.03980
       4270.00       2.07962
       4280.00       1.96939
       4290.00       1.91924
       4300.00       1.67237
       4310.00       2.33821
       4320.00       2.83161
       4330.00       2.75447
       4340.00       3.17766
       4350.00       3.20722
       4360.00       3.33549
       4370.00       3.26823
       4380.00       2.86947
       4390.00       2.93257
       4400.00       3.06941
       4410.00       3.15108
       4420.00       3.38772
       4430.00       3.38007
       4440.00       3.70993
       4450.00       3.56533
       4460.00       3.50790
       4470.00       4.11441
       4480.00       4.40053
       4490.00       4.40524
       4500.00       4.71840
       4510.00       5.00461
       4520.00       4.34828
       4530.00       4.12186
       4540.00       4.47814
       4550.00       4.93969
       4560.00       5.16184
       4570.00       5.10559
       4580.00       5.04629
       4590.00       5.02220
       4600.00       5.20846
       4610.00       5.76895
       4620.00       5.83456
       4630.00       5.48210
       4640.00       5.08364
       4650.00       5.36261
       4660.00       5.46832
       4670.00       5.30852
       4680.00       5.36785
       4690.00       5.54126
       4700.00       5.53267
       4710.00       5.68903
       4720.00       5.74386
       4730.00       5.69676
       4740.00       5.85178
       4750.00       5.95868
       4760.00       5.56821
       4770.00       5.49980
       4780.00       5.44426
       4790.00       5.71223
       4800.00       6.01040
       4810.00       6.12189
       4820.00       6.08528
       4830.00       6.00939
       4840.00       6.01147
       4850.00       5.99494
       4860.00       5.84959
       4870.00       5.97649
       4880.00       6.00429
       4890.00       6.31995
       4900.00       6.67830
       4910.00       6.53100
       4920.00       6.57374
       4930.00       6.68035
       4940.00       6.95290
       4950.00       6.95606
       4960.00       6.41565
       4970.00       6.44408
       4980.00       6.44825
       4990.00       6.21740
       5000.00       6.16588
       5010.00       5.76047
       5020.00       5.94066
       5030.00       6.22276
       5040.00       6.31282
       5050.00       6.56627
       5060.00       6.45425
       5070.00       6.26558
       5080.00       6.08358
       5090.00       6.15039
       5100.00       6.03614
       5110.00       6.14299
       5120.00       6.01354
       5130.00       6.00768
       5140.00       6.14808
       5150.00       5.98726
       5160.00       5.70762
       5170.00       4.94149
       5180.00       5.01612
       5190.00       5.91408
       5200.00       5.91717
       5210.00       6.27132
       5220.00       7.07819
       5230.00       7.33870
       5240.00       7.55135
       5250.00       7.52742
       5260.00       6.98912
       5270.00       7.12134
       5280.00       8.10916
       5290.00       8.34582
       5300.00       8.64020
       5310.00       8.96746
       5320.00       8.48244
       5330.00       8.23618
       5340.00       8.44973
       5350.00       9.01375
       5360.00       9.49900
       5370.00       9.11642
       5380.00       8.99981
       5390.00       8.81018
       5400.00       8.20180
       5410.00       8.75909
       5420.00       9.33836
       5430.00       9.13382
       5440.00       9.16493
       5450.00       9.03594
       5460.00       8.69265
       5470.00       8.76104
       5480.00       8.70664
       5490.00       8.80945
       5500.00       9.07406
       5510.00       8.85660
       5520.00       9.05390
       5530.00       9.46072
       5540.00       9.47078
       5550.00       10.0226
       5560.00       9.83329
       5570.00       9.73466
       5580.00       9.74416
       5590.00       9.49364
       5600.00       9.28877
       5610.00       9.61165
       5620.00       9.47863
       5630.00       9.38169
       5640.00       9.51610
       5650.00       9.82743
       5660.00       9.68612
       5670.00       9.81928
       5680.00       10.0667
       5690.00       10.3044
       5700.00       9.96981
       5710.00       9.66273
       5720.00       10.2153
       5730.00       10.5386
       5740.00       10.8520
       5760.00       10.6316
       5780.00       10.9329
       5800.00       11.3791
       5820.00       11.7619
       5840.00       11.4384
       5860.00       10.9889
       5880.00       10.1334
       5900.00       10.0820
       5920.00       10.9622
       5940.00       11.2627
       5960.00       11.4267
       5980.00       11.8662
       6000.00       11.9436
       6020.00       12.4699
       6040.00       12.9182
       6060.00       12.9665
       6080.00       13.0804
       6100.00       13.1361
       6120.00       13.1751
       6140.00       12.5608
       6160.00       12.0076
       6180.00       11.5795
       6200.00       11.0976
       6220.00       10.7316
       6240.00       10.6731
       6260.00       11.0472
       6280.00       11.8340
       6300.00       12.3532
       6320.00       12.7423
       6340.00       13.1052
       6360.00       13.3319
       6380.00       13.9028
       6400.00       13.8437
       6420.00       14.1284
       6440.00       14.1934
       6460.00       14.1650
       6480.00       13.9898
       6500.00       14.1627
       6520.00       14.8417
       6540.00       14.4132
       6560.00       14.3081
       6580.00       14.7901
       6600.00       14.8288
       6620.00       14.8976
       6640.00       14.6565
       6660.00       14.4996
       6680.00       14.3287
       6700.00       14.1662
       6720.00       13.9376
       6740.00       14.1045
       6760.00       14.3370
       6780.00       14.5608
       6800.00       14.9012
       6820.00       15.5041
       6840.00       16.2500
       6860.00       15.3260
       6880.00       15.3033
       6900.00       16.2758
       6920.00       16.3374
       6940.00       16.2253
       6960.00       16.4883
       6980.00       16.3908
       7000.00       16.2795
       7020.00       16.7114
       7040.00       16.3934
       7060.00       15.7366
       7080.00       15.1966
       7100.00       14.8221
       7120.00       14.3159
       7140.00       14.1565
       7160.00       14.8029
       7180.00       14.9780
       7200.00       15.4097
       7220.00       15.9917
       7240.00       15.9198
       7260.00       16.2832
       7280.00       16.4450
       7300.00       16.8942
       7320.00       17.0740
       7340.00       17.1162
       7360.00       17.4646
       7380.00       17.8994
       7400.00       17.5937
       7420.00       17.8839
       7440.00       18.0312
       7460.00       18.2314
       7480.00       18.2764
       7500.00       18.4682
       7520.00       19.3921
       7540.00       20.2113
       7560.00       20.8671
       7580.00       19.6749
       7600.00       16.4053
       7620.00       19.6637
       7640.00       18.6414
       7660.00       18.6059
       7680.00       17.0044
       7700.00       17.7868
       7720.00       18.3509
       7740.00       18.5819
       7760.00       18.5534
       7780.00       18.9566
       7800.00       19.0429
       7820.00       19.0647
       7840.00       18.9649
       7860.00       18.9613
       7880.00       18.6842
       7900.00       18.5354
       7920.00       18.3557
       7940.00       18.4736
       7960.00       18.7923
       7980.00       18.9210
       8000.00       18.9677
       8020.00       19.1891
       8040.00       19.5029
       8060.00       19.4545
       8080.00       19.3071
       8100.00       18.7212
       8120.00       19.1626
       8140.00       19.3864
       8160.00       18.8292
       8180.00       19.2181
       8200.00       20.2040
       8220.00       20.2646
       8240.00       20.3979
       8260.00       20.3970
       8280.00       20.8682
       8300.00       20.5342
       8320.00       19.5994
       8340.00       19.2339
       8360.00       19.6735
       8380.00       19.4112
       8400.00       19.8482
       8420.00       19.7594
       8440.00       20.0867
       8460.00       20.2110
       8480.00       19.5901
       8500.00       19.9036
       8520.00       18.7570
       8540.00       18.8539
       8560.00       20.3320
       8580.00       20.8511
       8600.00       20.9949
       8620.00       21.3764
       8640.00       20.2771
       8660.00       19.3276
       8680.00       20.7668
       8700.00       21.8884
       8720.00       21.5910
       8740.00       21.4155
       8760.00       21.4924
       8780.00       21.6147
       8800.00       21.2638
       8820.00       21.5053
       8840.00       21.6608
       8860.00       21.2895
       8880.00       21.4560
       8900.00       21.1938
       8920.00       21.3429
       8940.00       20.9084
       8960.00       20.6100
       8980.00       21.1277
       9000.00       20.2623
       9020.00       21.7563
       9040.00       22.9166
       9060.00       21.6105
       9080.00       20.6743
       9100.00       21.2181
       9120.00       21.0672
       9140.00       20.1767
       9160.00       19.7825
       9180.00       20.7111
       9200.00       21.1563
       9220.00       21.5779
       9240.00       21.5637
       9260.00       21.3277
       9280.00       22.3402
       9300.00       22.0820
       9320.00       19.7817
       9340.00       22.1913
       9360.00       20.0880
       9380.00       21.9203
       9400.00       23.5584
       9420.00       18.9546
       9440.00       18.9303
       9460.00       21.2423
       9480.00       21.3191
       9500.00       21.0474
       9520.00       22.8666
       9540.00       22.6978
       9560.00       22.6504
       9580.00       22.3206
       9600.00       21.3919
       9620.00       21.6079
       9640.00       20.3726
       9660.00       21.1138
       9680.00       21.3497
       9700.00       20.8769
       9720.00       20.6122
       9740.00       20.7500
       9760.00       21.4468
       9780.00       21.6233
       9800.00       21.8144
       9820.00       22.0558
       9840.00       22.0517
       9860.00       22.1594
       9880.00       22.0537
       9900.00       21.9788
       9920.00       21.5859
       9940.00       21.8853
       9960.00       22.0426
       9980.00       21.9030
       10000.0       21.8141
       10020.0       22.5208
       10040.0       21.6473
       10060.0       22.1921
       10080.0       22.3817
       10100.0       21.9603
       10120.0       22.1447
       10140.0       22.0170
       10160.0       21.8997
       10180.0       21.5712
       10200.0       21.4797
       10220.0       22.2369
       10240.0       21.9097
       10260.0       22.4384
       10280.0       21.4393
       10300.0       22.4194
       10320.0       21.5019
       10340.0       21.5330
       10360.0       22.0380
       10380.0       22.2225
       10400.0       21.7798
       10420.0       22.3247
       10440.0       22.1524
       10460.0       22.5076
       10480.0       22.1252
       10500.0       22.2883
       10520.0       21.4361
       10540.0       22.4509
       10560.0       22.0382
       10580.0       22.2997
       10600.0       22.2104
       10620.0       22.4092
