       3160.00     0.0192825
       3170.00     0.0219047
       3180.00     0.0218358
       3190.00     0.0216181
       3200.00     0.0210943
       3210.00     0.0203563
       3220.00     0.0190020
       3230.00     0.0185502
       3240.00     0.0199426
       3250.00     0.0202327
       3260.00     0.0224292
       3270.00     0.0247092
       3280.00     0.0276333
       3290.00     0.0281377
       3300.00     0.0299277
       3310.00     0.0287827
       3320.00     0.0283710
       3330.00     0.0299821
       3340.00     0.0299209
       3350.00     0.0330430
       3360.00     0.0312446
       3370.00     0.0297393
       3380.00     0.0305808
       3390.00     0.0318387
       3400.00     0.0341252
       3410.00     0.0341182
       3420.00     0.0352712
       3430.00     0.0357050
       3440.00     0.0319848
       3450.00     0.0329683
       3460.00     0.0335977
       3470.00     0.0330618
       3480.00     0.0349184
       3490.00     0.0341545
       3500.00     0.0386632
       3510.00     0.0399454
       3520.00     0.0368837
       3530.00     0.0402136
       3540.00     0.0409606
       3550.00     0.0408363
       3560.00     0.0359077
       3570.00     0.0343581
       3580.00     0.0306542
       3590.00     0.0353690
       3600.00     0.0413798
       3610.00     0.0443509
       3620.00     0.0479893
       3630.00     0.0531027
       3640.00     0.0536368
       3650.00     0.0601935
       3660.00     0.0663155
       3670.00     0.0678124
       3680.00     0.0608929
       3690.00     0.0625512
       3700.00     0.0638488
       3710.00     0.0603406
       3720.00     0.0560494
       3730.00     0.0452893
       3740.00     0.0456180
       3750.00     0.0445315
       3760.00     0.0490131
       3770.00     0.0560384
       3780.00     0.0617335
       3790.00     0.0556840
       3800.00     0.0547608
       3810.00     0.0495110
       3820.00     0.0432254
       3830.00     0.0388452
       3840.00     0.0406944
       3850.00     0.0433914
       3860.00     0.0428103
       3870.00     0.0456437
       3880.00     0.0513333
       3890.00     0.0593923
       3900.00     0.0673204
       3910.00     0.0738850
       3920.00     0.0706039
       3930.00     0.0597003
       3940.00     0.0655093
       3950.00     0.0811470
       3960.00     0.0788745
       3970.00     0.0772289
       3980.00      0.106610
       3990.00      0.135851
       4000.00      0.147571
       4010.00      0.155829
       4020.00      0.162705
       4030.00      0.155135
       4040.00      0.145639
       4050.00      0.150372
       4060.00      0.149924
       4070.00      0.146437
       4080.00      0.155023
       4090.00      0.163334
       4100.00      0.156434
       4110.00      0.157134
       4120.00      0.155906
       4130.00      0.150994
       4140.00      0.138518
       4150.00      0.133978
       4160.00      0.145404
       4170.00      0.147491
       4180.00      0.152073
       4190.00      0.156179
       4200.00      0.159736
       4210.00      0.170363
       4220.00      0.168981
       4230.00      0.172783
       4240.00      0.195953
       4250.00      0.189593
       4260.00      0.189520
       4270.00      0.195468
       4280.00      0.189821
       4290.00      0.187603
       4300.00      0.166945
       4310.00      0.198735
       4320.00      0.223913
       4330.00      0.232118
       4340.00      0.250010
       4350.00      0.253229
       4360.00      0.261965
       4370.00      0.264416
       4380.00      0.238960
       4390.00      0.243837
       4400.00      0.258502
       4410.00      0.267631
       4420.00      0.294022
       4430.00      0.301310
       4440.00      0.314712
       4450.00      0.320994
       4460.00      0.312163
       4470.00      0.333899
       4480.00      0.353201
       4490.00      0.350082
       4500.00      0.363621
       4510.00      0.376395
       4520.00      0.359905
       4530.00      0.349303
       4540.00      0.358250
       4550.00      0.375039
       4560.00      0.389598
       4570.00      0.378815
       4580.00      0.386025
       4590.00      0.380759
       4600.00      0.386693
       4610.00      0.407057
       4620.00      0.414900
       4630.00      0.405299
       4640.00      0.380350
       4650.00      0.386493
       4660.00      0.384983
       4670.00      0.381916
       4680.00      0.390526
       4690.00      0.381776
       4700.00      0.379208
       4710.00      0.391340
       4720.00      0.407454
       4730.00      0.420347
       4740.00      0.430842
       4750.00      0.439222
       4760.00      0.428899
       4770.00      0.439975
       4780.00      0.456915
       4790.00      0.459075
       4800.00      0.468366
       4810.00      0.475178
       4820.00      0.469715
       4830.00      0.459281
       4840.00      0.455578
       4850.00      0.445347
       4860.00      0.438488
       4870.00      0.432896
       4880.00      0.437537
       4890.00      0.447285
       4900.00      0.464831
       4910.00      0.455546
       4920.00      0.456104
       4930.00      0.460136
       4940.00      0.465693
       4950.00      0.476484
       4960.00      0.466630
       4970.00      0.468437
       4980.00      0.456217
       4990.00      0.450151
       5000.00      0.446014
       5010.00      0.423650
       5020.00      0.425587
       5030.00      0.438117
       5040.00      0.441215
       5050.00      0.449202
       5060.00      0.451764
       5070.00      0.440669
       5080.00      0.429494
       5090.00      0.426281
       5100.00      0.434717
       5110.00      0.435792
       5120.00      0.429424
       5130.00      0.420421
       5140.00      0.423678
       5150.00      0.419466
       5160.00      0.407029
       5170.00      0.383652
       5180.00      0.394736
       5190.00      0.429380
       5200.00      0.443262
       5210.00      0.433701
       5220.00      0.457371
       5230.00      0.465538
       5240.00      0.482274
       5250.00      0.486554
       5260.00      0.455341
       5270.00      0.448576
       5280.00      0.491122
       5290.00      0.510111
       5300.00      0.520945
       5310.00      0.537535
       5320.00      0.517555
       5330.00      0.506104
       5340.00      0.518766
       5350.00      0.540871
       5360.00      0.552000
       5370.00      0.546481
       5380.00      0.548296
       5390.00      0.536563
       5400.00      0.514530
       5410.00      0.529476
       5420.00      0.574463
       5430.00      0.572178
       5440.00      0.574743
       5450.00      0.589294
       5460.00      0.592284
       5470.00      0.583078
       5480.00      0.583752
       5490.00      0.587891
       5500.00      0.603556
       5510.00      0.591517
       5520.00      0.596769
       5530.00      0.595690
       5540.00      0.599771
       5550.00      0.613557
       5560.00      0.615308
       5570.00      0.608505
       5580.00      0.607983
       5590.00      0.592703
       5600.00      0.604112
       5610.00      0.619440
       5620.00      0.624550
       5630.00      0.621186
       5640.00      0.633589
       5650.00      0.630221
       5660.00      0.634714
       5670.00      0.644229
       5680.00      0.653152
       5690.00      0.657582
       5700.00      0.653087
       5710.00      0.630824
       5720.00      0.657462
       5730.00      0.678469
       5740.00      0.667887
       5760.00      0.669425
       5780.00      0.674796
       5800.00      0.679582
       5820.00      0.694151
       5840.00      0.692860
       5860.00      0.686704
       5880.00      0.657922
       5900.00      0.654078
       5920.00      0.692074
       5940.00      0.700430
       5960.00      0.714054
       5980.00      0.713257
       6000.00      0.717227
       6020.00      0.721697
       6040.00      0.744528
       6060.00      0.745737
       6080.00      0.743284
       6100.00      0.732523
       6120.00      0.721313
       6140.00      0.721548
       6160.00      0.710962
       6180.00      0.719959
       6200.00      0.724803
       6220.00      0.719921
       6240.00      0.716088
       6260.00      0.723432
       6280.00      0.733762
       6300.00      0.736974
       6320.00      0.742174
       6340.00      0.742335
       6360.00      0.740500
       6380.00      0.749619
       6400.00      0.758186
       6420.00      0.760767
       6440.00      0.766782
       6460.00      0.773742
       6480.00      0.769395
       6500.00      0.777281
       6520.00      0.782198
       6540.00      0.784173
       6560.00      0.777428
       6580.00      0.785676
       6600.00      0.801567
       6620.00      0.810651
       6640.00      0.801996
       6660.00      0.799111
       6680.00      0.804320
       6700.00      0.813287
       6720.00      0.813700
       6740.00      0.817406
       6760.00      0.836583
       6780.00      0.836456
       6800.00      0.833062
       6820.00      0.824570
       6840.00      0.829583
       6860.00      0.811898
       6880.00      0.813689
       6900.00      0.835247
       6920.00      0.843381
       6940.00      0.838207
       6960.00      0.828503
       6980.00      0.818854
       7000.00      0.820141
       7020.00      0.826394
       7040.00      0.827202
       7060.00      0.821712
       7080.00      0.813564
       7100.00      0.802332
       7120.00      0.796513
       7140.00      0.793837
       7160.00      0.815555
       7180.00      0.823449
       7200.00      0.800445
       7220.00      0.802184
       7240.00      0.800406
       7260.00      0.798201
       7280.00      0.790777
       7300.00      0.798610
       7320.00      0.792526
       7340.00      0.790366
       7360.00      0.793824
       7380.00      0.802423
       7400.00      0.798968
       7420.00      0.789543
       7440.00      0.795526
       7460.00      0.794669
       7480.00      0.777695
       7500.00      0.770966
       7520.00      0.781998
       7540.00      0.774031
       7560.00      0.767786
       7580.00      0.789206
       7600.00      0.767503
       7620.00      0.870858
       7640.00      0.824547
       7660.00      0.785107
       7680.00      0.735128
       7700.00      0.774846
       7720.00      0.781471
       7740.00      0.797083
       7760.00      0.795847
       7780.00      0.828065
       7800.00      0.827163
       7820.00      0.825047
       7840.00      0.841968
       7860.00      0.823271
       7880.00      0.815543
       7900.00      0.799820
       7920.00      0.787783
       7940.00      0.782201
       7960.00      0.791001
       7980.00      0.799358
       8000.00      0.807277
       8020.00      0.802890
       8040.00      0.804050
       8060.00      0.793393
       8080.00      0.775325
       8100.00      0.757347
       8120.00      0.782840
       8140.00      0.785595
       8160.00      0.773558
       8180.00      0.760028
       8200.00      0.756626
       8220.00      0.783741
       8240.00      0.793393
       8260.00      0.800309
       8280.00      0.778445
       8300.00      0.780393
       8320.00      0.763641
       8340.00      0.772464
       8360.00      0.774792
       8380.00      0.777487
       8400.00      0.782814
       8420.00      0.785478
       8440.00      0.775344
       8460.00      0.785890
       8480.00      0.772810
       8500.00      0.776592
       8520.00      0.772161
       8540.00      0.752515
       8560.00      0.788573
       8580.00      0.823723
       8600.00      0.809630
       8620.00      0.811801
       8640.00      0.786414
       8660.00      0.769573
       8680.00      0.765240
       8700.00      0.803242
       8720.00      0.807586
       8740.00      0.831156
       8760.00      0.826360
       8780.00      0.831707
       8800.00      0.803130
       8820.00      0.823977
       8840.00      0.829652
       8860.00      0.848554
       8880.00      0.838781
       8900.00      0.827981
       8920.00      0.819009
       8940.00      0.816822
       8960.00      0.840500
       8980.00      0.831207
       9000.00      0.819486
       9020.00      0.847224
       9040.00      0.871679
       9060.00      0.852941
       9080.00      0.831140
       9100.00      0.849889
       9120.00      0.848373
       9140.00      0.811101
       9160.00      0.791660
       9180.00      0.794084
       9200.00      0.816850
       9220.00      0.790295
       9240.00      0.772785
       9260.00      0.746783
       9280.00      0.707898
       9300.00      0.698527
       9320.00      0.729376
       9340.00      0.803246
       9360.00      0.753045
       9380.00      0.790686
       9400.00      0.797107
       9420.00      0.735110
       9440.00      0.694555
       9460.00      0.721602
       9480.00      0.713049
       9500.00      0.730255
       9520.00      0.746723
       9540.00      0.740167
       9560.00      0.765840
       9580.00      0.774842
       9600.00      0.771244
       9620.00      0.789764
       9640.00      0.797343
       9660.00      0.820003
       9680.00      0.803556
       9700.00      0.778997
       9720.00      0.775109
       9740.00      0.768956
       9760.00      0.781687
       9780.00      0.779439
       9800.00      0.815737
       9820.00      0.827326
       9840.00      0.813711
       9860.00      0.818498
       9880.00      0.806884
       9900.00      0.806536
       9920.00      0.809389
       9940.00      0.815742
       9960.00      0.813148
       9980.00      0.815970
       10000.0      0.806087
       10020.0      0.812713
       10040.0      0.798766
       10060.0      0.814529
       10080.0      0.805986
       10100.0      0.824814
       10120.0      0.816599
       10140.0      0.804347
       10160.0      0.799015
       10180.0      0.798692
       10200.0      0.819528
       10220.0      0.806435
       10240.0      0.809818
       10260.0      0.814117
       10280.0      0.809446
       10300.0      0.810031
       10320.0      0.799236
       10340.0      0.797076
       10360.0      0.806565
       10380.0      0.792170
       10400.0      0.799191
       10420.0      0.804966
       10440.0      0.774242
       10460.0      0.789752
       10480.0      0.787336
       10500.0      0.796415
       10520.0      0.814208
       10540.0      0.818685
       10560.0      0.823145
       10580.0      0.797592
       10600.0      0.800878
       10620.0      0.786520
