       3160.00    0.00918787
       3170.00    0.00587984
       3180.00    0.00834484
       3190.00    0.00451955
       3200.00    0.00594375
       3210.00    0.00645263
       3220.00    0.00510966
       3230.00    0.00500998
       3240.00    0.00426954
       3250.00    0.00436384
       3260.00    0.00566818
       3270.00    0.00562561
       3280.00    0.00487555
       3290.00    0.00698524
       3300.00    0.00698973
       3310.00    0.00724991
       3320.00    0.00773799
       3330.00    0.00731440
       3340.00    0.00764731
       3350.00    0.00761816
       3360.00    0.00686491
       3370.00    0.00703292
       3380.00    0.00785732
       3390.00    0.00844590
       3400.00    0.00907457
       3410.00    0.00879973
       3420.00    0.00954745
       3430.00    0.00982192
       3440.00    0.00855075
       3450.00    0.00839102
       3460.00    0.00933310
       3470.00    0.00912325
       3480.00    0.00957135
       3490.00    0.00948329
       3500.00     0.0104357
       3510.00     0.0107616
       3520.00    0.00958282
       3530.00     0.0104309
       3540.00     0.0132469
       3550.00     0.0137401
       3560.00     0.0104381
       3570.00    0.00851204
       3580.00    0.00689820
       3590.00    0.00822884
       3600.00     0.0102927
       3610.00     0.0103522
       3620.00     0.0127963
       3630.00     0.0142826
       3640.00     0.0145457
       3650.00     0.0162393
       3660.00     0.0199300
       3670.00     0.0193279
       3680.00     0.0168890
       3690.00     0.0188389
       3700.00     0.0172781
       3710.00     0.0160280
       3720.00     0.0140508
       3730.00     0.0111368
       3740.00    0.00986219
       3750.00     0.0114950
       3760.00     0.0138282
       3770.00     0.0181978
       3780.00     0.0205513
       3790.00     0.0161476
       3800.00     0.0167677
       3810.00     0.0162461
       3820.00     0.0121319
       3830.00     0.0114427
       3840.00     0.0136228
       3850.00     0.0155496
       3860.00     0.0147857
       3870.00     0.0142991
       3880.00     0.0148785
       3890.00     0.0181152
       3900.00     0.0208523
       3910.00     0.0222981
       3920.00     0.0180359
       3930.00     0.0119969
       3940.00     0.0131427
       3950.00     0.0197311
       3960.00     0.0181850
       3970.00     0.0165668
       3980.00     0.0295783
       3990.00     0.0392523
       4000.00     0.0447514
       4010.00     0.0518748
       4020.00     0.0538514
       4030.00     0.0513496
       4040.00     0.0488863
       4050.00     0.0529300
       4060.00     0.0533209
       4070.00     0.0514741
       4080.00     0.0615656
       4090.00     0.0660199
       4100.00     0.0621943
       4110.00     0.0596231
       4120.00     0.0613788
       4130.00     0.0610765
       4140.00     0.0564308
       4150.00     0.0599153
       4160.00     0.0640951
       4170.00     0.0621652
       4180.00     0.0655603
       4190.00     0.0693938
       4200.00     0.0659535
       4210.00     0.0711249
       4220.00     0.0595733
       4230.00     0.0591323
       4240.00     0.0813522
       4250.00     0.0810114
       4260.00     0.0818644
       4270.00     0.0815240
       4280.00     0.0789603
       4290.00     0.0790722
       4300.00     0.0742623
       4310.00     0.0919128
       4320.00      0.109237
       4330.00      0.113334
       4340.00      0.123361
       4350.00      0.127213
       4360.00      0.134153
       4370.00      0.128325
       4380.00      0.108513
       4390.00      0.112267
       4400.00      0.115619
       4410.00      0.119484
       4420.00      0.131326
       4430.00      0.135281
       4440.00      0.145796
       4450.00      0.143423
       4460.00      0.141204
       4470.00      0.163848
       4480.00      0.176850
       4490.00      0.173958
       4500.00      0.186598
       4510.00      0.201246
       4520.00      0.178562
       4530.00      0.165836
       4540.00      0.175632
       4550.00      0.193198
       4560.00      0.205629
       4570.00      0.211847
       4580.00      0.208705
       4590.00      0.201611
       4600.00      0.208257
       4610.00      0.234108
       4620.00      0.245648
       4630.00      0.235382
       4640.00      0.208970
       4650.00      0.215393
       4660.00      0.222560
       4670.00      0.219772
       4680.00      0.218217
       4690.00      0.222580
       4700.00      0.222331
       4710.00      0.226128
       4720.00      0.234705
       4730.00      0.234522
       4740.00      0.238670
       4750.00      0.234826
       4760.00      0.227576
       4770.00      0.225191
       4780.00      0.228571
       4790.00      0.238520
       4800.00      0.248604
       4810.00      0.251475
       4820.00      0.253544
       4830.00      0.252361
       4840.00      0.250397
       4850.00      0.245169
       4860.00      0.239918
       4870.00      0.243336
       4880.00      0.245179
       4890.00      0.258699
       4900.00      0.274280
       4910.00      0.265834
       4920.00      0.275616
       4930.00      0.279607
       4940.00      0.295062
       4950.00      0.293184
       4960.00      0.270620
       4970.00      0.271098
       4980.00      0.266049
       4990.00      0.261869
       5000.00      0.255378
       5010.00      0.241943
       5020.00      0.246772
       5030.00      0.260796
       5040.00      0.263932
       5050.00      0.271580
       5060.00      0.273260
       5070.00      0.255942
       5080.00      0.252439
       5090.00      0.253398
       5100.00      0.252611
       5110.00      0.253359
       5120.00      0.248607
       5130.00      0.247834
       5140.00      0.253115
       5150.00      0.250569
       5160.00      0.242661
       5170.00      0.211616
       5180.00      0.206632
       5190.00      0.238689
       5200.00      0.242707
       5210.00      0.249552
       5220.00      0.278100
       5230.00      0.288331
       5240.00      0.309669
       5250.00      0.304888
       5260.00      0.285238
       5270.00      0.284416
       5280.00      0.326561
       5290.00      0.343425
       5300.00      0.347848
       5310.00      0.368394
       5320.00      0.349563
       5330.00      0.333900
       5340.00      0.343856
       5350.00      0.372404
       5360.00      0.392121
       5370.00      0.379568
       5380.00      0.377093
       5390.00      0.361042
       5400.00      0.344620
       5410.00      0.360451
       5420.00      0.391215
       5430.00      0.384532
       5440.00      0.383514
       5450.00      0.381646
       5460.00      0.366374
       5470.00      0.370850
       5480.00      0.364573
       5490.00      0.376128
       5500.00      0.386295
       5510.00      0.381638
       5520.00      0.389495
       5530.00      0.405246
       5540.00      0.408334
       5550.00      0.415605
       5560.00      0.422470
       5570.00      0.417532
       5580.00      0.422852
       5590.00      0.408467
       5600.00      0.395268
       5610.00      0.415310
       5620.00      0.416830
       5630.00      0.413834
       5640.00      0.410849
       5650.00      0.415366
       5660.00      0.416127
       5670.00      0.424351
       5680.00      0.442232
       5690.00      0.452240
       5700.00      0.445507
       5710.00      0.425825
       5720.00      0.445429
       5730.00      0.461270
       5740.00      0.470421
       5760.00      0.470257
       5780.00      0.472291
       5800.00      0.485621
       5820.00      0.507223
       5840.00      0.495340
       5860.00      0.472704
       5880.00      0.423951
       5900.00      0.419644
       5920.00      0.457905
       5940.00      0.468476
       5960.00      0.480396
       5980.00      0.497898
       6000.00      0.495886
       6020.00      0.506542
       6040.00      0.556016
       6060.00      0.563610
       6080.00      0.559319
       6100.00      0.552629
       6120.00      0.550477
       6140.00      0.544548
       6160.00      0.525947
       6180.00      0.504042
       6200.00      0.494225
       6220.00      0.471882
       6240.00      0.462570
       6260.00      0.477994
       6280.00      0.502082
       6300.00      0.529375
       6320.00      0.548459
       6340.00      0.568759
       6360.00      0.570297
       6380.00      0.579124
       6400.00      0.610048
       6420.00      0.617377
       6440.00      0.623675
       6460.00      0.625675
       6480.00      0.603170
       6500.00      0.600012
       6520.00      0.630627
       6540.00      0.629670
       6560.00      0.611943
       6580.00      0.623912
       6600.00      0.636129
       6620.00      0.639642
       6640.00      0.619231
       6660.00      0.613558
       6680.00      0.608870
       6700.00      0.609263
       6720.00      0.598633
       6740.00      0.590263
       6760.00      0.625769
       6780.00      0.631726
       6800.00      0.646672
       6820.00      0.665565
       6840.00      0.681254
       6860.00      0.658599
       6880.00      0.651148
       6900.00      0.687291
       6920.00      0.697842
       6940.00      0.686683
       6960.00      0.691095
       6980.00      0.696088
       7000.00      0.688053
       7020.00      0.702069
       7040.00      0.702179
       7060.00      0.681606
       7080.00      0.645607
       7100.00      0.611003
       7120.00      0.613150
       7140.00      0.606098
       7160.00      0.641644
       7180.00      0.656362
       7200.00      0.651893
       7220.00      0.670898
       7240.00      0.686581
       7260.00      0.698390
       7280.00      0.704610
       7300.00      0.713405
       7320.00      0.727356
       7340.00      0.731429
       7360.00      0.734329
       7380.00      0.752411
       7400.00      0.752665
       7420.00      0.764611
       7440.00      0.769951
       7460.00      0.763915
       7480.00      0.777999
       7500.00      0.779592
       7520.00      0.806222
       7540.00      0.826816
       7560.00      0.830227
       7580.00      0.778064
       7600.00      0.659906
       7620.00      0.753985
       7640.00      0.755612
       7660.00      0.768004
       7680.00      0.729082
       7700.00      0.759892
       7720.00      0.762309
       7740.00      0.780845
       7760.00      0.789741
       7780.00      0.805390
       7800.00      0.805767
       7820.00      0.793964
       7840.00      0.816501
       7860.00      0.811193
       7880.00      0.801883
       7900.00      0.783246
       7920.00      0.772450
       7940.00      0.772637
       7960.00      0.782127
       7980.00      0.803238
       8000.00      0.805197
       8020.00      0.811897
       8040.00      0.819616
       8060.00      0.807080
       8080.00      0.776273
       8100.00      0.766519
       8120.00      0.782352
       8140.00      0.783030
       8160.00      0.761661
       8180.00      0.751261
       8200.00      0.782720
       8220.00      0.788796
       8240.00      0.806399
       8260.00      0.821099
       8280.00      0.803526
       8300.00      0.783233
       8320.00      0.775754
       8340.00      0.780999
       8360.00      0.779130
       8380.00      0.781058
       8400.00      0.803887
       8420.00      0.813790
       8440.00      0.789045
       8460.00      0.812694
       8480.00      0.794806
       8500.00      0.784969
       8520.00      0.757047
       8540.00      0.725291
       8560.00      0.800728
       8580.00      0.834624
       8600.00      0.839819
       8620.00      0.851372
       8640.00      0.809479
       8660.00      0.775598
       8680.00      0.801360
       8700.00      0.841354
       8720.00      0.854713
       8740.00      0.854937
       8760.00      0.865063
       8780.00      0.865262
       8800.00      0.841893
       8820.00      0.852700
       8840.00      0.872316
       8860.00      0.899724
       8880.00      0.880302
       8900.00      0.854309
       8920.00      0.872321
       8940.00      0.859955
       8960.00      0.871025
       8980.00      0.865550
       9000.00      0.836117
       9020.00      0.864527
       9040.00      0.904750
       9060.00      0.881498
       9080.00      0.839937
       9100.00      0.846927
       9120.00      0.842750
       9140.00      0.817058
       9160.00      0.775308
       9180.00      0.782609
       9200.00      0.796089
       9220.00      0.797575
       9240.00      0.783710
       9260.00      0.760079
       9280.00      0.796295
       9300.00      0.756583
       9320.00      0.735432
       9340.00      0.797750
       9360.00      0.741107
       9380.00      0.762312
       9400.00      0.809317
       9420.00      0.709429
       9440.00      0.700080
       9460.00      0.760116
       9480.00      0.762754
       9500.00      0.764044
       9520.00      0.811341
       9540.00      0.826720
       9560.00      0.814144
       9580.00      0.809573
       9600.00      0.808107
       9620.00      0.804227
       9640.00      0.819022
       9660.00      0.828061
       9680.00      0.836406
       9700.00      0.825955
       9720.00      0.818160
       9740.00      0.832992
       9760.00      0.841259
       9780.00      0.832398
       9800.00      0.838041
       9820.00      0.861547
       9840.00      0.863237
       9860.00      0.875651
       9880.00      0.870451
       9900.00      0.872113
       9920.00      0.862888
       9940.00      0.878609
       9960.00      0.878332
       9980.00      0.870423
       10000.0      0.916507
       10020.0      0.922703
       10040.0      0.909272
       10060.0      0.896527
       10080.0      0.919940
       10100.0      0.913299
       10120.0      0.916095
       10140.0      0.918253
       10160.0      0.907281
       10180.0      0.907577
       10200.0      0.909532
       10220.0      0.918519
       10240.0      0.914452
       10260.0      0.913082
       10280.0      0.918922
       10300.0      0.926589
       10320.0      0.901827
       10340.0      0.895785
       10360.0      0.930210
       10380.0      0.921690
       10400.0      0.933957
       10420.0      0.940897
       10440.0      0.932406
       10460.0      0.927791
       10480.0      0.920972
       10500.0      0.943806
       10520.0      0.932557
       10540.0      0.931791
       10560.0      0.942852
       10580.0      0.934269
       10600.0      0.927715
       10620.0      0.937326
