       3160.00       0.00000
       3170.00   0.000443730
       3180.00       0.00000
       3190.00       0.00000
       3200.00    0.00101167
       3210.00   0.000982666
       3220.00   0.000715107
       3230.00   0.000356011
       3240.00       0.00000
       3250.00   0.000118568
       3260.00   0.000110265
       3270.00   0.000978400
       3280.00   0.000815028
       3290.00   0.000500870
       3300.00   0.000697558
       3310.00   0.000322971
       3320.00   0.000554176
       3330.00   0.000528012
       3340.00   0.000690678
       3350.00   0.000816892
       3360.00   0.000475783
       3370.00       0.00000
       3380.00   0.000467557
       3390.00   0.000591695
       3400.00   0.000579199
       3410.00   0.000523050
       3420.00   0.000892919
       3430.00   0.000874937
       3440.00   0.000375781
       3450.00   0.000481514
       3460.00   0.000779539
       3470.00   0.000641697
       3480.00   0.000626110
       3490.00   0.000639228
       3500.00   0.000861457
       3510.00   0.000726155
       3520.00   0.000756461
       3530.00   0.000551891
       3540.00   0.000867419
       3550.00   0.000632585
       3560.00   0.000636735
       3570.00   0.000498623
       3580.00   0.000450670
       3590.00   0.000508775
       3600.00   0.000710541
       3610.00   0.000638242
       3620.00   0.000832706
       3630.00   0.000941237
       3640.00    0.00102405
       3650.00    0.00123648
       3660.00    0.00128537
       3670.00    0.00132135
       3680.00    0.00117193
       3690.00    0.00136222
       3700.00    0.00131919
       3710.00    0.00116511
       3720.00    0.00100298
       3730.00   0.000749131
       3740.00   0.000680934
       3750.00   0.000789210
       3760.00   0.000878205
       3770.00    0.00100255
       3780.00    0.00130783
       3790.00    0.00103548
       3800.00   0.000924116
       3810.00   0.000962486
       3820.00   0.000648079
       3830.00   0.000475241
       3840.00   0.000763753
       3850.00   0.000527393
       3860.00   0.000669787
       3870.00   0.000647520
       3880.00   0.000746998
       3890.00    0.00106835
       3900.00    0.00157326
       3910.00    0.00148451
       3920.00    0.00118469
       3930.00   0.000751453
       3940.00   0.000855399
       3950.00    0.00159661
       3960.00    0.00133150
       3970.00    0.00102840
       3980.00    0.00198624
       3990.00    0.00261583
       4000.00    0.00284490
       4010.00    0.00302723
       4020.00    0.00351306
       4030.00    0.00297206
       4040.00    0.00280977
       4050.00    0.00300601
       4060.00    0.00305924
       4070.00    0.00281671
       4080.00    0.00339590
       4090.00    0.00365413
       4100.00    0.00339477
       4110.00    0.00322052
       4120.00    0.00326904
       4130.00    0.00319641
       4140.00    0.00272491
       4150.00    0.00279969
       4160.00    0.00290285
       4170.00    0.00279470
       4180.00    0.00303871
       4190.00    0.00314728
       4200.00    0.00322017
       4210.00    0.00342969
       4220.00    0.00346490
       4230.00    0.00345837
       4240.00    0.00407059
       4250.00    0.00407094
       4260.00    0.00402836
       4270.00    0.00421329
       4280.00    0.00398325
       4290.00    0.00379854
       4300.00    0.00335791
       4310.00    0.00419377
       4320.00    0.00494272
       4330.00    0.00515708
       4340.00    0.00601219
       4350.00    0.00591914
       4360.00    0.00618625
       4370.00    0.00610771
       4380.00    0.00493603
       4390.00    0.00516030
       4400.00    0.00562810
       4410.00    0.00543512
       4420.00    0.00594156
       4430.00    0.00597101
       4440.00    0.00650722
       4450.00    0.00633930
       4460.00    0.00595923
       4470.00    0.00671844
       4480.00    0.00699702
       4490.00    0.00719290
       4500.00    0.00742229
       4510.00    0.00774735
       4520.00    0.00712493
       4530.00    0.00684837
       4540.00    0.00696961
       4550.00    0.00765451
       4560.00    0.00783206
       4570.00    0.00768565
       4580.00    0.00795142
       4590.00    0.00763224
       4600.00    0.00794437
       4610.00    0.00859689
       4620.00    0.00894668
       4630.00    0.00828937
       4640.00    0.00782738
       4650.00    0.00801928
       4660.00    0.00818620
       4670.00    0.00813855
       4680.00    0.00840368
       4690.00    0.00807985
       4700.00    0.00827215
       4710.00    0.00853532
       4720.00    0.00901790
       4730.00    0.00865981
       4740.00    0.00915938
       4750.00    0.00929113
       4760.00    0.00896723
       4770.00    0.00935244
       4780.00    0.00930638
       4790.00    0.00938974
       4800.00    0.00965003
       4810.00    0.00990486
       4820.00    0.00984346
       4830.00    0.00939643
       4840.00    0.00981731
       4850.00    0.00947659
       4860.00    0.00890718
       4870.00    0.00917050
       4880.00    0.00929583
       4890.00    0.00981186
       4900.00     0.0102770
       4910.00    0.00963868
       4920.00    0.00960908
       4930.00    0.00990201
       4940.00     0.0102251
       4950.00     0.0107372
       4960.00     0.0101583
       4970.00     0.0102780
       4980.00     0.0100625
       4990.00     0.0100832
       5000.00    0.00966914
       5010.00    0.00919922
       5020.00    0.00946109
       5030.00    0.00985476
       5040.00    0.00960775
       5050.00    0.00978370
       5060.00     0.0100090
       5070.00    0.00947877
       5080.00    0.00947672
       5090.00    0.00960595
       5100.00    0.00914582
       5110.00    0.00952431
       5120.00    0.00928455
       5130.00    0.00910742
       5140.00    0.00925800
       5150.00    0.00904610
       5160.00    0.00836206
       5170.00    0.00773236
       5180.00    0.00889595
       5190.00    0.00969325
       5200.00    0.00961509
       5210.00    0.00983018
       5220.00     0.0106130
       5230.00     0.0105093
       5240.00     0.0111416
       5250.00     0.0107533
       5260.00     0.0102261
       5270.00    0.00993846
       5280.00     0.0115660
       5290.00     0.0114484
       5300.00     0.0118289
       5310.00     0.0124742
       5320.00     0.0117567
       5330.00     0.0112240
       5340.00     0.0118207
       5350.00     0.0127990
       5360.00     0.0121702
       5370.00     0.0122955
       5380.00     0.0125838
       5390.00     0.0118885
       5400.00     0.0113155
       5410.00     0.0121591
       5420.00     0.0127998
       5430.00     0.0122529
       5440.00     0.0125148
       5450.00     0.0125719
       5460.00     0.0127305
       5470.00     0.0126596
       5480.00     0.0124029
       5490.00     0.0125392
       5500.00     0.0131967
       5510.00     0.0122958
       5520.00     0.0132763
       5530.00     0.0133795
       5540.00     0.0133807
       5550.00     0.0135340
       5560.00     0.0135729
       5570.00     0.0132960
       5580.00     0.0134739
       5590.00     0.0130723
       5600.00     0.0134383
       5610.00     0.0141791
       5620.00     0.0139411
       5630.00     0.0136665
       5640.00     0.0137545
       5650.00     0.0138297
       5660.00     0.0137432
       5670.00     0.0142771
       5680.00     0.0146606
       5690.00     0.0142517
       5700.00     0.0140786
       5710.00     0.0136228
       5720.00     0.0143982
       5730.00     0.0147045
       5740.00     0.0153038
       5760.00     0.0152629
       5780.00     0.0148937
       5800.00     0.0151455
       5820.00     0.0159998
       5840.00     0.0159088
       5860.00     0.0157705
       5880.00     0.0142696
       5900.00     0.0144119
       5920.00     0.0158721
       5940.00     0.0154042
       5960.00     0.0156475
       5980.00     0.0155717
       6000.00     0.0154260
       6020.00     0.0158771
       6040.00     0.0161739
       6060.00     0.0164454
       6080.00     0.0163451
       6100.00     0.0164068
       6120.00     0.0162153
       6140.00     0.0158990
       6160.00     0.0158017
       6180.00     0.0159440
       6200.00     0.0161875
       6220.00     0.0159998
       6240.00     0.0154864
       6260.00     0.0156729
       6280.00     0.0162501
       6300.00     0.0164441
       6320.00     0.0166480
       6340.00     0.0166177
       6360.00     0.0166650
       6380.00     0.0167009
       6400.00     0.0171103
       6420.00     0.0170898
       6440.00     0.0170695
       6460.00     0.0172344
       6480.00     0.0167471
       6500.00     0.0169877
       6520.00     0.0174642
       6540.00     0.0176258
       6560.00     0.0173148
       6580.00     0.0177004
       6600.00     0.0179451
       6620.00     0.0176359
       6640.00     0.0182289
       6660.00     0.0180580
       6680.00     0.0179618
       6700.00     0.0177298
       6720.00     0.0180433
       6740.00     0.0181254
       6760.00     0.0179574
       6780.00     0.0186616
       6800.00     0.0181206
       6820.00     0.0183047
       6840.00     0.0194131
       6860.00     0.0184645
       6880.00     0.0180939
       6900.00     0.0187856
       6920.00     0.0189549
       6940.00     0.0185253
       6960.00     0.0179062
       6980.00     0.0177843
       7000.00     0.0178641
       7020.00     0.0175528
       7040.00     0.0183421
       7060.00     0.0185392
       7080.00     0.0181292
       7100.00     0.0180484
       7120.00     0.0176223
       7140.00     0.0176518
       7160.00     0.0184374
       7180.00     0.0183371
       7200.00     0.0179345
       7220.00     0.0179432
       7240.00     0.0184182
       7260.00     0.0183578
       7280.00     0.0180562
       7300.00     0.0179200
       7320.00     0.0182266
       7340.00     0.0178894
       7360.00     0.0182422
       7380.00     0.0185358
       7400.00     0.0183812
       7420.00     0.0184833
       7440.00     0.0190480
       7460.00     0.0187801
       7480.00     0.0188334
       7500.00     0.0191020
       7520.00     0.0194907
       7540.00     0.0192525
       7560.00     0.0188666
       7580.00     0.0187334
       7600.00     0.0167222
       7620.00     0.0193919
       7640.00     0.0192122
       7660.00     0.0198782
       7680.00     0.0185169
       7700.00     0.0191630
       7720.00     0.0196600
       7740.00     0.0197545
       7760.00     0.0196946
       7780.00     0.0190835
       7800.00     0.0189985
       7820.00     0.0192916
       7840.00     0.0189195
       7860.00     0.0185134
       7880.00     0.0183147
       7900.00     0.0182149
       7920.00     0.0176361
       7940.00     0.0172816
       7960.00     0.0179186
       7980.00     0.0186933
       8000.00     0.0184356
       8020.00     0.0178020
       8040.00     0.0182651
       8060.00     0.0182634
       8080.00     0.0177830
       8100.00     0.0173571
       8120.00     0.0182671
       8140.00     0.0183864
       8160.00     0.0177811
       8180.00     0.0180643
       8200.00     0.0206362
       8220.00     0.0208512
       8240.00     0.0201776
       8260.00     0.0210057
       8280.00     0.0206237
       8300.00     0.0190233
       8320.00     0.0191213
       8340.00     0.0197164
       8360.00     0.0192317
       8380.00     0.0196223
       8400.00     0.0191485
       8420.00     0.0190028
       8440.00     0.0201744
       8460.00     0.0197360
       8480.00     0.0201290
       8500.00     0.0207436
       8520.00     0.0192420
       8540.00     0.0192217
       8560.00     0.0191028
       8580.00     0.0205420
       8600.00     0.0228904
       8620.00     0.0213034
       8640.00     0.0196016
       8660.00     0.0193370
       8680.00     0.0189117
       8700.00     0.0207760
       8720.00     0.0198089
       8740.00     0.0200130
       8760.00     0.0206177
       8780.00     0.0187683
       8800.00     0.0200684
       8820.00     0.0195444
       8840.00     0.0198185
       8860.00     0.0199404
       8880.00     0.0201965
       8900.00     0.0198271
       8920.00     0.0215567
       8940.00     0.0196204
       8960.00     0.0202124
       8980.00     0.0206921
       9000.00     0.0203257
       9020.00     0.0213177
       9040.00     0.0219007
       9060.00     0.0218213
       9080.00     0.0203635
       9100.00     0.0210916
       9120.00     0.0203051
       9140.00     0.0192526
       9160.00     0.0182738
       9180.00     0.0191764
       9200.00     0.0191576
       9220.00     0.0191618
       9240.00     0.0189681
       9260.00     0.0188588
       9280.00     0.0192501
       9300.00     0.0199499
       9320.00     0.0196807
       9340.00     0.0238479
       9360.00     0.0222340
       9380.00     0.0218792
       9400.00     0.0251247
       9420.00     0.0199347
       9440.00     0.0199967
       9460.00     0.0222666
       9480.00     0.0194301
       9500.00     0.0187747
       9520.00     0.0239880
       9540.00     0.0227581
       9560.00     0.0219160
       9580.00     0.0209305
       9600.00     0.0202495
       9620.00     0.0211944
       9640.00     0.0188961
       9660.00     0.0194831
       9680.00     0.0189197
       9700.00     0.0209181
       9720.00     0.0199272
       9740.00     0.0208178
       9760.00     0.0189448
       9780.00     0.0207758
       9800.00     0.0211568
       9820.00     0.0200680
       9840.00     0.0199057
       9860.00     0.0188953
       9880.00     0.0208573
       9900.00     0.0191812
       9920.00     0.0209647
       9940.00     0.0206465
       9960.00     0.0196447
       9980.00     0.0200987
       10000.0     0.0205438
       10020.0     0.0206361
       10040.0     0.0213656
       10060.0     0.0203933
       10080.0     0.0214901
       10100.0     0.0208487
       10120.0     0.0183125
       10140.0     0.0213629
       10160.0     0.0203241
       10180.0     0.0209681
       10200.0     0.0192515
       10220.0     0.0211888
       10240.0     0.0195540
       10260.0     0.0199752
       10280.0     0.0199295
       10300.0     0.0194128
       10320.0     0.0195728
       10340.0     0.0198002
       10360.0     0.0218054
       10380.0     0.0201847
       10400.0     0.0197942
       10420.0     0.0213896
       10440.0     0.0189773
       10460.0     0.0203934
       10480.0     0.0197773
       10500.0     0.0213673
       10520.0     0.0195283
       10540.0     0.0207190
       10560.0     0.0218187
       10580.0     0.0217974
       10600.0     0.0196529
       10620.0     0.0212716
