       3160.00     0.0164432
       3170.00     0.0117119
       3180.00    0.00758392
       3190.00    0.00822698
       3200.00    0.00270953
       3210.00    0.00349012
       3220.00    0.00358322
       3230.00    0.00310673
       3240.00    0.00107148
       3250.00   0.000249767
       3260.00    0.00140248
       3270.00       0.00000
       3280.00   0.000822002
       3290.00    0.00133452
       3300.00    0.00157113
       3310.00    0.00204109
       3320.00    0.00262185
       3330.00    0.00124268
       3340.00    0.00220788
       3350.00    0.00178389
       3360.00    0.00230616
       3370.00    0.00319397
       3380.00    0.00294453
       3390.00    0.00331401
       3400.00    0.00220646
       3410.00    0.00248860
       3420.00    0.00248050
       3430.00    0.00289499
       3440.00    0.00253698
       3450.00    0.00152912
       3460.00   0.000813257
       3470.00   0.000501457
       3480.00   0.000864739
       3490.00   0.000757180
       3500.00   9.05988e-05
       3510.00   0.000697029
       3520.00   0.000670393
       3530.00    0.00152580
       3540.00   7.69561e-05
       3550.00   0.000885238
       3560.00   0.000211924
       3570.00   0.000272028
       3580.00   0.000130960
       3590.00   0.000189138
       3600.00       0.00000
       3610.00   0.000113530
       3620.00   8.39131e-05
       3630.00   0.000227449
       3640.00   0.000322198
       3650.00   0.000255032
       3660.00   0.000149718
       3670.00   4.81085e-05
       3680.00   0.000185514
       3690.00   8.95464e-05
       3700.00       0.00000
       3710.00       0.00000
       3720.00   0.000242227
       3730.00   0.000196714
       3740.00   7.66705e-05
       3750.00   7.47189e-05
       3760.00   0.000109227
       3770.00   0.000191468
       3780.00   0.000311315
       3790.00   0.000146154
       3800.00   9.85980e-05
       3810.00   0.000174643
       3820.00   2.86078e-05
       3830.00   5.59628e-05
       3840.00   5.47387e-05
       3850.00       0.00000
       3860.00   2.61658e-05
       3870.00   0.000153540
       3880.00   2.50148e-05
       3890.00       0.00000
       3900.00       0.00000
       3910.00   0.000238654
       3920.00       0.00000
       3930.00   0.000353272
       3940.00   0.000115755
       3950.00   0.000182240
       3960.00   0.000402952
       3970.00   0.000162532
       3980.00   0.000239231
       3990.00   0.000192924
       4000.00   0.000359144
       4010.00   0.000266511
       4020.00   0.000159170
       4030.00   0.000154482
       4040.00   0.000243611
       4050.00   0.000183062
       4060.00   0.000250445
       4070.00   0.000262234
       4080.00   0.000222106
       4090.00   0.000341394
       4100.00   0.000246964
       4110.00   0.000352913
       4120.00   0.000320389
       4130.00   0.000357728
       4140.00   0.000630147
       4150.00   0.000616327
       4160.00   0.000387466
       4170.00   0.000699887
       4180.00   0.000627170
       4190.00   0.000659181
       4200.00   0.000710420
       4210.00    0.00108533
       4220.00   0.000915405
       4230.00   0.000669911
       4240.00   0.000995373
       4250.00   0.000939642
       4260.00   0.000777646
       4270.00   0.000652543
       4280.00   0.000851546
       4290.00   0.000924270
       4300.00   0.000809329
       4310.00    0.00111016
       4320.00    0.00124744
       4330.00    0.00154128
       4340.00    0.00167301
       4350.00    0.00101063
       4360.00   0.000907479
       4370.00    0.00107220
       4380.00    0.00183063
       4390.00    0.00285631
       4400.00    0.00329330
       4410.00    0.00378042
       4420.00    0.00357294
       4430.00    0.00374990
       4440.00    0.00463897
       4450.00    0.00457692
       4460.00    0.00522549
       4470.00    0.00605390
       4480.00    0.00549529
       4490.00    0.00539777
       4500.00    0.00621712
       4510.00    0.00652784
       4520.00    0.00602207
       4530.00    0.00568821
       4540.00    0.00365967
       4550.00    0.00230268
       4560.00    0.00389428
       4570.00    0.00425007
       4580.00    0.00435907
       4590.00    0.00517760
       4600.00    0.00569044
       4610.00    0.00631241
       4620.00    0.00589356
       4630.00    0.00562171
       4640.00    0.00353740
       4650.00    0.00163955
       4660.00    0.00282654
       4670.00    0.00475972
       4680.00    0.00625436
       4690.00    0.00713000
       4700.00    0.00826141
       4710.00    0.00961685
       4720.00     0.0106901
       4730.00     0.0152008
       4740.00     0.0202549
       4750.00     0.0238904
       4760.00     0.0261819
       4770.00     0.0285352
       4780.00     0.0352221
       4790.00     0.0452502
       4800.00     0.0425619
       4810.00     0.0366888
       4820.00     0.0380308
       4830.00     0.0349044
       4840.00     0.0367251
       4850.00     0.0418658
       4860.00     0.0376186
       4870.00     0.0195336
       4880.00     0.0136583
       4890.00     0.0291052
       4900.00     0.0335896
       4910.00     0.0238455
       4920.00     0.0256418
       4930.00     0.0356462
       4940.00     0.0549285
       4950.00     0.0579288
       4960.00     0.0541409
       4970.00     0.0464077
       4980.00     0.0220410
       4990.00    0.00917385
       5000.00     0.0187818
       5010.00     0.0325464
       5020.00     0.0518440
       5030.00     0.0671572
       5040.00     0.0714697
       5050.00     0.0713282
       5060.00     0.0731491
       5070.00     0.0746271
       5080.00     0.0778860
       5090.00     0.0802962
       5100.00     0.0843654
       5110.00     0.0818136
       5120.00     0.0789394
       5130.00     0.0871340
       5140.00     0.0893924
       5150.00     0.0832158
       5160.00      0.133239
       5170.00      0.258831
       5180.00      0.343803
       5190.00      0.309258
       5200.00      0.241411
       5210.00      0.268330
       5220.00      0.326172
       5230.00      0.370994
       5240.00      0.381274
       5250.00      0.343325
       5260.00      0.337388
       5270.00      0.343582
       5280.00      0.377203
       5290.00      0.367108
       5300.00      0.376422
       5310.00      0.438368
       5320.00      0.431253
       5330.00      0.430869
       5340.00      0.448705
       5350.00      0.420564
       5360.00      0.406286
       5370.00      0.408382
       5380.00      0.397817
       5390.00      0.355508
       5400.00      0.339198
       5410.00      0.353932
       5420.00      0.364373
       5430.00      0.343331
       5440.00      0.347705
       5450.00      0.362003
       5460.00      0.341029
       5470.00      0.324590
       5480.00      0.322290
       5490.00      0.293237
       5500.00      0.294663
       5510.00      0.315079
       5520.00      0.306133
       5530.00      0.282756
       5540.00      0.300625
       5550.00      0.328548
       5560.00      0.322703
       5570.00      0.295187
       5580.00      0.292218
       5590.00      0.417476
       5600.00      0.472595
       5610.00      0.359464
       5620.00      0.318854
       5630.00      0.287557
       5640.00      0.541608
       5650.00      0.855401
       5660.00      0.930058
       5670.00       1.05297
       5680.00       1.04463
       5690.00       1.05874
       5700.00       1.09918
       5710.00       1.14842
       5720.00       1.09831
       5730.00       1.00086
       5740.00      0.868178
       5760.00      0.748462
       5780.00      0.804757
       5800.00      0.878757
       5820.00      0.967356
       5840.00      0.985898
       5860.00      0.862983
       5880.00      0.710034
       5900.00      0.646575
       5920.00      0.692301
       5940.00      0.746313
       5960.00      0.776169
       5980.00      0.779265
       6000.00      0.718524
       6020.00      0.725088
       6040.00      0.779037
       6060.00      0.845267
       6080.00      0.973571
       6100.00      0.950385
       6120.00      0.928278
       6140.00       1.01025
       6160.00      0.991316
       6180.00      0.934870
       6200.00       1.09746
       6220.00       1.17737
       6240.00       1.20996
       6260.00       1.31121
       6280.00       1.35807
       6300.00       1.41409
       6320.00       1.40333
       6340.00       1.30630
       6360.00       1.18223
       6380.00       1.21764
       6400.00       1.32951
       6420.00       1.33508
       6440.00       1.37894
       6460.00       1.42516
       6480.00       1.35861
       6500.00       1.21698
       6520.00       1.28024
       6540.00       1.50314
       6560.00       1.63994
       6580.00       1.70435
       6600.00       1.74259
       6620.00       1.81402
       6640.00       1.71116
       6660.00       1.52759
       6680.00       1.59392
       6700.00       1.86094
       6720.00       2.03604
       6740.00       2.06324
       6760.00       2.17210
       6780.00       2.31044
       6800.00       2.30865
       6820.00       2.22951
       6840.00       2.30054
       6860.00       2.51627
       6880.00       2.91914
       6900.00       2.83669
       6920.00       2.25058
       6940.00       1.68051
       6960.00       1.45359
       6980.00       1.51363
       7000.00       1.61992
       7020.00       1.79833
       7040.00       2.07886
       7060.00       2.33491
       7080.00       1.98019
       7100.00       1.51122
       7120.00       1.35600
       7140.00       1.43482
       7160.00       1.74296
       7180.00       1.90046
       7200.00       1.96491
       7220.00       2.25881
       7240.00       2.30741
       7260.00       1.95141
       7280.00       1.73761
       7300.00       1.78802
       7320.00       1.99276
       7340.00       2.11523
       7360.00       2.30293
       7380.00       2.45695
       7400.00       2.77304
       7420.00       2.83857
       7440.00       2.59763
       7460.00       2.48003
       7480.00       2.44155
       7500.00       2.72661
       7520.00       2.94641
       7540.00       3.01985
       7560.00       3.14392
       7580.00       3.42898
       7600.00       3.22664
       7620.00       2.92933
       7640.00       3.36047
       7660.00       3.58719
       7680.00       3.72631
       7700.00       4.13286
       7720.00       3.92376
       7740.00       3.84766
       7760.00       4.05339
       7780.00       4.10495
       7800.00       4.38532
       7820.00       4.42488
       7840.00       4.03735
       7860.00       3.37503
       7880.00       2.68655
       7900.00       2.14695
       7920.00       1.82747
       7940.00       1.72891
       7960.00       1.88741
       7980.00       2.40444
       8000.00       2.71857
       8020.00       2.81011
       8040.00       2.84122
       8060.00       2.45623
       8080.00       2.01804
       8100.00       1.69686
       8120.00       1.76115
       8140.00       1.96414
       8160.00       2.03962
       8180.00       2.21563
       8200.00       2.69204
       8220.00       2.90839
       8240.00       3.09065
       8260.00       3.07630
       8280.00       2.98905
       8300.00       2.67977
       8320.00       2.51617
       8340.00       2.81111
       8360.00       2.99472
       8380.00       3.27018
       8400.00       3.53184
       8420.00       3.75925
       8440.00       3.93181
       8460.00       3.93927
       8480.00       3.87312
       8500.00       3.70051
       8520.00       3.51206
       8540.00       3.42080
       8560.00       3.80711
       8580.00       4.18830
       8600.00       4.47868
       8620.00       4.71177
       8640.00       4.91096
       8660.00       4.90617
       8680.00       5.00270
       8700.00       5.13464
       8720.00       5.19767
       8740.00       4.97809
       8760.00       4.47135
       8780.00       4.61622
       8800.00       4.90547
       8820.00       4.73034
       8840.00       4.76135
       8860.00       4.79862
       8880.00       4.76546
       8900.00       5.08618
       8920.00       5.37684
       8940.00       5.31405
       8960.00       5.34018
       8980.00       5.14825
       9000.00       4.90991
       9020.00       5.51219
       9040.00       5.78550
       9060.00       5.35324
       9080.00       5.15403
       9100.00       4.86219
       9120.00       4.15801
       9140.00       3.27692
       9160.00       2.66257
       9180.00       2.59992
       9200.00       2.36706
       9220.00       2.55726
       9240.00       2.82400
       9260.00       2.78114
       9280.00       2.75895
       9300.00       2.53649
       9320.00       2.40992
       9340.00       2.21770
       9360.00       2.14903
       9380.00       2.66846
       9400.00       2.88486
       9420.00       2.63696
       9440.00       2.30357
       9460.00       2.21446
       9480.00       2.84436
       9500.00       3.23933
       9520.00       3.34276
       9540.00       3.46953
       9560.00       3.63435
       9580.00       3.37511
       9600.00       3.54239
       9620.00       3.89767
       9640.00       3.63655
       9660.00       3.36771
       9680.00       3.51898
       9700.00       3.68424
       9720.00       3.74669
       9740.00       3.72443
       9760.00       3.81561
       9780.00       3.78170
       9800.00       4.06919
       9820.00       4.63856
       9840.00       4.96925
       9860.00       5.04259
       9880.00       5.26204
       9900.00       5.02508
       9920.00       4.94919
       9940.00       5.13041
       9960.00       5.12865
       9980.00       5.32299
       10000.0       5.73495
       10020.0       5.71218
       10040.0       5.81663
       10060.0       5.59925
       10080.0       5.18015
       10100.0       5.23167
       10120.0       5.22693
       10140.0       5.10194
       10160.0       5.03607
       10180.0       4.96209
       10200.0       5.29438
       10220.0       5.63648
       10240.0       5.78335
       10260.0       5.96835
       10280.0       6.03951
       10300.0       6.03604
       10320.0       5.50766
       10340.0       5.19801
       10360.0       5.43985
       10380.0       5.80918
       10400.0       6.04891
       10420.0       5.87398
       10440.0       5.81654
       10460.0       6.10911
       10480.0       6.14346
       10500.0       6.23441
       10520.0       6.41667
       10540.0       6.46101
       10560.0       6.70124
       10580.0       6.23820
       10600.0       6.04983
       10620.0       6.02509
