       3160.00      0.155456
       3170.00      0.261213
       3180.00      0.201705
       3190.00      0.171449
       3200.00      0.227103
       3210.00      0.223903
       3220.00      0.152189
       3230.00      0.142071
       3240.00      0.217310
       3250.00      0.221619
       3260.00      0.269410
       3270.00      0.232188
       3280.00      0.253698
       3290.00      0.267367
       3300.00      0.310054
       3310.00      0.240750
       3320.00      0.237410
       3330.00      0.237515
       3340.00      0.232572
       3350.00      0.239401
       3360.00      0.223232
       3370.00      0.203925
       3380.00      0.238888
       3390.00      0.266612
       3400.00      0.279801
       3410.00      0.294759
       3420.00      0.293649
       3430.00      0.273928
       3440.00      0.239077
       3450.00      0.260643
       3460.00      0.297045
       3470.00      0.263263
       3480.00      0.262751
       3490.00      0.274634
       3500.00      0.314618
       3510.00      0.362573
       3520.00      0.275486
       3530.00      0.307989
       3540.00      0.346128
       3550.00      0.293591
       3560.00      0.270669
       3570.00      0.247589
       3580.00      0.186113
       3590.00      0.273862
       3600.00      0.363725
       3610.00      0.328191
       3620.00      0.402873
       3630.00      0.410722
       3640.00      0.395326
       3650.00      0.481433
       3660.00      0.533154
       3670.00      0.510359
       3680.00      0.486300
       3690.00      0.513130
       3700.00      0.502079
       3710.00      0.469975
       3720.00      0.457589
       3730.00      0.338038
       3740.00      0.315326
       3750.00      0.353716
       3760.00      0.406756
       3770.00      0.473787
       3780.00      0.524787
       3790.00      0.424338
       3800.00      0.400010
       3810.00      0.392212
       3820.00      0.270433
       3830.00      0.230960
       3840.00      0.258382
       3850.00      0.278852
       3860.00      0.252677
       3870.00      0.270723
       3880.00      0.315622
       3890.00      0.477556
       3900.00      0.567581
       3910.00      0.610549
       3920.00      0.538623
       3930.00      0.309657
       3940.00      0.347031
       3950.00      0.594451
       3960.00      0.497923
       3970.00      0.420110
       3980.00      0.748266
       3990.00      0.978971
       4000.00       1.03782
       4010.00       1.10954
       4020.00       1.13686
       4030.00       1.11460
       4040.00       1.04988
       4050.00       1.07420
       4060.00       1.03507
       4070.00      0.989013
       4080.00       1.09259
       4090.00       1.17485
       4100.00       1.13046
       4110.00       1.10658
       4120.00       1.08653
       4130.00       1.04102
       4140.00       1.01219
       4150.00      0.941637
       4160.00       1.02042
       4170.00       1.01185
       4180.00       1.00331
       4190.00       1.06432
       4200.00       1.11205
       4210.00       1.19880
       4220.00       1.24478
       4230.00       1.28048
       4240.00       1.42123
       4250.00       1.41268
       4260.00       1.42735
       4270.00       1.41164
       4280.00       1.34747
       4290.00       1.27527
       4300.00       1.02719
       4310.00       1.28081
       4320.00       1.56873
       4330.00       1.61348
       4340.00       1.73178
       4350.00       1.73797
       4360.00       1.80975
       4370.00       1.80405
       4380.00       1.55113
       4390.00       1.56738
       4400.00       1.69307
       4410.00       1.74753
       4420.00       1.88689
       4430.00       1.88993
       4440.00       1.96851
       4450.00       1.92582
       4460.00       1.85775
       4470.00       2.03758
       4480.00       2.14059
       4490.00       2.06946
       4500.00       2.19730
       4510.00       2.27699
       4520.00       2.13785
       4530.00       2.02638
       4540.00       2.07330
       4550.00       2.17465
       4560.00       2.22850
       4570.00       2.24151
       4580.00       2.21134
       4590.00       2.18908
       4600.00       2.20875
       4610.00       2.37978
       4620.00       2.41775
       4630.00       2.40186
       4640.00       2.25173
       4650.00       2.26556
       4660.00       2.21722
       4670.00       2.20773
       4680.00       2.31435
       4690.00       2.28291
       4700.00       2.25632
       4710.00       2.34733
       4720.00       2.44769
       4730.00       2.41444
       4740.00       2.48227
       4750.00       2.54910
       4760.00       2.45896
       4770.00       2.56589
       4780.00       2.62180
       4790.00       2.60886
       4800.00       2.61690
       4810.00       2.65642
       4820.00       2.66857
       4830.00       2.62533
       4840.00       2.60477
       4850.00       2.54393
       4860.00       2.38594
       4870.00       2.40307
       4880.00       2.50701
       4890.00       2.55377
       4900.00       2.67713
       4910.00       2.60371
       4920.00       2.54373
       4930.00       2.58865
       4940.00       2.74231
       4950.00       2.78321
       4960.00       2.75735
       4970.00       2.76790
       4980.00       2.66421
       4990.00       2.61724
       5000.00       2.61848
       5010.00       2.52421
       5020.00       2.51613
       5030.00       2.63536
       5040.00       2.68351
       5050.00       2.67584
       5060.00       2.77083
       5070.00       2.69752
       5080.00       2.63623
       5090.00       2.65916
       5100.00       2.69835
       5110.00       2.75338
       5120.00       2.71707
       5130.00       2.63311
       5140.00       2.62766
       5150.00       2.65231
       5160.00       2.53861
       5170.00       2.41809
       5180.00       2.44761
       5190.00       2.57610
       5200.00       2.68640
       5210.00       2.71066
       5220.00       2.71265
       5230.00       2.74262
       5240.00       2.86769
       5250.00       2.87034
       5260.00       2.68198
       5270.00       2.60936
       5280.00       2.85145
       5290.00       3.00121
       5300.00       2.99683
       5310.00       3.09797
       5320.00       3.06622
       5330.00       2.94194
       5340.00       2.97151
       5350.00       3.09772
       5360.00       3.16914
       5370.00       3.05194
       5380.00       3.05608
       5390.00       3.00586
       5400.00       2.83885
       5410.00       2.92079
       5420.00       3.04860
       5430.00       2.94797
       5440.00       3.02112
       5450.00       3.08712
       5460.00       3.08802
       5470.00       3.03754
       5480.00       2.98477
       5490.00       2.99453
       5500.00       3.08475
       5510.00       3.07606
       5520.00       3.08776
       5530.00       3.10989
       5540.00       3.15653
       5550.00       3.23368
       5560.00       3.24930
       5570.00       3.16093
       5580.00       3.24070
       5590.00       3.11307
       5600.00       3.05278
       5610.00       3.25069
       5620.00       3.20855
       5630.00       3.19983
       5640.00       3.20019
       5650.00       3.26686
       5660.00       3.18587
       5670.00       3.18626
       5680.00       3.30356
       5690.00       3.33067
       5700.00       3.29496
       5710.00       3.14903
       5720.00       3.31023
       5730.00       3.42332
       5740.00       3.37286
       5760.00       3.34636
       5780.00       3.33478
       5800.00       3.34971
       5820.00       3.55470
       5840.00       3.51628
       5860.00       3.45488
       5880.00       3.25780
       5900.00       3.34199
       5920.00       3.50616
       5940.00       3.51155
       5960.00       3.52548
       5980.00       3.55925
       6000.00       3.46792
       6020.00       3.54125
       6040.00       3.68740
       6060.00       3.69209
       6080.00       3.71355
       6100.00       3.70696
       6120.00       3.63920
       6140.00       3.53305
       6160.00       3.50223
       6180.00       3.58733
       6200.00       3.65541
       6220.00       3.61901
       6240.00       3.49826
       6260.00       3.50613
       6280.00       3.56817
       6300.00       3.59468
       6320.00       3.60216
       6340.00       3.63109
       6360.00       3.67054
       6380.00       3.73109
       6400.00       3.71943
       6420.00       3.77945
       6440.00       3.82853
       6460.00       3.78241
       6480.00       3.71293
       6500.00       3.71722
       6520.00       3.82856
       6540.00       3.80123
       6560.00       3.79224
       6580.00       3.84282
       6600.00       3.90857
       6620.00       3.89162
       6640.00       3.89528
       6660.00       3.94750
       6680.00       3.93313
       6700.00       3.91123
       6720.00       3.90719
       6740.00       3.97644
       6760.00       3.96971
       6780.00       3.99567
       6800.00       4.05153
       6820.00       4.00969
       6840.00       4.20956
       6860.00       3.87461
       6880.00       3.73465
       6900.00       4.01255
       6920.00       3.94436
       6940.00       3.83240
       6960.00       3.81160
       6980.00       3.79336
       7000.00       3.68279
       7020.00       3.73294
       7040.00       3.75861
       7060.00       3.78173
       7080.00       3.77586
       7100.00       3.76522
       7120.00       3.79291
       7140.00       3.78467
       7160.00       3.80739
       7180.00       3.72564
       7200.00       3.71056
       7220.00       3.72151
       7240.00       3.67125
       7260.00       3.65410
       7280.00       3.66511
       7300.00       3.66673
       7320.00       3.69626
       7340.00       3.71170
       7360.00       3.72244
       7380.00       3.77234
       7400.00       3.73453
       7420.00       3.75659
       7440.00       3.81286
       7460.00       3.82547
       7480.00       3.92678
       7500.00       3.88225
       7520.00       4.02137
       7540.00       4.14169
       7560.00       4.20055
       7580.00       4.13331
       7600.00       3.46150
       7620.00       4.30155
       7640.00       4.06296
       7660.00       4.00122
       7680.00       3.63163
       7700.00       3.88977
       7720.00       3.96351
       7740.00       4.06546
       7760.00       4.10326
       7780.00       4.11679
       7800.00       4.12151
       7820.00       4.16105
       7840.00       4.15695
       7860.00       4.12904
       7880.00       4.06886
       7900.00       3.90553
       7920.00       3.85482
       7940.00       3.83868
       7960.00       3.87395
       7980.00       3.97520
       8000.00       4.00783
       8020.00       3.99147
       8040.00       4.04296
       8060.00       4.00757
       8080.00       3.86489
       8100.00       3.84484
       8120.00       3.97586
       8140.00       3.92635
       8160.00       3.77692
       8180.00       3.80515
       8200.00       4.06997
       8220.00       3.84464
       8240.00       4.04195
       8260.00       4.08164
       8280.00       3.98541
       8300.00       3.96144
       8320.00       3.78410
       8340.00       3.78728
       8360.00       3.77211
       8380.00       3.99474
       8400.00       3.89198
       8420.00       3.94341
       8440.00       3.93608
       8460.00       3.86841
       8480.00       3.79905
       8500.00       3.85020
       8520.00       3.60734
       8540.00       3.63278
       8560.00       4.01617
       8580.00       4.00085
       8600.00       4.06678
       8620.00       4.10081
       8640.00       3.85876
       8660.00       3.87738
       8680.00       3.97241
       8700.00       4.02787
       8720.00       4.08307
       8740.00       4.07373
       8760.00       4.23548
       8780.00       3.90584
       8800.00       3.94340
       8820.00       4.08697
       8840.00       3.88511
       8860.00       3.95897
       8880.00       4.03826
       8900.00       3.96988
       8920.00       4.05070
       8940.00       3.94450
       8960.00       4.01741
       8980.00       3.95158
       9000.00       3.76495
       9020.00       3.87931
       9040.00       4.08922
       9060.00       3.93548
       9080.00       3.69428
       9100.00       3.73107
       9120.00       3.71728
       9140.00       3.48932
       9160.00       3.41106
       9180.00       3.53533
       9200.00       3.76269
       9220.00       3.71021
       9240.00       3.70586
       9260.00       3.53236
       9280.00       3.86970
       9300.00       3.44760
       9320.00       3.35616
       9340.00       3.71176
       9360.00       3.53465
       9380.00       3.57068
       9400.00       3.93623
       9420.00       3.25546
       9440.00       3.12951
       9460.00       3.41449
       9480.00       3.48990
       9500.00       3.41266
       9520.00       3.89914
       9540.00       3.74818
       9560.00       3.48742
       9580.00       3.59211
       9600.00       3.48530
       9620.00       3.62320
       9640.00       3.49557
       9660.00       3.82500
       9680.00       3.81358
       9700.00       3.70215
       9720.00       3.64548
       9740.00       3.66247
       9760.00       3.64275
       9780.00       3.72236
       9800.00       3.69391
       9820.00       3.85111
       9840.00       3.88482
       9860.00       3.66798
       9880.00       3.66917
       9900.00       3.77183
       9920.00       3.70072
       9940.00       3.67957
       9960.00       3.72347
       9980.00       3.74672
       10000.0       3.82606
       10020.0       3.75215
       10040.0       3.74807
       10060.0       3.66445
       10080.0       3.79908
       10100.0       3.66848
       10120.0       3.55187
       10140.0       3.54990
       10160.0       3.55967
       10180.0       3.50083
       10200.0       3.36709
       10220.0       3.48046
       10240.0       3.40715
       10260.0       3.37395
       10280.0       3.36242
       10300.0       3.39722
       10320.0       3.39559
       10340.0       3.31491
       10360.0       3.53862
       10380.0       3.46782
       10400.0       3.41531
       10420.0       3.52641
       10440.0       3.43974
       10460.0       3.23131
       10480.0       3.41199
       10500.0       3.36008
       10520.0       3.38283
       10540.0       3.32633
       10560.0       3.29584
       10580.0       3.29605
       10600.0       3.24806
       10620.0       3.35739
