       3160.00    0.00661587
       3170.00    0.00500995
       3180.00    0.00428833
       3190.00    0.00394220
       3200.00    0.00461079
       3210.00    0.00594522
       3220.00    0.00361089
       3230.00    0.00202578
       3240.00    0.00339149
       3250.00    0.00348219
       3260.00    0.00592318
       3270.00    0.00667192
       3280.00    0.00546615
       3290.00    0.00607185
       3300.00    0.00709793
       3310.00    0.00650049
       3320.00    0.00670722
       3330.00    0.00648119
       3340.00    0.00653771
       3350.00    0.00537155
       3360.00    0.00600405
       3370.00    0.00508049
       3380.00    0.00550171
       3390.00    0.00703970
       3400.00    0.00796094
       3410.00    0.00755476
       3420.00    0.00868879
       3430.00    0.00846632
       3440.00    0.00704659
       3450.00    0.00685466
       3460.00    0.00878378
       3470.00    0.00786259
       3480.00    0.00757822
       3490.00    0.00760494
       3500.00    0.00835602
       3510.00    0.00933562
       3520.00    0.00804440
       3530.00    0.00900602
       3540.00    0.00983221
       3550.00    0.00923836
       3560.00    0.00734988
       3570.00    0.00760552
       3580.00    0.00552228
       3590.00    0.00714719
       3600.00    0.00895352
       3610.00    0.00931896
       3620.00     0.0108551
       3630.00     0.0123672
       3640.00     0.0122506
       3650.00     0.0136246
       3660.00     0.0170233
       3670.00     0.0150806
       3680.00     0.0126509
       3690.00     0.0165387
       3700.00     0.0143568
       3710.00     0.0143611
       3720.00     0.0118938
       3730.00    0.00811019
       3740.00    0.00778968
       3750.00    0.00869556
       3760.00     0.0117647
       3770.00     0.0138760
       3780.00     0.0161002
       3790.00     0.0130469
       3800.00     0.0122390
       3810.00     0.0111790
       3820.00    0.00659639
       3830.00    0.00667235
       3840.00    0.00819582
       3850.00    0.00914299
       3860.00    0.00784435
       3870.00    0.00900109
       3880.00     0.0102414
       3890.00     0.0137038
       3900.00     0.0164164
       3910.00     0.0161919
       3920.00     0.0140015
       3930.00    0.00903095
       3940.00     0.0121092
       3950.00     0.0187313
       3960.00     0.0149510
       3970.00     0.0133047
       3980.00     0.0246122
       3990.00     0.0310236
       4000.00     0.0333644
       4010.00     0.0395112
       4020.00     0.0388055
       4030.00     0.0382431
       4040.00     0.0370558
       4050.00     0.0387035
       4060.00     0.0401581
       4070.00     0.0380980
       4080.00     0.0436673
       4090.00     0.0471427
       4100.00     0.0420341
       4110.00     0.0416119
       4120.00     0.0421719
       4130.00     0.0410693
       4140.00     0.0361154
       4150.00     0.0363678
       4160.00     0.0397120
       4170.00     0.0375672
       4180.00     0.0409600
       4190.00     0.0392932
       4200.00     0.0418383
       4210.00     0.0467136
       4220.00     0.0452676
       4230.00     0.0460043
       4240.00     0.0546453
       4250.00     0.0540305
       4260.00     0.0553147
       4270.00     0.0541953
       4280.00     0.0523352
       4290.00     0.0522132
       4300.00     0.0468935
       4310.00     0.0556971
       4320.00     0.0675254
       4330.00     0.0719243
       4340.00     0.0749397
       4350.00     0.0771639
       4360.00     0.0819629
       4370.00     0.0761875
       4380.00     0.0663430
       4390.00     0.0685880
       4400.00     0.0715912
       4410.00     0.0742187
       4420.00     0.0791079
       4430.00     0.0808586
       4440.00     0.0848859
       4450.00     0.0815293
       4460.00     0.0819151
       4470.00     0.0896949
       4480.00     0.0921571
       4490.00     0.0950058
       4500.00      0.102559
       4510.00      0.106788
       4520.00     0.0968894
       4530.00     0.0928400
       4540.00     0.0960695
       4550.00      0.103413
       4560.00      0.108500
       4570.00      0.108304
       4580.00      0.106427
       4590.00      0.105070
       4600.00      0.105882
       4610.00      0.116389
       4620.00      0.119979
       4630.00      0.116211
       4640.00      0.105030
       4650.00      0.111752
       4660.00      0.111674
       4670.00      0.109021
       4680.00      0.113023
       4690.00      0.111740
       4700.00      0.111503
       4710.00      0.111545
       4720.00      0.119527
       4730.00      0.118321
       4740.00      0.121142
       4750.00      0.122093
       4760.00      0.119509
       4770.00      0.122546
       4780.00      0.121976
       4790.00      0.122839
       4800.00      0.124324
       4810.00      0.129494
       4820.00      0.132206
       4830.00      0.129677
       4840.00      0.129836
       4850.00      0.128600
       4860.00      0.122480
       4870.00      0.122672
       4880.00      0.125577
       4890.00      0.126684
       4900.00      0.133881
       4910.00      0.131983
       4920.00      0.131313
       4930.00      0.131409
       4940.00      0.136656
       4950.00      0.138866
       4960.00      0.132981
       4970.00      0.138780
       4980.00      0.133767
       4990.00      0.131749
       5000.00      0.127710
       5010.00      0.124099
       5020.00      0.127500
       5030.00      0.130328
       5040.00      0.131634
       5050.00      0.132843
       5060.00      0.137833
       5070.00      0.130967
       5080.00      0.126401
       5090.00      0.126799
       5100.00      0.121891
       5110.00      0.121928
       5120.00      0.117709
       5130.00      0.121270
       5140.00      0.122733
       5150.00      0.121674
       5160.00      0.115978
       5170.00      0.106107
       5180.00      0.109366
       5190.00      0.121587
       5200.00      0.125417
       5210.00      0.126943
       5220.00      0.133878
       5230.00      0.137735
       5240.00      0.145340
       5250.00      0.142165
       5260.00      0.132878
       5270.00      0.128295
       5280.00      0.141517
       5290.00      0.152541
       5300.00      0.154486
       5310.00      0.159484
       5320.00      0.157242
       5330.00      0.149088
       5340.00      0.153206
       5350.00      0.161557
       5360.00      0.169280
       5370.00      0.165082
       5380.00      0.166521
       5390.00      0.162362
       5400.00      0.152078
       5410.00      0.156935
       5420.00      0.168897
       5430.00      0.167115
       5440.00      0.167620
       5450.00      0.177324
       5460.00      0.172699
       5470.00      0.172899
       5480.00      0.170372
       5490.00      0.172782
       5500.00      0.175541
       5510.00      0.175564
       5520.00      0.178989
       5530.00      0.180703
       5540.00      0.179699
       5550.00      0.186144
       5560.00      0.184627
       5570.00      0.181766
       5580.00      0.180262
       5590.00      0.175571
       5600.00      0.168382
       5610.00      0.187334
       5620.00      0.184327
       5630.00      0.181998
       5640.00      0.184839
       5650.00      0.183182
       5660.00      0.183854
       5670.00      0.182536
       5680.00      0.192135
       5690.00      0.192458
       5700.00      0.188495
       5710.00      0.181586
       5720.00      0.190135
       5730.00      0.197998
       5740.00      0.198799
       5760.00      0.194684
       5780.00      0.199535
       5800.00      0.204677
       5820.00      0.212526
       5840.00      0.211959
       5860.00      0.209473
       5880.00      0.192149
       5900.00      0.191497
       5920.00      0.214330
       5940.00      0.216454
       5960.00      0.218249
       5980.00      0.218148
       6000.00      0.218360
       6020.00      0.218882
       6040.00      0.225155
       6060.00      0.221622
       6080.00      0.216413
       6100.00      0.209853
       6120.00      0.208400
       6140.00      0.218428
       6160.00      0.219396
       6180.00      0.219750
       6200.00      0.224949
       6220.00      0.220904
       6240.00      0.214326
       6260.00      0.213491
       6280.00      0.220289
       6300.00      0.226000
       6320.00      0.229445
       6340.00      0.224870
       6360.00      0.226083
       6380.00      0.227288
       6400.00      0.227311
       6420.00      0.224847
       6440.00      0.227358
       6460.00      0.224764
       6480.00      0.218997
       6500.00      0.223670
       6520.00      0.230906
       6540.00      0.228764
       6560.00      0.228353
       6580.00      0.229514
       6600.00      0.239776
       6620.00      0.236781
       6640.00      0.242433
       6660.00      0.242551
       6680.00      0.243653
       6700.00      0.247832
       6720.00      0.246954
       6740.00      0.246082
       6760.00      0.247994
       6780.00      0.248232
       6800.00      0.251507
       6820.00      0.250632
       6840.00      0.253469
       6860.00      0.242736
       6880.00      0.243395
       6900.00      0.252898
       6920.00      0.255560
       6940.00      0.251441
       6960.00      0.249908
       6980.00      0.247712
       7000.00      0.246736
       7020.00      0.251385
       7040.00      0.255473
       7060.00      0.256612
       7080.00      0.254428
       7100.00      0.251727
       7120.00      0.248382
       7140.00      0.245318
       7160.00      0.252503
       7180.00      0.249969
       7200.00      0.238448
       7220.00      0.249624
       7240.00      0.250491
       7260.00      0.247861
       7280.00      0.244600
       7300.00      0.248819
       7320.00      0.251988
       7340.00      0.249126
       7360.00      0.255085
       7380.00      0.257066
       7400.00      0.259290
       7420.00      0.258718
       7440.00      0.262062
       7460.00      0.260856
       7480.00      0.258777
       7500.00      0.251700
       7520.00      0.261647
       7540.00      0.259956
       7560.00      0.256411
       7580.00      0.269860
       7600.00      0.233189
       7620.00      0.255748
       7640.00      0.265159
       7660.00      0.265079
       7680.00      0.249837
       7700.00      0.264556
       7720.00      0.264236
       7740.00      0.267072
       7760.00      0.268320
       7780.00      0.268596
       7800.00      0.268389
       7820.00      0.268663
       7840.00      0.262587
       7860.00      0.258215
       7880.00      0.251124
       7900.00      0.243236
       7920.00      0.236100
       7940.00      0.244140
       7960.00      0.243644
       7980.00      0.247977
       8000.00      0.255222
       8020.00      0.250253
       8040.00      0.252901
       8060.00      0.253905
       8080.00      0.246535
       8100.00      0.241172
       8120.00      0.248790
       8140.00      0.254986
       8160.00      0.248261
       8180.00      0.247195
       8200.00      0.251975
       8220.00      0.248277
       8240.00      0.246763
       8260.00      0.263903
       8280.00      0.243756
       8300.00      0.252560
       8320.00      0.246422
       8340.00      0.244029
       8360.00      0.245692
       8380.00      0.244770
       8400.00      0.258275
       8420.00      0.247846
       8440.00      0.260166
       8460.00      0.265213
       8480.00      0.260047
       8500.00      0.258330
       8520.00      0.251771
       8540.00      0.242053
       8560.00      0.245218
       8580.00      0.253075
       8600.00      0.263189
       8620.00      0.260399
       8640.00      0.250448
       8660.00      0.250412
       8680.00      0.247779
       8700.00      0.262971
       8720.00      0.268507
       8740.00      0.262734
       8760.00      0.267817
       8780.00      0.273197
       8800.00      0.268947
       8820.00      0.269083
       8840.00      0.275486
       8860.00      0.275394
       8880.00      0.273822
       8900.00      0.264342
       8920.00      0.268593
       8940.00      0.267782
       8960.00      0.270853
       8980.00      0.272655
       9000.00      0.256918
       9020.00      0.271342
       9040.00      0.292975
       9060.00      0.281236
       9080.00      0.266343
       9100.00      0.255437
       9120.00      0.262085
       9140.00      0.252366
       9160.00      0.252225
       9180.00      0.250653
       9200.00      0.257662
       9220.00      0.258224
       9240.00      0.250245
       9260.00      0.244329
       9280.00      0.260096
       9300.00      0.246106
       9320.00      0.230462
       9340.00      0.253398
       9360.00      0.236702
       9380.00      0.245509
       9400.00      0.276559
       9420.00      0.235693
       9440.00      0.228229
       9460.00      0.226952
       9480.00      0.233408
       9500.00      0.238552
       9520.00      0.263898
       9540.00      0.269448
       9560.00      0.256899
       9580.00      0.246559
       9600.00      0.250350
       9620.00      0.257933
       9640.00      0.254280
       9660.00      0.246365
       9680.00      0.257499
       9700.00      0.245930
       9720.00      0.253443
       9740.00      0.251670
       9760.00      0.253656
       9780.00      0.251216
       9800.00      0.248787
       9820.00      0.252680
       9840.00      0.258179
       9860.00      0.261370
       9880.00      0.265974
       9900.00      0.261073
       9920.00      0.264145
       9940.00      0.265786
       9960.00      0.268741
       9980.00      0.268391
       10000.0      0.265037
       10020.0      0.254947
       10040.0      0.255655
       10060.0      0.260375
       10080.0      0.252498
       10100.0      0.264365
       10120.0      0.260409
       10140.0      0.256561
       10160.0      0.261602
       10180.0      0.263579
       10200.0      0.256986
       10220.0      0.260250
       10240.0      0.258825
       10260.0      0.261433
       10280.0      0.269238
       10300.0      0.271086
       10320.0      0.267739
       10340.0      0.264951
       10360.0      0.263895
       10380.0      0.260220
       10400.0      0.269382
       10420.0      0.266522
       10440.0      0.261333
       10460.0      0.264156
       10480.0      0.263472
       10500.0      0.265028
       10520.0      0.260864
       10540.0      0.263933
       10560.0      0.274639
       10580.0      0.255478
       10600.0      0.258452
       10620.0      0.262564
