       3160.00      0.106774
       3170.00      0.100939
       3180.00     0.0661515
       3190.00     0.0323155
       3200.00    0.00571864
       3210.00     0.0305044
       3220.00     0.0273141
       3230.00     0.0455845
       3240.00     0.0375215
       3250.00     0.0337087
       3260.00     0.0274151
       3270.00     0.0193554
       3280.00     0.0225217
       3290.00     0.0189078
       3300.00     0.0243032
       3310.00     0.0289501
       3320.00     0.0295628
       3330.00     0.0228814
       3340.00     0.0217418
       3350.00     0.0294532
       3360.00     0.0244334
       3370.00     0.0165854
       3380.00     0.0298567
       3390.00     0.0327495
       3400.00     0.0288672
       3410.00     0.0331851
       3420.00     0.0366195
       3430.00     0.0392138
       3440.00     0.0277849
       3450.00     0.0371253
       3460.00     0.0402965
       3470.00     0.0377880
       3480.00     0.0418573
       3490.00     0.0425740
       3500.00     0.0389274
       3510.00     0.0442522
       3520.00     0.0373121
       3530.00     0.0516238
       3540.00     0.0617131
       3550.00     0.0530986
       3560.00     0.0471521
       3570.00     0.0309184
       3580.00     0.0377458
       3590.00     0.0481634
       3600.00     0.0470104
       3610.00     0.0460332
       3620.00     0.0622920
       3630.00     0.0688167
       3640.00     0.0655197
       3650.00     0.0691936
       3660.00     0.0862139
       3670.00     0.0863122
       3680.00     0.0718699
       3690.00     0.0839386
       3700.00     0.0801170
       3710.00     0.0667971
       3720.00     0.0693299
       3730.00     0.0516429
       3740.00     0.0446783
       3750.00     0.0554850
       3760.00     0.0674946
       3770.00     0.0892539
       3780.00     0.0917275
       3790.00     0.0798683
       3800.00     0.0840836
       3810.00     0.0841037
       3820.00     0.0707967
       3830.00     0.0639059
       3840.00     0.0689947
       3850.00     0.0769956
       3860.00     0.0954901
       3870.00     0.0802320
       3880.00     0.0902303
       3890.00     0.0942035
       3900.00      0.106310
       3910.00      0.118706
       3920.00      0.104285
       3930.00     0.0613073
       3940.00     0.0714342
       3950.00      0.109454
       3960.00     0.0894498
       3970.00     0.0909189
       3980.00      0.138513
       3990.00      0.191885
       4000.00      0.209139
       4010.00      0.243616
       4020.00      0.236773
       4030.00      0.245972
       4040.00      0.234995
       4050.00      0.244947
       4060.00      0.270702
       4070.00      0.234164
       4080.00      0.287810
       4090.00      0.308824
       4100.00      0.286108
       4110.00      0.276410
       4120.00      0.293550
       4130.00      0.292729
       4140.00      0.281313
       4150.00      0.297065
       4160.00      0.330675
       4170.00      0.301322
       4180.00      0.328288
       4190.00      0.342209
       4200.00      0.348601
       4210.00      0.335608
       4220.00      0.267430
       4230.00      0.270195
       4240.00      0.411764
       4250.00      0.421587
       4260.00      0.412702
       4270.00      0.445749
       4280.00      0.401487
       4290.00      0.410885
       4300.00      0.410996
       4310.00      0.515391
       4320.00      0.601608
       4330.00      0.622462
       4340.00      0.677037
       4350.00      0.697621
       4360.00      0.762292
       4370.00      0.756000
       4380.00      0.631761
       4390.00      0.652958
       4400.00      0.708456
       4410.00      0.693677
       4420.00      0.774081
       4430.00      0.792694
       4440.00      0.838770
       4450.00      0.823487
       4460.00      0.752399
       4470.00      0.863580
       4480.00      0.923759
       4490.00      0.930214
       4500.00      0.997112
       4510.00       1.06473
       4520.00      0.939599
       4530.00      0.918625
       4540.00      0.982939
       4550.00       1.06041
       4560.00       1.16269
       4570.00       1.22638
       4580.00       1.21302
       4590.00       1.18340
       4600.00       1.18581
       4610.00       1.34242
       4620.00       1.41463
       4630.00       1.24417
       4640.00       1.12320
       4650.00       1.20364
       4660.00       1.21647
       4670.00       1.19848
       4680.00       1.26125
       4690.00       1.29442
       4700.00       1.40356
       4710.00       1.38662
       4720.00       1.44426
       4730.00       1.46027
       4740.00       1.53266
       4750.00       1.52300
       4760.00       1.36371
       4770.00       1.25444
       4780.00       1.29308
       4790.00       1.34336
       4800.00       1.39789
       4810.00       1.38831
       4820.00       1.43935
       4830.00       1.44238
       4840.00       1.45677
       4850.00       1.39451
       4860.00       1.39227
       4870.00       1.45471
       4880.00       1.49089
       4890.00       1.59663
       4900.00       1.76248
       4910.00       1.76076
       4920.00       1.86935
       4930.00       1.89223
       4940.00       1.97474
       4950.00       1.84721
       4960.00       1.47547
       4970.00       1.48050
       4980.00       1.56103
       4990.00       1.54748
       5000.00       1.52696
       5010.00       1.42077
       5020.00       1.49438
       5030.00       1.63791
       5040.00       1.68288
       5050.00       1.76068
       5060.00       1.77715
       5070.00       1.73987
       5080.00       1.72019
       5090.00       1.77718
       5100.00       1.77310
       5110.00       1.82378
       5120.00       1.81156
       5130.00       1.83813
       5140.00       1.93449
       5150.00       1.84910
       5160.00       1.75544
       5170.00       1.38922
       5180.00       1.32426
       5190.00       1.51318
       5200.00       1.54908
       5210.00       1.69341
       5220.00       1.98128
       5230.00       2.10523
       5240.00       2.17240
       5250.00       2.10973
       5260.00       2.05631
       5270.00       2.12174
       5280.00       2.42088
       5290.00       2.51398
       5300.00       2.53520
       5310.00       2.67927
       5320.00       2.49233
       5330.00       2.45152
       5340.00       2.51735
       5350.00       2.72125
       5360.00       2.87789
       5370.00       2.77147
       5380.00       2.80610
       5390.00       2.71694
       5400.00       2.57602
       5410.00       2.72498
       5420.00       2.95604
       5430.00       2.90837
       5440.00       2.85524
       5450.00       2.65954
       5460.00       2.30103
       5470.00       2.46675
       5480.00       2.55264
       5490.00       2.65297
       5500.00       2.65565
       5510.00       2.61698
       5520.00       2.80279
       5530.00       2.98847
       5540.00       3.01619
       5550.00       3.05208
       5560.00       2.95035
       5570.00       2.88467
       5580.00       2.93977
       5590.00       2.89349
       5600.00       2.72999
       5610.00       2.74965
       5620.00       2.77740
       5630.00       2.70784
       5640.00       2.77568
       5650.00       2.75453
       5660.00       2.94144
       5670.00       2.86884
       5680.00       3.09527
       5690.00       3.20805
       5700.00       3.25606
       5710.00       3.10846
       5720.00       3.29278
       5730.00       3.24702
       5740.00       3.50504
       5760.00       3.56984
       5780.00       3.69502
       5800.00       3.92214
       5820.00       4.01899
       5840.00       3.76963
       5860.00       3.44370
       5880.00       3.04198
       5900.00       2.92803
       5920.00       3.15830
       5940.00       3.33555
       5960.00       3.49108
       5980.00       3.60212
       6000.00       3.80415
       6020.00       4.02768
       6040.00       4.20418
       6060.00       4.36437
       6080.00       4.55620
       6100.00       4.63650
       6120.00       4.60886
       6140.00       4.19297
       6160.00       3.64825
       6180.00       3.20849
       6200.00       3.04032
       6220.00       2.88062
       6240.00       2.88609
       6260.00       3.13085
       6280.00       3.47143
       6300.00       3.92147
       6320.00       4.34448
       6340.00       4.41035
       6360.00       4.46859
       6380.00       4.84996
       6400.00       4.93513
       6420.00       5.10550
       6440.00       5.23920
       6460.00       5.22298
       6480.00       4.75860
       6500.00       4.58873
       6520.00       5.02016
       6540.00       5.03520
       6560.00       5.02451
       6580.00       5.25087
       6600.00       5.41563
       6620.00       5.32768
       6640.00       5.09060
       6660.00       4.96054
       6680.00       4.84728
       6700.00       4.75523
       6720.00       4.65008
       6740.00       4.67484
       6760.00       4.90073
       6780.00       5.00804
       6800.00       5.16417
       6820.00       5.50993
       6840.00       5.86261
       6860.00       5.64049
       6880.00       5.80630
       6900.00       6.35667
       6920.00       6.41563
       6940.00       6.39714
       6960.00       6.71043
       6980.00       6.70654
       7000.00       6.80531
       7020.00       7.05596
       7040.00       6.80573
       7060.00       6.10867
       7080.00       5.41987
       7100.00       5.13760
       7120.00       4.83545
       7140.00       4.57995
       7160.00       5.06679
       7180.00       5.26347
       7200.00       5.39536
       7220.00       5.74250
       7240.00       6.05816
       7260.00       6.31522
       7280.00       6.54987
       7300.00       6.78951
       7320.00       6.97564
       7340.00       6.98579
       7360.00       7.25346
       7380.00       7.44924
       7400.00       7.46216
       7420.00       7.74698
       7440.00       7.85150
       7460.00       7.90832
       7480.00       8.41040
       7500.00       8.58366
       7520.00       8.92067
       7540.00       9.18086
       7560.00       9.27184
       7580.00       8.71089
       7600.00       7.26981
       7620.00       8.48861
       7640.00       8.22426
       7660.00       7.87947
       7680.00       7.06270
       7700.00       7.44343
       7720.00       7.78456
       7740.00       8.01332
       7760.00       7.95721
       7780.00       7.20380
       7800.00       7.40876
       7820.00       7.48561
       7840.00       7.26176
       7860.00       7.35610
       7880.00       7.45189
       7900.00       7.42335
       7920.00       7.41619
       7940.00       7.60160
       7960.00       7.94358
       7980.00       8.15547
       8000.00       8.39880
       8020.00       8.54751
       8040.00       8.70499
       8060.00       8.83892
       8080.00       8.83597
       8100.00       8.80094
       8120.00       9.24995
       8140.00       9.51457
       8160.00       9.31514
       8180.00       9.44188
       8200.00       10.5170
       8220.00       10.2087
       8240.00       10.5197
       8260.00       10.8829
       8280.00       10.3877
       8300.00       10.4050
       8320.00       10.1723
       8340.00       10.1186
       8360.00       10.1328
       8380.00       10.6541
       8400.00       10.5669
       8420.00       10.4455
       8440.00       10.3610
       8460.00       10.5498
       8480.00       10.1463
       8500.00       10.5127
       8520.00       10.0071
       8540.00       10.0123
       8560.00       11.0623
       8580.00       11.3769
       8600.00       11.6117
       8620.00       11.9111
       8640.00       11.1050
       8660.00       10.6221
       8680.00       11.6174
       8700.00       11.9053
       8720.00       11.9989
       8740.00       12.2303
       8760.00       12.3438
       8780.00       12.0162
       8800.00       12.2686
       8820.00       12.1714
       8840.00       12.5762
       8860.00       12.3390
       8880.00       12.1856
       8900.00       12.1908
       8920.00       12.1721
       8940.00       12.2423
       8960.00       12.1945
       8980.00       12.2099
       9000.00       11.7190
       9020.00       12.3507
       9040.00       13.2687
       9060.00       12.5746
       9080.00       11.8330
       9100.00       12.1715
       9120.00       12.0761
       9140.00       11.6784
       9160.00       11.2456
       9180.00       11.6258
       9200.00       12.3633
       9220.00       12.2967
       9240.00       12.0748
       9260.00       11.8126
       9280.00       12.5351
       9300.00       11.5498
       9320.00       10.5572
       9340.00       11.9995
       9360.00       10.3602
       9380.00       11.7561
       9400.00       13.0045
       9420.00       10.5782
       9440.00       10.5153
       9460.00       11.5888
       9480.00       11.8691
       9500.00       11.9761
       9520.00       12.8181
       9540.00       12.9050
       9560.00       12.9324
       9580.00       12.6309
       9600.00       12.3211
       9620.00       12.7484
       9640.00       12.3128
       9660.00       12.4250
       9680.00       12.6994
       9700.00       12.3753
       9720.00       12.4474
       9740.00       12.3951
       9760.00       12.9415
       9780.00       12.7743
       9800.00       12.8918
       9820.00       13.2314
       9840.00       13.2961
       9860.00       13.1777
       9880.00       13.3584
       9900.00       13.1924
       9920.00       13.1797
       9940.00       13.5069
       9960.00       13.7822
       9980.00       13.6979
       10000.0       13.7652
       10020.0       13.7469
       10040.0       13.3191
       10060.0       13.2303
       10080.0       13.4315
       10100.0       13.6774
       10120.0       13.2515
       10140.0       13.2103
       10160.0       13.1934
       10180.0       13.0818
       10200.0       12.9303
       10220.0       13.1024
       10240.0       12.9216
       10260.0       12.8025
       10280.0       12.8088
       10300.0       13.0022
       10320.0       12.7488
       10340.0       12.7375
       10360.0       13.0729
       10380.0       12.9756
       10400.0       13.0138
       10420.0       13.1972
       10440.0       13.4004
       10460.0       13.2885
       10480.0       13.0881
       10500.0       13.1709
       10520.0       12.8887
       10540.0       13.0194
       10560.0       12.6053
       10580.0       12.7722
       10600.0       12.7121
       10620.0       12.8695
