       3160.00       11.0921
       3170.00       11.2498
       3180.00       10.9912
       3190.00       11.1644
       3200.00       11.8793
       3210.00       11.9102
       3220.00       11.1527
       3230.00       11.2631
       3240.00       11.6298
       3250.00       10.9741
       3260.00       11.3212
       3270.00       11.2296
       3280.00       10.9656
       3290.00       10.8793
       3300.00       10.8463
       3310.00       10.6602
       3320.00       10.7105
       3330.00       10.6069
       3340.00       10.5988
       3350.00       10.8561
       3360.00       10.5664
       3370.00       10.5080
       3380.00       10.6905
       3390.00       10.6426
       3400.00       10.4095
       3410.00       10.4615
       3420.00       10.6431
       3430.00       10.3739
       3440.00       10.3553
       3450.00       10.3138
       3460.00       10.3883
       3470.00       10.2943
       3480.00       10.0847
       3490.00       9.98535
       3500.00       10.0565
       3510.00       10.0832
       3520.00       10.0952
       3530.00       10.0014
       3540.00       9.89025
       3550.00       9.97410
       3560.00       9.84360
       3570.00       9.82713
       3580.00       9.90382
       3590.00       9.78012
       3600.00       9.77058
       3610.00       9.70067
       3620.00       9.66729
       3630.00       9.62646
       3640.00       9.56515
       3650.00       9.44984
       3660.00       9.53563
       3670.00       9.41131
       3680.00       9.42238
       3690.00       9.24100
       3700.00       9.34144
       3710.00       9.36009
       3720.00       9.51297
       3730.00       9.45450
       3740.00       9.79401
       3750.00       10.3580
       3760.00       10.6110
       3770.00       10.6250
       3780.00       11.8559
       3790.00       11.6781
       3800.00       10.7811
       3810.00       12.4912
       3820.00       13.4240
       3830.00       11.1937
       3840.00       11.0923
       3850.00       13.5255
       3860.00       14.3740
       3870.00       14.0192
       3880.00       11.9285
       3890.00       10.3380
       3900.00       12.2233
       3910.00       14.1902
       3920.00       14.4474
       3930.00       14.2593
       3940.00       14.4244
       3950.00       14.1268
       3960.00       12.4888
       3970.00       10.3195
       3980.00       12.0274
       3990.00       14.2635
       4000.00       14.6641
       4010.00       14.4891
       4020.00       13.9203
       4030.00       13.9055
       4040.00       14.4600
       4050.00       14.6398
       4060.00       14.6623
       4070.00       14.3340
       4080.00       13.7836
       4090.00       12.0239
       4100.00       10.2631
       4110.00       11.3478
       4120.00       13.2937
       4130.00       13.7608
       4140.00       13.6988
       4150.00       13.7518
       4160.00       13.9095
       4170.00       13.8666
       4180.00       13.6247
       4190.00       13.7247
       4200.00       13.5787
       4210.00       13.6595
       4220.00       13.7211
       4230.00       13.6511
       4240.00       13.5815
       4250.00       13.4843
       4260.00       13.3409
       4270.00       13.2911
       4280.00       13.2785
       4290.00       13.0165
       4300.00       12.8940
       4310.00       12.8088
       4320.00       12.1916
       4330.00       10.4324
       4340.00       9.17470
       4350.00       10.6124
       4360.00       12.1890
       4370.00       12.5876
       4380.00       12.2872
       4390.00       12.1057
       4400.00       12.4026
       4410.00       12.3295
       4420.00       12.0414
       4430.00       11.9695
       4440.00       11.8800
       4450.00       11.8890
       4460.00       11.6667
       4470.00       11.1615
       4480.00       11.3313
       4490.00       11.5534
       4500.00       11.4484
       4510.00       11.4054
       4520.00       11.3188
       4530.00       11.2325
       4540.00       11.2951
       4550.00       11.2441
       4560.00       11.3065
       4570.00       11.1602
       4580.00       11.1532
       4590.00       11.0165
       4600.00       10.8891
       4610.00       10.8741
       4620.00       10.8849
       4630.00       10.8700
       4640.00       10.7269
       4650.00       10.6441
       4660.00       10.5617
       4670.00       10.4796
       4680.00       10.4572
       4690.00       10.4519
       4700.00       10.4971
       4710.00       10.4159
       4720.00       10.3434
       4730.00       10.3635
       4740.00       10.3667
       4750.00       10.2530
       4760.00       10.2232
       4770.00       10.1435
       4780.00       10.0145
       4790.00       10.0267
       4800.00       9.94794
       4810.00       9.87779
       4820.00       9.75033
       4830.00       9.48381
       4840.00       9.21020
       4850.00       8.01532
       4860.00       7.06202
       4870.00       7.89608
       4880.00       9.01280
       4890.00       9.30256
       4900.00       9.32405
       4910.00       9.28083
       4920.00       9.05238
       4930.00       9.08228
       4940.00       9.42517
       4950.00       9.42215
       4960.00       9.31520
       4970.00       9.19272
       4980.00       9.23001
       4990.00       9.14793
       5000.00       9.16136
       5010.00       9.01642
       5020.00       9.06166
       5030.00       8.94114
       5040.00       8.86045
       5050.00       8.76437
       5060.00       8.72354
       5070.00       8.67504
       5080.00       8.68139
       5090.00       8.51629
       5100.00       8.53070
       5110.00       8.63042
       5120.00       8.66004
       5130.00       8.61224
       5140.00       8.51832
       5150.00       8.44788
       5160.00       8.43919
       5170.00       8.43054
       5180.00       8.46020
       5190.00       8.32163
       5200.00       8.28275
       5210.00       8.25924
       5220.00       8.19023
       5230.00       8.12908
       5240.00       8.06058
       5250.00       8.01501
       5260.00       8.02993
       5270.00       8.09748
       5280.00       7.99201
       5290.00       7.96940
       5300.00       7.83464
       5310.00       7.81241
       5320.00       7.72318
       5330.00       7.75334
       5340.00       7.71654
       5350.00       7.68729
       5360.00       7.62855
       5370.00       7.57742
       5380.00       7.51910
       5390.00       7.50515
       5400.00       7.53532
       5410.00       7.41143
       5420.00       7.37580
       5430.00       7.23660
       5440.00       7.26120
       5450.00       7.18675
       5460.00       7.14090
       5470.00       7.09377
       5480.00       7.01135
       5490.00       7.01736
       5500.00       7.09185
       5510.00       7.13153
       5520.00       7.00724
       5530.00       7.04764
       5540.00       6.97192
       5550.00       6.98009
       5560.00       6.96325
       5570.00       6.92441
       5580.00       6.92337
       5590.00       6.94929
       5600.00       6.90785
       5610.00       6.85453
       5620.00       6.80634
       5630.00       6.74424
       5640.00       6.73650
       5650.00       6.66562
       5660.00       6.72601
       5670.00       6.61343
       5680.00       6.64787
       5690.00       6.69473
       5700.00       6.63150
       5710.00       6.60738
       5720.00       6.60970
       5730.00       6.50680
       5740.00       6.51274
       5760.00       6.43229
       5780.00       6.36474
       5800.00       6.37767
       5820.00       6.37824
       5840.00       6.25114
       5860.00       6.04369
       5880.00       5.98064
       5900.00       5.96843
       5920.00       6.03804
       5940.00       5.95895
       5960.00       5.90236
       5980.00       5.85675
       6000.00       5.84913
       6020.00       5.75854
       6040.00       5.72109
       6060.00       5.71530
       6080.00       5.79565
       6100.00       5.83971
       6120.00       5.73379
       6140.00       5.58141
       6160.00       5.49633
       6180.00       5.42848
       6200.00       5.40010
       6220.00       5.38018
       6240.00       5.35976
       6260.00       5.23684
       6280.00       5.22711
       6300.00       5.31061
       6320.00       5.22477
       6340.00       5.17952
       6360.00       5.18443
       6380.00       5.17564
       6400.00       5.16628
       6420.00       5.13536
       6440.00       5.11756
       6460.00       5.04769
       6480.00       4.97826
       6500.00       4.93731
       6520.00       4.85282
       6540.00       4.48141
       6560.00       4.28819
       6580.00       4.59219
       6600.00       4.84868
       6620.00       4.80588
       6640.00       4.72869
       6660.00       4.68650
       6680.00       4.64635
       6700.00       4.59637
       6720.00       4.57797
       6740.00       4.52143
       6760.00       4.47168
       6780.00       4.44445
       6800.00       4.42904
       6820.00       4.43234
       6840.00       4.47040
       6860.00       4.23363
       6880.00       4.07087
       6900.00       4.10390
       6920.00       4.16196
       6940.00       4.05911
       6960.00       4.03889
       6980.00       4.01255
       7000.00       4.00448
       7020.00       3.97613
       7040.00       3.95976
       7060.00       3.94180
       7080.00       3.96988
       7100.00       3.95870
       7120.00       3.95983
       7140.00       3.90763
       7160.00       3.83856
       7180.00       3.77484
       7200.00       3.74618
       7220.00       3.71438
       7240.00       3.60606
       7260.00       3.57810
       7280.00       3.58516
       7300.00       3.60793
       7320.00       3.62571
       7340.00       3.54991
       7360.00       3.52464
       7380.00       3.57796
       7400.00       3.54149
       7420.00       3.50041
       7440.00       3.50646
       7460.00       3.47739
       7480.00       3.44264
       7500.00       3.43928
       7520.00       3.55512
       7540.00       3.61091
       7560.00       3.62077
       7580.00       3.37263
       7600.00       2.75530
       7620.00       3.24823
       7640.00       3.26672
       7660.00       3.23697
       7680.00       3.02869
       7700.00       3.17277
       7720.00       3.21181
       7740.00       3.24706
       7760.00       3.23461
       7780.00       3.16002
       7800.00       3.21649
       7820.00       3.18545
       7840.00       3.18946
       7860.00       3.15107
       7880.00       3.05298
       7900.00       3.06031
       7920.00       3.06811
       7940.00       3.02242
       7960.00       2.97048
       7980.00       2.94962
       8000.00       2.91002
       8020.00       2.91809
       8040.00       2.91971
       8060.00       2.89131
       8080.00       2.91115
       8100.00       2.81436
       8120.00       2.86213
       8140.00       2.80443
       8160.00       2.70084
       8180.00       2.73350
       8200.00       2.85452
       8220.00       2.80560
       8240.00       2.74392
       8260.00       2.90197
       8280.00       2.73306
       8300.00       2.77283
       8320.00       2.77093
       8340.00       2.74478
       8360.00       2.73680
       8380.00       2.76860
       8400.00       2.77287
       8420.00       2.76534
       8440.00       2.61358
       8460.00       2.70023
       8480.00       2.68731
       8500.00       2.73231
       8520.00       2.71054
       8540.00       2.70233
       8560.00       2.65988
       8580.00       2.64674
       8600.00       2.67057
       8620.00       2.61284
       8640.00       2.62653
       8660.00       2.50964
       8680.00       2.64367
       8700.00       2.63303
       8720.00       2.64518
       8740.00       2.47759
       8760.00       2.30352
       8780.00       2.65240
       8800.00       2.62024
       8820.00       2.61340
       8840.00       2.33516
       8860.00       2.19023
       8880.00       2.44746
       8900.00       2.58367
       8920.00       2.56542
       8940.00       2.49758
       8960.00       2.44995
       8980.00       2.24355
       9000.00       1.96139
       9020.00       2.15050
       9040.00       2.45854
       9060.00       2.30997
       9080.00       2.23107
       9100.00       2.28892
       9120.00       2.29347
       9140.00       2.29192
       9160.00       2.20249
       9180.00       2.25558
       9200.00       2.15627
       9220.00       1.94900
       9240.00       2.04951
       9260.00       2.08791
       9280.00       2.30863
       9300.00       2.13991
       9320.00       1.86426
       9340.00       2.08659
       9360.00       2.15077
       9380.00       2.12251
       9400.00       2.16060
       9420.00       2.01834
       9440.00       1.95987
       9460.00       2.00478
       9480.00       2.02649
       9500.00       1.95835
       9520.00       1.93757
       9540.00       1.80380
       9560.00       1.91743
       9580.00       2.00616
       9600.00       2.02181
       9620.00       2.01720
       9640.00       1.97886
       9660.00       2.05359
       9680.00       2.14727
       9700.00       2.11054
       9720.00       1.96095
       9740.00       1.97198
       9760.00       1.97404
       9780.00       1.95743
       9800.00       2.00240
       9820.00       2.00883
       9840.00       1.98258
       9860.00       1.93552
       9880.00       1.98820
       9900.00       2.06831
       9920.00       1.95419
       9940.00       1.93590
       9960.00       1.95511
       9980.00       1.84071
       10000.0       1.77159
       10020.0       1.71423
       10040.0       1.57769
       10060.0       1.61122
       10080.0       1.76383
       10100.0       1.77683
       10120.0       1.74510
       10140.0       1.79407
       10160.0       1.79210
       10180.0       1.67131
       10200.0       1.64937
       10220.0       1.71949
       10240.0       1.65997
       10260.0       1.72438
       10280.0       1.65660
       10300.0       1.62951
       10320.0       1.71243
       10340.0       1.69838
       10360.0       1.65529
       10380.0       1.67655
       10400.0       1.70803
       10420.0       1.73634
       10440.0       1.64412
       10460.0       1.59776
       10480.0       1.68364
       10500.0       1.53653
       10520.0       1.52531
       10540.0       1.51226
       10560.0       1.52254
       10580.0       1.54777
       10600.0       1.52764
       10620.0       1.50348
