       3160.00       1.65394
       3170.00       1.69705
       3180.00       1.48201
       3190.00       1.65827
       3200.00       1.65889
       3210.00       1.72554
       3220.00       1.70385
       3230.00       1.62385
       3240.00       1.65417
       3250.00       1.61433
       3260.00       1.69148
       3270.00       1.67969
       3280.00       1.66891
       3290.00       1.62010
       3300.00       1.69349
       3310.00       1.62293
       3320.00       1.66511
       3330.00       1.64803
       3340.00       1.66394
       3350.00       1.67006
       3360.00       1.67614
       3370.00       1.64362
       3380.00       1.64242
       3390.00       1.67545
       3400.00       1.68691
       3410.00       1.72416
       3420.00       1.68835
       3430.00       1.67486
       3440.00       1.65605
       3450.00       1.66560
       3460.00       1.66794
       3470.00       1.67294
       3480.00       1.67703
       3490.00       1.65493
       3500.00       1.63871
       3510.00       1.70457
       3520.00       1.71951
       3530.00       1.73392
       3540.00       1.71547
       3550.00       1.68929
       3560.00       1.70540
       3570.00       1.67376
       3580.00       1.68032
       3590.00       1.65883
       3600.00       1.66754
       3610.00       1.68307
       3620.00       1.65748
       3630.00       1.70150
       3640.00       1.66027
       3650.00       1.69514
       3660.00       1.66811
       3670.00       1.69307
       3680.00       1.66409
       3690.00       1.70863
       3700.00       1.73120
       3710.00       1.74196
       3720.00       1.79800
       3730.00       1.80023
       3740.00       1.92532
       3750.00       2.10131
       3760.00       2.20724
       3770.00       2.23134
       3780.00       2.68755
       3790.00       2.69475
       3800.00       2.40102
       3810.00       3.26862
       3820.00       3.52658
       3830.00       2.62136
       3840.00       2.58633
       3850.00       3.75027
       3860.00       4.44922
       3870.00       4.20184
       3880.00       3.22002
       3890.00       2.35820
       3900.00       3.18090
       3910.00       4.23008
       3920.00       4.64556
       3930.00       4.52351
       3940.00       4.45705
       3950.00       4.32434
       3960.00       3.33939
       3970.00       2.43578
       3980.00       3.30628
       3990.00       4.47875
       4000.00       5.03615
       4010.00       5.18179
       4020.00       5.25742
       4030.00       5.23669
       4040.00       5.21990
       4050.00       5.19173
       4060.00       5.10273
       4070.00       4.86210
       4080.00       4.48234
       4090.00       3.64861
       4100.00       2.59138
       4110.00       3.10984
       4120.00       4.19097
       4130.00       4.72029
       4140.00       4.81353
       4150.00       4.88022
       4160.00       4.86477
       4170.00       4.87537
       4180.00       4.90072
       4190.00       4.87794
       4200.00       4.89580
       4210.00       4.92460
       4220.00       4.88726
       4230.00       4.85742
       4240.00       4.79488
       4250.00       4.79816
       4260.00       4.79779
       4270.00       4.76481
       4280.00       4.71392
       4290.00       4.58391
       4300.00       4.40774
       4310.00       4.23238
       4320.00       3.83578
       4330.00       2.80641
       4340.00       2.27981
       4350.00       3.20289
       4360.00       3.97092
       4370.00       4.39378
       4380.00       4.48619
       4390.00       4.51121
       4400.00       4.49393
       4410.00       4.45567
       4420.00       4.48410
       4430.00       4.50191
       4440.00       4.46390
       4450.00       4.42257
       4460.00       4.27736
       4470.00       4.30587
       4480.00       4.25481
       4490.00       4.30736
       4500.00       4.33905
       4510.00       4.22651
       4520.00       4.17266
       4530.00       4.21468
       4540.00       4.17132
       4550.00       4.11795
       4560.00       4.20731
       4570.00       4.19134
       4580.00       4.11800
       4590.00       4.14274
       4600.00       4.15391
       4610.00       4.14154
       4620.00       4.05890
       4630.00       4.14036
       4640.00       4.12143
       4650.00       4.11257
       4660.00       4.10043
       4670.00       4.03532
       4680.00       4.04984
       4690.00       4.05440
       4700.00       4.01944
       4710.00       4.02405
       4720.00       4.06797
       4730.00       3.99722
       4740.00       3.98226
       4750.00       3.94456
       4760.00       3.91677
       4770.00       3.88261
       4780.00       3.81299
       4790.00       3.83410
       4800.00       3.81966
       4810.00       3.73131
       4820.00       3.64974
       4830.00       3.49803
       4840.00       3.12925
       4850.00       2.47202
       4860.00       2.02506
       4870.00       2.40341
       4880.00       3.09758
       4890.00       3.34437
       4900.00       3.48595
       4910.00       3.52612
       4920.00       3.50637
       4930.00       3.51181
       4940.00       3.45459
       4950.00       3.50700
       4960.00       3.50305
       4970.00       3.50845
       4980.00       3.46723
       4990.00       3.41998
       5000.00       3.35434
       5010.00       3.35073
       5020.00       3.34406
       5030.00       3.39585
       5040.00       3.31851
       5050.00       3.30275
       5060.00       3.26564
       5070.00       3.23784
       5080.00       3.22233
       5090.00       3.17648
       5100.00       3.17329
       5110.00       3.23672
       5120.00       3.25457
       5130.00       3.27537
       5140.00       3.25696
       5150.00       3.21759
       5160.00       3.15438
       5170.00       3.15426
       5180.00       3.17804
       5190.00       3.16596
       5200.00       3.14499
       5210.00       3.14786
       5220.00       3.13294
       5230.00       3.06187
       5240.00       3.06784
       5250.00       3.05315
       5260.00       2.97381
       5270.00       3.00046
       5280.00       3.01822
       5290.00       3.04469
       5300.00       3.02143
       5310.00       2.96621
       5320.00       2.92282
       5330.00       2.92895
       5340.00       2.96113
       5350.00       2.98162
       5360.00       2.93565
       5370.00       2.91578
       5380.00       2.91323
       5390.00       2.90496
       5400.00       2.87952
       5410.00       2.86276
       5420.00       2.81466
       5430.00       2.84794
       5440.00       2.88963
       5450.00       2.87581
       5460.00       2.86488
       5470.00       2.82485
       5480.00       2.78695
       5490.00       2.78751
       5500.00       2.80297
       5510.00       2.80800
       5520.00       2.83654
       5530.00       2.78469
       5540.00       2.78190
       5550.00       2.78385
       5560.00       2.77328
       5570.00       2.75025
       5580.00       2.69042
       5590.00       2.70166
       5600.00       2.72142
       5610.00       2.73367
       5620.00       2.70486
       5630.00       2.71104
       5640.00       2.70075
       5650.00       2.66448
       5660.00       2.67863
       5670.00       2.65617
       5680.00       2.63597
       5690.00       2.64384
       5700.00       2.60066
       5710.00       2.62591
       5720.00       2.58886
       5730.00       2.63997
       5740.00       2.61542
       5760.00       2.56283
       5780.00       2.57671
       5800.00       2.57049
       5820.00       2.57123
       5840.00       2.51792
       5860.00       2.43249
       5880.00       2.39685
       5900.00       2.41521
       5920.00       2.43450
       5940.00       2.41640
       5960.00       2.38623
       5980.00       2.35884
       6000.00       2.38785
       6020.00       2.38146
       6040.00       2.39714
       6060.00       2.31315
       6080.00       2.34956
       6100.00       2.42632
       6120.00       2.39412
       6140.00       2.31778
       6160.00       2.30951
       6180.00       2.32707
       6200.00       2.27689
       6220.00       2.23847
       6240.00       2.25064
       6260.00       2.21527
       6280.00       2.20354
       6300.00       2.23387
       6320.00       2.20207
       6340.00       2.20172
       6360.00       2.22204
       6380.00       2.20853
       6400.00       2.16222
       6420.00       2.12102
       6440.00       2.07888
       6460.00       2.11124
       6480.00       2.08586
       6500.00       2.06707
       6520.00       1.96675
       6540.00       1.68655
       6560.00       1.57692
       6580.00       1.83055
       6600.00       1.99191
       6620.00       2.05718
       6640.00       2.01603
       6660.00       1.98697
       6680.00       1.95207
       6700.00       1.97188
       6720.00       1.95289
       6740.00       1.96821
       6760.00       1.97040
       6780.00       1.88472
       6800.00       1.88145
       6820.00       1.94898
       6840.00       1.92089
       6860.00       1.84740
       6880.00       1.81055
       6900.00       1.87369
       6920.00       1.81886
       6940.00       1.79400
       6960.00       1.78973
       6980.00       1.79015
       7000.00       1.74237
       7020.00       1.77598
       7040.00       1.73204
       7060.00       1.71551
       7080.00       1.73274
       7100.00       1.72001
       7120.00       1.68259
       7140.00       1.64905
       7160.00       1.61808
       7180.00       1.64030
       7200.00       1.63982
       7220.00       1.63121
       7240.00       1.59123
       7260.00       1.57086
       7280.00       1.57760
       7300.00       1.58133
       7320.00       1.59202
       7340.00       1.56323
       7360.00       1.57516
       7380.00       1.56356
       7400.00       1.53884
       7420.00       1.53699
       7440.00       1.54908
       7460.00       1.54534
       7480.00       1.53107
       7500.00       1.49811
       7520.00       1.52437
       7540.00       1.56301
       7560.00       1.57688
       7580.00       1.39636
       7600.00       1.17913
       7620.00       1.49299
       7640.00       1.43906
       7660.00       1.47247
       7680.00       1.39591
       7700.00       1.44111
       7720.00       1.48468
       7740.00       1.50343
       7760.00       1.44353
       7780.00       1.46766
       7800.00       1.49365
       7820.00       1.47380
       7840.00       1.47162
       7860.00       1.40863
       7880.00       1.38561
       7900.00       1.41892
       7920.00       1.39170
       7940.00       1.36170
       7960.00       1.37091
       7980.00       1.37077
       8000.00       1.33853
       8020.00       1.34541
       8040.00       1.34226
       8060.00       1.38461
       8080.00       1.31895
       8100.00       1.30156
       8120.00       1.29378
       8140.00       1.27350
       8160.00       1.23359
       8180.00       1.24684
       8200.00       1.27173
       8220.00       1.19993
       8240.00       1.27325
       8260.00       1.24338
       8280.00       1.17218
       8300.00       1.21782
       8320.00       1.24725
       8340.00       1.20085
       8360.00       1.18409
       8380.00       1.23352
       8400.00       1.19835
       8420.00       1.25136
       8440.00       1.12007
       8460.00       1.23667
       8480.00       1.21970
       8500.00       1.22411
       8520.00       1.20217
       8540.00       1.17091
       8560.00       1.22674
       8580.00       1.14472
       8600.00       1.15663
       8620.00       1.21784
       8640.00       1.11026
       8660.00       1.22186
       8680.00       1.19588
       8700.00       1.24666
       8720.00       1.19323
       8740.00       1.08411
       8760.00       1.16252
       8780.00       1.26384
       8800.00       1.25447
       8820.00       1.10164
       8840.00       1.09022
       8860.00      0.961153
       8880.00       1.14246
       8900.00       1.19083
       8920.00       1.22857
       8940.00       1.17390
       8960.00       1.05645
       8980.00      0.969329
       9000.00      0.960127
       9020.00       1.00191
       9040.00       1.12925
       9060.00       1.19268
       9080.00       1.13024
       9100.00       1.11603
       9120.00       1.15684
       9140.00       1.07746
       9160.00       1.06193
       9180.00       1.10731
       9200.00      0.996770
       9220.00      0.909025
       9240.00      0.962985
       9260.00       1.01938
       9280.00       1.07671
       9300.00      0.958269
       9320.00      0.856773
       9340.00      0.965927
       9360.00       1.04073
       9380.00       1.04296
       9400.00      0.982146
       9420.00      0.895638
       9440.00      0.925865
       9460.00      0.977552
       9480.00      0.943665
       9500.00      0.877835
       9520.00      0.805457
       9540.00      0.781550
       9560.00      0.847079
       9580.00      0.940274
       9600.00      0.963458
       9620.00       1.02225
       9640.00       1.00600
       9660.00       1.07616
       9680.00       1.02550
       9700.00      0.977929
       9720.00      0.987219
       9740.00      0.974072
       9760.00       1.06798
       9780.00       1.01581
       9800.00       1.00805
       9820.00       1.02680
       9840.00       1.02754
       9860.00       1.01588
       9880.00      0.998636
       9900.00      0.962706
       9920.00      0.941580
       9940.00      0.912913
       9960.00      0.853448
       9980.00      0.918711
       10000.0      0.836110
       10020.0      0.775610
       10040.0      0.751874
       10060.0      0.844350
       10080.0      0.888722
       10100.0      0.883745
       10120.0      0.860442
       10140.0      0.880107
       10160.0      0.852943
       10180.0      0.861754
       10200.0      0.914520
       10220.0      0.853234
       10240.0      0.869245
       10260.0      0.900576
       10280.0      0.827935
       10300.0      0.830984
       10320.0      0.820678
       10340.0      0.815500
       10360.0      0.782414
       10380.0      0.841274
       10400.0      0.775834
       10420.0      0.840124
       10440.0      0.808282
       10460.0      0.811765
       10480.0      0.761792
       10500.0      0.788633
       10520.0      0.758748
       10540.0      0.781383
       10560.0      0.737413
       10580.0      0.776089
       10600.0      0.784258
       10620.0      0.791668
