       3160.00     0.0428201
       3170.00     0.0413669
       3180.00     0.0320735
       3190.00     0.0328590
       3200.00     0.0287161
       3210.00     0.0241892
       3220.00     0.0280072
       3230.00     0.0232518
       3240.00     0.0201797
       3250.00     0.0223335
       3260.00     0.0271697
       3270.00     0.0257937
       3280.00     0.0270640
       3290.00     0.0379903
       3300.00     0.0383221
       3310.00     0.0351431
       3320.00     0.0372768
       3330.00     0.0373863
       3340.00     0.0398501
       3350.00     0.0403915
       3360.00     0.0390643
       3370.00     0.0368332
       3380.00     0.0419965
       3390.00     0.0452441
       3400.00     0.0481474
       3410.00     0.0535925
       3420.00     0.0572090
       3430.00     0.0549999
       3440.00     0.0460870
       3450.00     0.0494445
       3460.00     0.0543454
       3470.00     0.0530554
       3480.00     0.0565405
       3490.00     0.0586322
       3500.00     0.0646799
       3510.00     0.0650558
       3520.00     0.0567010
       3530.00     0.0690392
       3540.00     0.0821061
       3550.00     0.0792784
       3560.00     0.0654540
       3570.00     0.0537381
       3580.00     0.0455206
       3590.00     0.0575468
       3600.00     0.0680040
       3610.00     0.0679177
       3620.00     0.0836866
       3630.00     0.0937823
       3640.00     0.0826866
       3650.00     0.0962651
       3660.00      0.113027
       3670.00      0.112384
       3680.00      0.104330
       3690.00      0.111308
       3700.00      0.102305
       3710.00     0.0965633
       3720.00     0.0930000
       3730.00     0.0722566
       3740.00     0.0664771
       3750.00     0.0763611
       3760.00     0.0905071
       3770.00      0.113738
       3780.00      0.122476
       3790.00      0.109798
       3800.00      0.110544
       3810.00      0.103609
       3820.00     0.0784043
       3830.00     0.0766593
       3840.00     0.0906058
       3850.00     0.0984148
       3860.00     0.0993060
       3870.00      0.101781
       3880.00     0.0989525
       3890.00      0.120150
       3900.00      0.134464
       3910.00      0.127645
       3920.00      0.109323
       3930.00     0.0729575
       3940.00     0.0929851
       3950.00      0.134566
       3960.00      0.111105
       3970.00      0.107792
       3980.00      0.190895
       3990.00      0.243611
       4000.00      0.276399
       4010.00      0.318433
       4020.00      0.335373
       4030.00      0.337590
       4040.00      0.331888
       4050.00      0.346544
       4060.00      0.352350
       4070.00      0.354202
       4080.00      0.416591
       4090.00      0.418878
       4100.00      0.386681
       4110.00      0.391123
       4120.00      0.394052
       4130.00      0.401727
       4140.00      0.381461
       4150.00      0.398014
       4160.00      0.404739
       4170.00      0.394337
       4180.00      0.417209
       4190.00      0.434105
       4200.00      0.431901
       4210.00      0.467658
       4220.00      0.389082
       4230.00      0.377994
       4240.00      0.507247
       4250.00      0.504030
       4260.00      0.508616
       4270.00      0.532178
       4280.00      0.486427
       4290.00      0.488157
       4300.00      0.484450
       4310.00      0.596815
       4320.00      0.702685
       4330.00      0.694534
       4340.00      0.752967
       4350.00      0.775251
       4360.00      0.806171
       4370.00      0.776203
       4380.00      0.694462
       4390.00      0.725075
       4400.00      0.751638
       4410.00      0.752720
       4420.00      0.821920
       4430.00      0.820342
       4440.00      0.902365
       4450.00      0.869129
       4460.00      0.849820
       4470.00      0.961745
       4480.00       1.03888
       4490.00       1.03875
       4500.00       1.11537
       4510.00       1.15923
       4520.00       1.04872
       4530.00      0.992957
       4540.00       1.05899
       4550.00       1.14958
       4560.00       1.22548
       4570.00       1.21769
       4580.00       1.22013
       4590.00       1.19177
       4600.00       1.21830
       4610.00       1.34282
       4620.00       1.37503
       4630.00       1.26058
       4640.00       1.19244
       4650.00       1.27445
       4660.00       1.28569
       4670.00       1.26399
       4680.00       1.26654
       4690.00       1.30891
       4700.00       1.33829
       4710.00       1.35110
       4720.00       1.37324
       4730.00       1.36436
       4740.00       1.43356
       4750.00       1.43028
       4760.00       1.30412
       4770.00       1.24419
       4780.00       1.26473
       4790.00       1.32212
       4800.00       1.38108
       4810.00       1.38587
       4820.00       1.43016
       4830.00       1.44730
       4840.00       1.46590
       4850.00       1.45223
       4860.00       1.40878
       4870.00       1.44854
       4880.00       1.47227
       4890.00       1.51701
       4900.00       1.63506
       4910.00       1.61871
       4920.00       1.66713
       4930.00       1.69640
       4940.00       1.75069
       4950.00       1.65653
       4960.00       1.42325
       4970.00       1.43720
       4980.00       1.46491
       4990.00       1.45090
       5000.00       1.41555
       5010.00       1.36121
       5020.00       1.40746
       5030.00       1.47650
       5040.00       1.51575
       5050.00       1.56702
       5060.00       1.58190
       5070.00       1.52327
       5080.00       1.50043
       5090.00       1.51728
       5100.00       1.49238
       5110.00       1.50822
       5120.00       1.49303
       5130.00       1.50569
       5140.00       1.55106
       5150.00       1.52896
       5160.00       1.45764
       5170.00       1.20783
       5180.00       1.18415
       5190.00       1.37651
       5200.00       1.39301
       5210.00       1.47479
       5220.00       1.67538
       5230.00       1.76523
       5240.00       1.80830
       5250.00       1.76412
       5260.00       1.69722
       5270.00       1.72735
       5280.00       1.96173
       5290.00       2.02051
       5300.00       2.05705
       5310.00       2.17260
       5320.00       2.06687
       5330.00       2.01457
       5340.00       2.07294
       5350.00       2.17795
       5360.00       2.26629
       5370.00       2.22660
       5380.00       2.26655
       5390.00       2.17912
       5400.00       2.06083
       5410.00       2.17901
       5420.00       2.38315
       5430.00       2.31539
       5440.00       2.29532
       5450.00       2.16911
       5460.00       2.02265
       5470.00       2.08816
       5480.00       2.11956
       5490.00       2.20524
       5500.00       2.20257
       5510.00       2.14526
       5520.00       2.25092
       5530.00       2.33574
       5540.00       2.38477
       5550.00       2.47791
       5560.00       2.44913
       5570.00       2.42047
       5580.00       2.44917
       5590.00       2.38982
       5600.00       2.27143
       5610.00       2.32872
       5620.00       2.33551
       5630.00       2.31172
       5640.00       2.35120
       5650.00       2.40577
       5660.00       2.44712
       5670.00       2.39728
       5680.00       2.51856
       5690.00       2.57245
       5700.00       2.55284
       5710.00       2.45152
       5720.00       2.58259
       5730.00       2.64672
       5740.00       2.74916
       5760.00       2.77376
       5780.00       2.75778
       5800.00       2.85846
       5820.00       2.96055
       5840.00       2.88728
       5860.00       2.72433
       5880.00       2.51859
       5900.00       2.37674
       5920.00       2.51818
       5940.00       2.58418
       5960.00       2.70542
       5980.00       2.74364
       6000.00       2.81029
       6020.00       2.94181
       6040.00       3.10299
       6060.00       3.21849
       6080.00       3.17960
       6100.00       3.14701
       6120.00       3.16083
       6140.00       3.25061
       6160.00       3.00663
       6180.00       2.68468
       6200.00       2.65818
       6220.00       2.50540
       6240.00       2.44419
       6260.00       2.58362
       6280.00       2.80828
       6300.00       3.00614
       6320.00       3.23193
       6340.00       3.32641
       6360.00       3.40097
       6380.00       3.51167
       6400.00       3.58135
       6420.00       3.58551
       6440.00       3.64689
       6460.00       3.73643
       6480.00       3.61489
       6500.00       3.58864
       6520.00       3.79629
       6540.00       3.83918
       6560.00       3.71132
       6580.00       3.75981
       6600.00       3.85269
       6620.00       3.79464
       6640.00       3.71658
       6660.00       3.63160
       6680.00       3.53978
       6700.00       3.44483
       6720.00       3.41446
       6740.00       3.37151
       6760.00       3.44335
       6780.00       3.50932
       6800.00       3.56949
       6820.00       3.73201
       6840.00       3.87562
       6860.00       3.79446
       6880.00       3.81736
       6900.00       4.08416
       6920.00       4.20733
       6940.00       4.30677
       6960.00       4.39681
       6980.00       4.41943
       7000.00       4.47527
       7020.00       4.56056
       7040.00       4.56157
       7060.00       4.21616
       7080.00       3.89353
       7100.00       3.77351
       7120.00       3.59375
       7140.00       3.46664
       7160.00       3.72816
       7180.00       3.91804
       7200.00       3.87131
       7220.00       4.07677
       7240.00       4.29127
       7260.00       4.43011
       7280.00       4.57663
       7300.00       4.72908
       7320.00       4.81354
       7340.00       4.82554
       7360.00       4.95102
       7380.00       5.02253
       7400.00       5.11359
       7420.00       5.05177
       7440.00       5.12904
       7460.00       5.18119
       7480.00       5.09668
       7500.00       5.11259
       7520.00       5.21503
       7540.00       5.21586
       7560.00       5.22808
       7580.00       5.32940
       7600.00       4.61679
       7620.00       4.63370
       7640.00       4.87895
       7660.00       4.95125
       7680.00       4.63911
       7700.00       4.85849
       7720.00       4.95575
       7740.00       4.96676
       7760.00       5.04265
       7780.00       5.01863
       7800.00       5.08927
       7820.00       5.16741
       7840.00       5.11817
       7860.00       5.12547
       7880.00       5.16861
       7900.00       5.07307
       7920.00       5.01526
       7940.00       5.06145
       7960.00       5.15526
       7980.00       5.23475
       8000.00       5.29233
       8020.00       5.31131
       8040.00       5.36689
       8060.00       5.37644
       8080.00       5.34488
       8100.00       5.23154
       8120.00       5.44871
       8140.00       5.51082
       8160.00       5.37381
       8180.00       5.33964
       8200.00       5.44951
       8220.00       5.43177
       8240.00       5.43350
       8260.00       5.66435
       8280.00       5.61802
       8300.00       5.53489
       8320.00       5.42704
       8340.00       5.41403
       8360.00       5.44959
       8380.00       5.47912
       8400.00       5.55971
       8420.00       5.52899
       8440.00       5.43725
       8460.00       5.54497
       8480.00       5.46668
       8500.00       5.38152
       8520.00       5.37033
       8540.00       5.11599
       8560.00       5.29355
       8580.00       5.58344
       8600.00       5.69193
       8620.00       5.78565
       8640.00       5.57312
       8660.00       5.44104
       8680.00       5.39735
       8700.00       5.73951
       8720.00       5.88984
       8740.00       5.96917
       8760.00       5.90503
       8780.00       5.87898
       8800.00       5.86004
       8820.00       5.85929
       8840.00       6.07404
       8860.00       6.05478
       8880.00       5.94703
       8900.00       5.94471
       8920.00       5.88178
       8940.00       5.88512
       8960.00       6.02286
       8980.00       5.96702
       9000.00       5.80082
       9020.00       6.02640
       9040.00       6.41684
       9060.00       6.26974
       9080.00       5.95003
       9100.00       5.95721
       9120.00       5.95224
       9140.00       5.80744
       9160.00       5.60692
       9180.00       5.71386
       9200.00       5.87242
       9220.00       5.82769
       9240.00       5.71666
       9260.00       5.56893
       9280.00       5.65758
       9300.00       5.46834
       9320.00       5.45924
       9340.00       5.67782
       9360.00       5.14967
       9380.00       5.66933
       9400.00       6.23777
       9420.00       5.62438
       9440.00       5.31173
       9460.00       5.59800
       9480.00       5.57063
       9500.00       5.65464
       9520.00       5.85964
       9540.00       5.80227
       9560.00       5.89811
       9580.00       5.66771
       9600.00       5.73144
       9620.00       5.85877
       9640.00       5.72550
       9660.00       5.72510
       9680.00       5.83134
       9700.00       5.73823
       9720.00       5.75804
       9740.00       5.75883
       9760.00       5.77851
       9780.00       5.80188
       9800.00       5.89663
       9820.00       6.03105
       9840.00       6.05751
       9860.00       5.95548
       9880.00       6.07279
       9900.00       6.06921
       9920.00       6.07804
       9940.00       5.96566
       9960.00       6.08201
       9980.00       6.12031
       10000.0       6.06751
       10020.0       6.12899
       10040.0       6.06782
       10060.0       5.99345
       10080.0       6.04252
       10100.0       6.04516
       10120.0       6.10243
       10140.0       6.11100
       10160.0       6.06510
       10180.0       6.10993
       10200.0       6.05578
       10220.0       6.04032
       10240.0       6.12214
       10260.0       6.11380
       10280.0       6.11864
       10300.0       6.04233
       10320.0       6.00441
       10340.0       6.04391
       10360.0       6.00021
       10380.0       6.03956
       10400.0       6.09413
       10420.0       6.11545
       10440.0       6.10138
       10460.0       6.09442
       10480.0       6.10976
       10500.0       6.19761
       10520.0       6.18583
       10540.0       6.14960
       10560.0       6.14959
       10580.0       6.11009
       10600.0       6.06610
       10620.0       6.15072
