       3160.00    0.00416977
       3170.00    0.00646490
       3180.00    0.00524736
       3190.00   0.000603502
       3200.00    0.00334475
       3210.00    0.00354125
       3220.00    0.00230598
       3230.00    0.00275025
       3240.00    0.00136297
       3250.00   0.000908479
       3260.00    0.00203874
       3270.00    0.00239169
       3280.00    0.00313392
       3290.00    0.00329921
       3300.00    0.00270214
       3310.00    0.00357580
       3320.00    0.00319254
       3330.00    0.00404244
       3340.00    0.00386987
       3350.00    0.00355405
       3360.00    0.00289537
       3370.00    0.00268768
       3380.00    0.00366950
       3390.00    0.00492230
       3400.00    0.00361496
       3410.00    0.00418080
       3420.00    0.00454359
       3430.00    0.00488064
       3440.00    0.00534133
       3450.00    0.00487974
       3460.00    0.00647321
       3470.00    0.00655571
       3480.00    0.00637006
       3490.00    0.00618934
       3500.00    0.00666539
       3510.00    0.00792721
       3520.00    0.00548841
       3530.00    0.00807735
       3540.00    0.00949611
       3550.00     0.0100892
       3560.00    0.00898390
       3570.00    0.00809273
       3580.00    0.00630149
       3590.00    0.00812662
       3600.00    0.00887282
       3610.00    0.00949148
       3620.00     0.0116283
       3630.00     0.0129240
       3640.00     0.0116201
       3650.00     0.0128384
       3660.00     0.0134157
       3670.00     0.0151706
       3680.00     0.0142599
       3690.00     0.0151652
       3700.00     0.0168537
       3710.00     0.0158804
       3720.00     0.0160845
       3730.00     0.0140325
       3740.00     0.0117606
       3750.00     0.0153690
       3760.00     0.0172778
       3770.00     0.0213895
       3780.00     0.0216436
       3790.00     0.0210451
       3800.00     0.0214409
       3810.00     0.0188121
       3820.00     0.0169004
       3830.00     0.0173638
       3840.00     0.0208344
       3850.00     0.0207662
       3860.00     0.0195407
       3870.00     0.0236171
       3880.00     0.0211693
       3890.00     0.0223088
       3900.00     0.0244947
       3910.00     0.0217216
       3920.00     0.0171408
       3930.00     0.0148643
       3940.00     0.0158579
       3950.00     0.0236788
       3960.00     0.0192109
       3970.00     0.0213967
       3980.00     0.0341244
       3990.00     0.0418887
       4000.00     0.0448216
       4010.00     0.0492212
       4020.00     0.0545393
       4030.00     0.0523605
       4040.00     0.0571766
       4050.00     0.0585021
       4060.00     0.0591228
       4070.00     0.0603044
       4080.00     0.0636641
       4090.00     0.0657200
       4100.00     0.0626950
       4110.00     0.0639549
       4120.00     0.0624889
       4130.00     0.0653123
       4140.00     0.0669807
       4150.00     0.0732280
       4160.00     0.0749667
       4170.00     0.0708695
       4180.00     0.0723148
       4190.00     0.0728189
       4200.00     0.0752492
       4210.00     0.0700999
       4220.00     0.0466439
       4230.00     0.0524700
       4240.00     0.0742527
       4250.00     0.0669307
       4260.00     0.0694990
       4270.00     0.0703480
       4280.00     0.0654522
       4290.00     0.0642296
       4300.00     0.0659012
       4310.00     0.0660929
       4320.00     0.0721589
       4330.00     0.0810341
       4340.00     0.0835537
       4350.00     0.0724371
       4360.00     0.0771324
       4370.00     0.0818989
       4380.00     0.0790611
       4390.00     0.0814335
       4400.00     0.0787938
       4410.00     0.0860542
       4420.00     0.0766046
       4430.00     0.0676853
       4440.00     0.0754994
       4450.00     0.0757241
       4460.00     0.0691976
       4470.00     0.0673817
       4480.00     0.0803400
       4490.00     0.0863851
       4500.00     0.0838531
       4510.00     0.0783986
       4520.00     0.0845871
       4530.00     0.0894072
       4540.00     0.0898645
       4550.00     0.0919814
       4560.00      0.106760
       4570.00      0.114769
       4580.00     0.0861909
       4590.00     0.0615317
       4600.00     0.0749864
       4610.00     0.0926585
       4620.00     0.0863213
       4630.00     0.0663070
       4640.00     0.0679098
       4650.00     0.0815546
       4660.00     0.0876373
       4670.00     0.0774182
       4680.00     0.0815799
       4690.00     0.0978714
       4700.00      0.111077
       4710.00      0.104450
       4720.00      0.105029
       4730.00      0.115197
       4740.00      0.129479
       4750.00      0.131225
       4760.00     0.0790176
       4770.00     0.0535491
       4780.00     0.0700726
       4790.00     0.0843851
       4800.00     0.0788935
       4810.00     0.0667446
       4820.00     0.0774458
       4830.00     0.0915126
       4840.00     0.0984922
       4850.00     0.0902167
       4860.00     0.0947257
       4870.00      0.111497
       4880.00      0.127729
       4890.00      0.135888
       4900.00      0.154567
       4910.00      0.176964
       4920.00      0.209011
       4930.00      0.236464
       4940.00      0.265337
       4950.00      0.193152
       4960.00     0.0773556
       4970.00     0.0634279
       4980.00     0.0760961
       4990.00     0.0863058
       5000.00     0.0798959
       5010.00     0.0769339
       5020.00     0.0929705
       5030.00      0.114070
       5040.00      0.136773
       5050.00      0.153825
       5060.00      0.170837
       5070.00      0.190578
       5080.00      0.207450
       5090.00      0.224548
       5100.00      0.232553
       5110.00      0.253920
       5120.00      0.280821
       5130.00      0.297116
       5140.00      0.296275
       5150.00      0.312477
       5160.00      0.276028
       5170.00      0.137120
       5180.00     0.0815763
       5190.00      0.107458
       5200.00      0.117402
       5210.00      0.127387
       5220.00      0.152256
       5230.00      0.174035
       5240.00      0.170714
       5250.00      0.177615
       5260.00      0.182539
       5270.00      0.188443
       5280.00      0.217210
       5290.00      0.237726
       5300.00      0.253937
       5310.00      0.242678
       5320.00      0.234888
       5330.00      0.241540
       5340.00      0.251883
       5350.00      0.275309
       5360.00      0.262202
       5370.00      0.252160
       5380.00      0.275531
       5390.00      0.286040
       5400.00      0.289261
       5410.00      0.296212
       5420.00      0.309116
       5430.00      0.313271
       5440.00      0.325104
       5450.00      0.238079
       5460.00      0.153228
       5470.00      0.170274
       5480.00      0.193737
       5490.00      0.210647
       5500.00      0.196273
       5510.00      0.191678
       5520.00      0.215274
       5530.00      0.228947
       5540.00      0.242716
       5550.00      0.256631
       5560.00      0.254955
       5570.00      0.240076
       5580.00      0.235460
       5590.00      0.234532
       5600.00      0.205111
       5610.00      0.185229
       5620.00      0.185644
       5630.00      0.178744
       5640.00      0.192454
       5650.00      0.205255
       5660.00      0.221732
       5670.00      0.215675
       5680.00      0.228795
       5690.00      0.242961
       5700.00      0.263615
       5710.00      0.276394
       5720.00      0.284643
       5730.00      0.286738
       5740.00      0.306466
       5760.00      0.304933
       5780.00      0.314389
       5800.00      0.347754
       5820.00      0.324986
       5840.00      0.270703
       5860.00      0.209050
       5880.00      0.186481
       5900.00      0.175484
       5920.00      0.178562
       5940.00      0.202644
       5960.00      0.223143
       5980.00      0.256013
       6000.00      0.285985
       6020.00      0.313516
       6040.00      0.348241
       6060.00      0.377836
       6080.00      0.389249
       6100.00      0.407228
       6120.00      0.445163
       6140.00      0.447451
       6160.00      0.329184
       6180.00      0.219110
       6200.00      0.219927
       6220.00      0.217006
       6240.00      0.234311
       6260.00      0.274970
       6280.00      0.312575
       6300.00      0.361513
       6320.00      0.417191
       6340.00      0.445261
       6360.00      0.477187
       6380.00      0.517589
       6400.00      0.557950
       6420.00      0.570932
       6440.00      0.597460
       6460.00      0.668128
       6480.00      0.655857
       6500.00      0.657993
       6520.00      0.745426
       6540.00      0.757390
       6560.00      0.693752
       6580.00      0.631733
       6600.00      0.628182
       6620.00      0.586313
       6640.00      0.523144
       6660.00      0.476369
       6680.00      0.437553
       6700.00      0.417709
       6720.00      0.419279
       6740.00      0.438265
       6760.00      0.489892
       6780.00      0.514930
       6800.00      0.542204
       6820.00      0.615044
       6840.00      0.694170
       6860.00      0.704348
       6880.00      0.772157
       6900.00      0.910011
       6920.00       1.00981
       6940.00       1.09716
       6960.00       1.28856
       6980.00       1.41098
       7000.00       1.49045
       7020.00       1.56410
       7040.00       1.40969
       7060.00      0.979073
       7080.00      0.659960
       7100.00      0.616079
       7120.00      0.566186
       7140.00      0.538696
       7160.00      0.612424
       7180.00      0.703605
       7200.00      0.740277
       7220.00      0.826297
       7240.00      0.986990
       7260.00       1.16595
       7280.00       1.34745
       7300.00       1.58122
       7320.00       1.86831
       7340.00       2.08761
       7360.00       2.31306
       7380.00       2.54826
       7400.00       2.70010
       7420.00       2.74922
       7440.00       2.83256
       7460.00       2.94079
       7480.00       2.96361
       7500.00       3.04751
       7520.00       3.15610
       7540.00       3.27485
       7560.00       3.32334
       7580.00       3.04919
       7600.00       2.19028
       7620.00       1.86208
       7640.00       1.79712
       7660.00       1.60966
       7680.00       1.32614
       7700.00       1.40282
       7720.00       1.53577
       7740.00       1.57139
       7760.00       1.55412
       7780.00       1.63602
       7800.00       1.82257
       7820.00       1.90423
       7840.00       1.86837
       7860.00       1.97011
       7880.00       2.13472
       7900.00       2.17546
       7920.00       2.19383
       7940.00       2.35323
       7960.00       2.50336
       7980.00       2.58336
       8000.00       2.73891
       8020.00       2.97954
       8040.00       3.20889
       8060.00       3.43542
       8080.00       3.61238
       8100.00       3.74347
       8120.00       4.06511
       8140.00       4.26244
       8160.00       4.25696
       8180.00       4.25810
       8200.00       3.97441
       8220.00       3.79722
       8240.00       3.91907
       8260.00       4.06649
       8280.00       3.82188
       8300.00       3.63049
       8320.00       3.61528
       8340.00       3.58718
       8360.00       3.60444
       8380.00       3.54106
       8400.00       3.59049
       8420.00       3.45529
       8440.00       2.86965
       8460.00       2.46711
       8480.00       2.57751
       8500.00       2.67151
       8520.00       2.68901
       8540.00       2.88032
       8560.00       3.07546
       8580.00       3.18945
       8600.00       3.46460
       8620.00       3.72125
       8640.00       3.81576
       8660.00       3.80851
       8680.00       3.98016
       8700.00       4.27516
       8720.00       4.50068
       8740.00       4.61550
       8760.00       4.71747
       8780.00       4.96966
       8800.00       4.99978
       8820.00       5.03896
       8840.00       5.12225
       8860.00       4.48594
       8880.00       3.99846
       8900.00       4.22156
       8920.00       4.43458
       8940.00       4.43372
       8960.00       4.58806
       8980.00       4.82440
       9000.00       4.82418
       9020.00       5.12181
       9040.00       5.52714
       9060.00       5.55666
       9080.00       5.42547
       9100.00       5.50553
       9120.00       5.60152
       9140.00       5.56415
       9160.00       5.54316
       9180.00       5.65462
       9200.00       5.73624
       9220.00       5.52319
       9240.00       5.34468
       9260.00       5.22087
       9280.00       5.18198
       9300.00       4.95018
       9320.00       4.82657
       9340.00       4.93476
       9360.00       4.44824
       9380.00       4.89789
       9400.00       5.50217
       9420.00       5.01754
       9440.00       4.81384
       9460.00       5.15188
       9480.00       5.25351
       9500.00       5.36609
       9520.00       5.70793
       9540.00       5.72427
       9560.00       5.71653
       9580.00       5.60031
       9600.00       5.65896
       9620.00       5.81560
       9640.00       5.60887
       9660.00       5.62521
       9680.00       5.73910
       9700.00       5.74258
       9720.00       5.69882
       9740.00       5.66217
       9760.00       5.69483
       9780.00       5.71769
       9800.00       5.83965
       9820.00       5.91025
       9840.00       5.89960
       9860.00       6.01361
       9880.00       6.04379
       9900.00       6.00840
       9920.00       5.94593
       9940.00       6.05349
       9960.00       6.15519
       9980.00       6.20103
       10000.0       6.12922
       10020.0       6.18436
       10040.0       6.04026
       10060.0       6.09669
       10080.0       6.18237
       10100.0       6.20221
       10120.0       6.24998
       10140.0       6.19904
       10160.0       6.22139
       10180.0       6.16142
       10200.0       6.26449
       10220.0       6.34734
       10240.0       6.32836
       10260.0       6.31865
       10280.0       6.30504
       10300.0       6.33737
       10320.0       6.34078
       10340.0       6.35724
       10360.0       6.45834
       10380.0       6.41729
       10400.0       6.51399
       10420.0       6.54683
       10440.0       6.59636
       10460.0       6.53857
       10480.0       6.54027
       10500.0       6.44423
       10520.0       6.48460
       10540.0       6.48126
       10560.0       6.52140
       10580.0       6.46186
       10600.0       6.43693
       10620.0       6.50744
