       3160.00       3.34782
       3170.00       2.98133
       3180.00       2.98601
       3190.00       2.81615
       3200.00       2.57927
       3210.00       2.85312
       3220.00       2.32444
       3230.00       1.93623
       3240.00       2.15264
       3250.00       2.63698
       3260.00       3.30795
       3270.00       3.29100
       3280.00       3.12373
       3290.00       3.52000
       3300.00       3.75081
       3310.00       3.48973
       3320.00       3.25378
       3330.00       3.34465
       3340.00       3.45727
       3350.00       3.37748
       3360.00       3.08427
       3370.00       2.75081
       3380.00       2.83191
       3390.00       3.23822
       3400.00       3.62188
       3410.00       3.60689
       3420.00       3.82717
       3430.00       3.95389
       3440.00       3.13703
       3450.00       3.20025
       3460.00       3.73988
       3470.00       3.52950
       3480.00       3.66006
       3490.00       3.52741
       3500.00       4.05514
       3510.00       4.37459
       3520.00       3.88559
       3530.00       3.94209
       3540.00       4.63310
       3550.00       4.37302
       3560.00       3.48158
       3570.00       3.04731
       3580.00       2.44955
       3590.00       3.03500
       3600.00       4.42348
       3610.00       4.29003
       3620.00       4.69067
       3630.00       5.09167
       3640.00       5.19686
       3650.00       5.77433
       3660.00       6.70984
       3670.00       6.79302
       3680.00       5.91446
       3690.00       6.28191
       3700.00       6.35550
       3710.00       6.09247
       3720.00       5.25527
       3730.00       4.00576
       3740.00       3.63014
       3750.00       4.26988
       3760.00       4.70121
       3770.00       5.54609
       3780.00       6.59534
       3790.00       5.46770
       3800.00       4.93394
       3810.00       4.81837
       3820.00       3.42398
       3830.00       2.78453
       3840.00       3.21172
       3850.00       3.47855
       3860.00       3.35136
       3870.00       3.43651
       3880.00       3.90656
       3890.00       5.29842
       3900.00       6.64066
       3910.00       7.06176
       3920.00       6.40254
       3930.00       3.79148
       3940.00       4.02333
       3950.00       6.99496
       3960.00       6.26264
       3970.00       4.96185
       3980.00       8.48131
       3990.00       11.0965
       4000.00       12.1999
       4010.00       12.9077
       4020.00       13.5194
       4030.00       12.9545
       4040.00       11.9593
       4050.00       12.0539
       4060.00       11.9462
       4070.00       11.7842
       4080.00       13.2612
       4090.00       14.4169
       4100.00       13.8278
       4110.00       13.8077
       4120.00       13.8013
       4130.00       13.0015
       4140.00       12.4034
       4150.00       11.8128
       4160.00       12.7287
       4170.00       12.7116
       4180.00       12.3293
       4190.00       12.8509
       4200.00       12.8912
       4210.00       14.1343
       4220.00       14.2552
       4230.00       14.3403
       4240.00       16.1289
       4250.00       15.8894
       4260.00       16.0225
       4270.00       15.8629
       4280.00       15.0733
       4290.00       14.1398
       4300.00       11.7168
       4310.00       13.6508
       4320.00       17.8386
       4330.00       18.4424
       4340.00       19.5324
       4350.00       19.4062
       4360.00       19.6692
       4370.00       19.4239
       4380.00       17.2286
       4390.00       17.6390
       4400.00       18.5890
       4410.00       18.9944
       4420.00       20.3584
       4430.00       20.5562
       4440.00       21.3947
       4450.00       20.9575
       4460.00       20.6266
       4470.00       22.0175
       4480.00       23.6058
       4490.00       23.3666
       4500.00       23.9767
       4510.00       25.1373
       4520.00       23.1497
       4530.00       22.3136
       4540.00       23.1831
       4550.00       24.2043
       4560.00       24.8167
       4570.00       24.7746
       4580.00       24.6718
       4590.00       24.5207
       4600.00       25.1230
       4610.00       26.4740
       4620.00       27.1099
       4630.00       26.4481
       4640.00       25.0589
       4650.00       25.5376
       4660.00       25.0113
       4670.00       24.8581
       4680.00       25.1073
       4690.00       25.0578
       4700.00       25.1233
       4710.00       25.5601
       4720.00       26.9616
       4730.00       26.8061
       4740.00       27.4409
       4750.00       28.3121
       4760.00       27.7402
       4770.00       28.3574
       4780.00       28.7810
       4790.00       28.5655
       4800.00       29.1886
       4810.00       29.5499
       4820.00       29.3765
       4830.00       28.7722
       4840.00       28.1049
       4850.00       27.7437
       4860.00       26.7940
       4870.00       26.7199
       4880.00       27.4473
       4890.00       28.2402
       4900.00       29.5581
       4910.00       28.8381
       4920.00       28.0756
       4930.00       28.4492
       4940.00       29.8878
       4950.00       30.0832
       4960.00       30.0601
       4970.00       30.4230
       4980.00       29.1169
       4990.00       28.6817
       5000.00       27.9578
       5010.00       26.9618
       5020.00       27.8390
       5030.00       28.9792
       5040.00       29.2283
       5050.00       29.4138
       5060.00       30.3933
       5070.00       29.9514
       5080.00       29.0752
       5090.00       29.1900
       5100.00       28.9721
       5110.00       28.7624
       5120.00       28.6698
       5130.00       27.8300
       5140.00       27.8737
       5150.00       28.0111
       5160.00       26.3440
       5170.00       24.8381
       5180.00       25.7606
       5190.00       27.4293
       5200.00       28.6978
       5210.00       29.0501
       5220.00       29.6400
       5230.00       30.2598
       5240.00       31.5416
       5250.00       31.4709
       5260.00       29.2589
       5270.00       27.8962
       5280.00       30.9429
       5290.00       32.5739
       5300.00       32.5897
       5310.00       33.7625
       5320.00       31.6937
       5330.00       30.9286
       5340.00       32.4153
       5350.00       33.7537
       5360.00       34.3994
       5370.00       33.3472
       5380.00       33.3648
       5390.00       33.0231
       5400.00       31.4242
       5410.00       31.8892
       5420.00       33.5823
       5430.00       32.4541
       5440.00       33.1063
       5450.00       34.1627
       5460.00       33.4147
       5470.00       33.4523
       5480.00       31.8929
       5490.00       32.9845
       5500.00       34.0552
       5510.00       33.4764
       5520.00       34.2017
       5530.00       34.2745
       5540.00       34.4143
       5550.00       35.7277
       5560.00       35.5630
       5570.00       34.7303
       5580.00       35.0017
       5590.00       33.7068
       5600.00       33.5136
       5610.00       35.1796
       5620.00       34.5207
       5630.00       34.5255
       5640.00       34.3323
       5650.00       34.5022
       5660.00       34.8360
       5670.00       34.9059
       5680.00       35.7950
       5690.00       35.9285
       5700.00       35.3428
       5710.00       34.7592
       5720.00       36.2934
       5730.00       37.1723
       5740.00       36.9130
       5760.00       36.8171
       5780.00       37.5594
       5800.00       37.6546
       5820.00       38.6449
       5840.00       37.8749
       5860.00       37.5233
       5880.00       36.6674
       5900.00       37.4582
       5920.00       39.1872
       5940.00       39.3374
       5960.00       40.0176
       5980.00       40.2885
       6000.00       39.9991
       6020.00       41.0724
       6040.00       41.6454
       6060.00       40.9856
       6080.00       41.4020
       6100.00       40.8084
       6120.00       40.6447
       6140.00       39.7845
       6160.00       39.0508
       6180.00       40.2199
       6200.00       39.3995
       6220.00       39.3027
       6240.00       39.1768
       6260.00       39.2300
       6280.00       40.1131
       6300.00       40.0449
       6320.00       40.5663
       6340.00       41.0550
       6360.00       41.4821
       6380.00       42.3443
       6400.00       41.9502
       6420.00       41.9645
       6440.00       42.2389
       6460.00       41.5605
       6480.00       41.2311
       6500.00       41.6485
       6520.00       42.4060
       6540.00       41.1091
       6560.00       40.1891
       6580.00       41.7364
       6600.00       42.9922
       6620.00       42.9467
       6640.00       42.9575
       6660.00       42.5769
       6680.00       43.0347
       6700.00       43.1842
       6720.00       43.0556
       6740.00       43.5632
       6760.00       43.8750
       6780.00       43.3062
       6800.00       44.4657
       6820.00       44.3080
       6840.00       44.4507
       6860.00       42.9369
       6880.00       42.1085
       6900.00       43.7134
       6920.00       42.7261
       6940.00       42.2273
       6960.00       42.8283
       6980.00       42.3054
       7000.00       41.8654
       7020.00       42.0644
       7040.00       42.9763
       7060.00       43.2238
       7080.00       43.0228
       7100.00       42.9278
       7120.00       42.8334
       7140.00       41.9833
       7160.00       41.9700
       7180.00       40.7899
       7200.00       41.4782
       7220.00       42.4206
       7240.00       41.2234
       7260.00       41.1867
       7280.00       40.6132
       7300.00       41.2416
       7320.00       42.6042
       7340.00       42.1837
       7360.00       42.3220
       7380.00       42.4596
       7400.00       42.2442
       7420.00       42.6322
       7440.00       43.0431
       7460.00       43.4019
       7480.00       43.1117
       7500.00       42.6243
       7520.00       45.1106
       7540.00       46.1516
       7560.00       47.2116
       7580.00       40.7252
       7600.00       33.7586
       7620.00       44.1521
       7640.00       41.9651
       7660.00       42.1715
       7680.00       40.8010
       7700.00       41.7106
       7720.00       42.3020
       7740.00       42.8181
       7760.00       43.1636
       7780.00       43.6509
       7800.00       43.7300
       7820.00       44.2848
       7840.00       44.0293
       7860.00       43.2777
       7880.00       42.8135
       7900.00       41.7624
       7920.00       41.4218
       7940.00       41.8099
       7960.00       42.1727
       7980.00       42.6269
       8000.00       41.7756
       8020.00       42.3215
       8040.00       43.1656
       8060.00       42.8968
       8080.00       42.3068
       8100.00       41.2369
       8120.00       41.9608
       8140.00       41.8348
       8160.00       41.1847
       8180.00       41.6302
       8200.00       42.2553
       8220.00       41.7674
       8240.00       44.2645
       8260.00       42.7147
       8280.00       41.7571
       8300.00       42.1051
       8320.00       41.1087
       8340.00       40.7869
       8360.00       40.8898
       8380.00       41.8142
       8400.00       43.3549
       8420.00       42.8097
       8440.00       42.6641
       8460.00       42.9594
       8480.00       42.0676
       8500.00       42.2972
       8520.00       40.4715
       8540.00       40.6166
       8560.00       43.4798
       8580.00       43.8341
       8600.00       44.5765
       8620.00       43.6523
       8640.00       41.6549
       8660.00       41.0642
       8680.00       42.6213
       8700.00       43.9786
       8720.00       42.9382
       8740.00       43.8412
       8760.00       44.2724
       8780.00       42.8781
       8800.00       43.0345
       8820.00       42.8736
       8840.00       43.5348
       8860.00       43.9199
       8880.00       43.9048
       8900.00       43.6597
       8920.00       43.4992
       8940.00       42.6105
       8960.00       41.2478
       8980.00       40.8449
       9000.00       40.7956
       9020.00       43.4298
       9040.00       44.3635
       9060.00       42.3749
       9080.00       40.2106
       9100.00       41.7385
       9120.00       41.3612
       9140.00       40.3948
       9160.00       39.7781
       9180.00       39.8942
       9200.00       41.7098
       9220.00       41.7405
       9240.00       42.2950
       9260.00       41.2586
       9280.00       41.5108
       9300.00       38.4185
       9320.00       35.2396
       9340.00       36.5596
       9360.00       36.0239
       9380.00       39.2421
       9400.00       39.8717
       9420.00       34.0947
       9440.00       33.8055
       9460.00       35.9974
       9480.00       37.9051
       9500.00       37.0217
       9520.00       39.0562
       9540.00       40.1453
       9560.00       39.9055
       9580.00       39.6473
       9600.00       39.0410
       9620.00       38.9598
       9640.00       38.6859
       9660.00       39.8779
       9680.00       41.0457
       9700.00       39.2911
       9720.00       39.3827
       9740.00       39.6077
       9760.00       39.8890
       9780.00       40.3785
       9800.00       40.4291
       9820.00       41.0672
       9840.00       41.8731
       9860.00       41.0895
       9880.00       41.7601
       9900.00       40.6225
       9920.00       40.6157
       9940.00       41.5267
       9960.00       41.6864
       9980.00       41.9573
       10000.0       42.3388
       10020.0       42.2729
       10040.0       42.7821
       10060.0       41.1979
       10080.0       40.9500
       10100.0       41.6063
       10120.0       40.8801
       10140.0       39.8814
       10160.0       40.2610
       10180.0       39.4503
       10200.0       40.7785
       10220.0       40.5165
       10240.0       40.6010
       10260.0       40.0864
       10280.0       41.1494
       10300.0       40.7984
       10320.0       40.4667
       10340.0       40.4245
       10360.0       40.6879
       10380.0       39.9279
       10400.0       41.6951
       10420.0       40.3464
       10440.0       40.4474
       10460.0       41.0287
       10480.0       40.1687
       10500.0       40.9788
       10520.0       40.3168
       10540.0       40.5053
       10560.0       40.6931
       10580.0       40.9153
       10600.0       40.2058
       10620.0       40.3229
