       3160.00       1.48154
       3170.00       1.68487
       3180.00       1.61007
       3190.00       1.40368
       3200.00       1.55078
       3210.00       1.45047
       3220.00       1.27684
       3230.00       1.12620
       3240.00       1.26217
       3250.00       1.56713
       3260.00       1.94700
       3270.00       1.85217
       3280.00       1.72888
       3290.00       2.07697
       3300.00       2.20832
       3310.00       1.95817
       3320.00       1.93204
       3330.00       1.91707
       3340.00       1.96837
       3350.00       2.00040
       3360.00       1.84254
       3370.00       1.69576
       3380.00       1.92845
       3390.00       2.11728
       3400.00       2.24932
       3410.00       2.22625
       3420.00       2.32293
       3430.00       2.33538
       3440.00       1.88240
       3450.00       1.94525
       3460.00       2.23431
       3470.00       2.10858
       3480.00       2.07199
       3490.00       2.11889
       3500.00       2.43660
       3510.00       2.57925
       3520.00       2.21010
       3530.00       2.35501
       3540.00       2.71848
       3550.00       2.53368
       3560.00       2.06934
       3570.00       1.78443
       3580.00       1.49362
       3590.00       1.94524
       3600.00       2.58905
       3610.00       2.48717
       3620.00       2.81323
       3630.00       3.12505
       3640.00       2.99268
       3650.00       3.52945
       3660.00       3.94686
       3670.00       3.87954
       3680.00       3.51727
       3690.00       3.75924
       3700.00       3.72927
       3710.00       3.60732
       3720.00       3.26412
       3730.00       2.40028
       3740.00       2.06083
       3750.00       2.55517
       3760.00       2.88840
       3770.00       3.39767
       3780.00       3.83125
       3790.00       3.10782
       3800.00       2.94508
       3810.00       2.83735
       3820.00       1.95822
       3830.00       1.62344
       3840.00       1.91940
       3850.00       2.08410
       3860.00       1.96671
       3870.00       2.04872
       3880.00       2.40599
       3890.00       3.44040
       3900.00       4.10161
       3910.00       4.27538
       3920.00       3.67884
       3930.00       2.20418
       3940.00       2.52276
       3950.00       4.24445
       3960.00       3.58310
       3970.00       2.97460
       3980.00       5.17889
       3990.00       6.87972
       4000.00       7.49749
       4010.00       8.16090
       4020.00       8.53548
       4030.00       8.20221
       4040.00       7.62274
       4050.00       7.53458
       4060.00       7.41376
       4070.00       7.35954
       4080.00       8.25433
       4090.00       8.90291
       4100.00       8.38680
       4110.00       8.44067
       4120.00       8.36387
       4130.00       7.96517
       4140.00       7.50351
       4150.00       7.28535
       4160.00       7.83141
       4170.00       7.69257
       4180.00       7.78226
       4190.00       8.05803
       4200.00       8.21619
       4210.00       9.04070
       4220.00       8.99035
       4230.00       9.05281
       4240.00       10.0250
       4250.00       10.0129
       4260.00       9.93784
       4270.00       9.82019
       4280.00       9.33791
       4290.00       8.95750
       4300.00       7.35778
       4310.00       8.81961
       4320.00       11.1735
       4330.00       11.5905
       4340.00       12.6161
       4350.00       12.5786
       4360.00       13.0651
       4370.00       12.8955
       4380.00       10.6804
       4390.00       11.0037
       4400.00       11.7891
       4410.00       12.1444
       4420.00       12.9237
       4430.00       13.1095
       4440.00       13.4870
       4450.00       13.2893
       4460.00       12.9912
       4470.00       14.2460
       4480.00       15.2773
       4490.00       15.1100
       4500.00       16.1591
       4510.00       16.6241
       4520.00       15.2123
       4530.00       14.6153
       4540.00       15.1991
       4550.00       15.7722
       4560.00       16.2892
       4570.00       16.3551
       4580.00       16.1914
       4590.00       15.8289
       4600.00       16.2272
       4610.00       17.4396
       4620.00       17.9014
       4630.00       17.3801
       4640.00       16.3742
       4650.00       16.5490
       4660.00       16.4926
       4670.00       16.2245
       4680.00       16.8422
       4690.00       16.5615
       4700.00       16.3990
       4710.00       17.0719
       4720.00       17.6230
       4730.00       17.4799
       4740.00       17.9995
       4750.00       18.4346
       4760.00       17.7982
       4770.00       18.5237
       4780.00       18.8043
       4790.00       18.7701
       4800.00       19.2983
       4810.00       19.5882
       4820.00       19.5121
       4830.00       18.8270
       4840.00       18.8083
       4850.00       18.2559
       4860.00       17.3289
       4870.00       17.8074
       4880.00       18.1362
       4890.00       18.9681
       4900.00       19.7542
       4910.00       18.8560
       4920.00       18.4330
       4930.00       18.6260
       4940.00       19.5696
       4950.00       20.0801
       4960.00       20.0150
       4970.00       20.3065
       4980.00       19.6576
       4990.00       19.3196
       5000.00       19.1125
       5010.00       18.2042
       5020.00       18.4331
       5030.00       19.4136
       5040.00       19.3848
       5050.00       19.6124
       5060.00       19.8463
       5070.00       19.2051
       5080.00       18.7033
       5090.00       18.8609
       5100.00       18.6827
       5110.00       18.8540
       5120.00       18.6502
       5130.00       18.3878
       5140.00       18.5682
       5150.00       18.4254
       5160.00       17.4668
       5170.00       16.3560
       5180.00       16.9821
       5190.00       18.0364
       5200.00       18.4197
       5210.00       18.5203
       5220.00       18.6813
       5230.00       18.9000
       5240.00       19.7285
       5250.00       19.7398
       5260.00       18.2722
       5270.00       17.7324
       5280.00       19.8034
       5290.00       20.8416
       5300.00       21.2147
       5310.00       21.8761
       5320.00       20.7585
       5330.00       20.2293
       5340.00       20.9072
       5350.00       21.8244
       5360.00       22.2462
       5370.00       21.4839
       5380.00       21.4984
       5390.00       20.9964
       5400.00       19.9219
       5410.00       20.4877
       5420.00       21.5516
       5430.00       21.2038
       5440.00       21.7013
       5450.00       22.4277
       5460.00       22.3531
       5470.00       21.9618
       5480.00       21.5763
       5490.00       21.9552
       5500.00       22.2460
       5510.00       22.2500
       5520.00       22.5857
       5530.00       22.6995
       5540.00       22.7246
       5550.00       23.4537
       5560.00       23.3017
       5570.00       22.8872
       5580.00       22.9118
       5590.00       22.4340
       5600.00       22.2849
       5610.00       23.8123
       5620.00       23.4006
       5630.00       23.2723
       5640.00       23.5991
       5650.00       23.4060
       5660.00       23.4941
       5670.00       23.4742
       5680.00       23.9273
       5690.00       24.2287
       5700.00       23.6720
       5710.00       22.8393
       5720.00       23.8668
       5730.00       25.1250
       5740.00       24.5069
       5760.00       24.8670
       5780.00       24.7387
       5800.00       25.0955
       5820.00       25.7436
       5840.00       26.3454
       5860.00       25.6095
       5880.00       25.1279
       5900.00       24.5667
       5920.00       24.7931
       5940.00       25.7374
       5960.00       26.0608
       5980.00       26.1575
       6000.00       26.1517
       6020.00       26.0648
       6040.00       26.0594
       6060.00       26.5174
       6080.00       26.0486
       6100.00       25.2625
       6120.00       25.7187
       6140.00       26.2912
       6160.00       26.3843
       6180.00       26.5360
       6200.00       27.2185
       6220.00       26.5224
       6240.00       26.0851
       6260.00       26.0798
       6280.00       26.0551
       6300.00       26.3213
       6320.00       26.2187
       6340.00       26.4248
       6360.00       26.4761
       6380.00       26.8716
       6400.00       26.9594
       6420.00       26.6471
       6440.00       27.1711
       6460.00       26.8224
       6480.00       26.9846
       6500.00       26.8452
       6520.00       27.6993
       6540.00       28.5668
       6560.00       28.4052
       6580.00       28.6715
       6600.00       28.8991
       6620.00       28.8303
       6640.00       28.1549
       6660.00       27.5570
       6680.00       27.8584
       6700.00       27.8481
       6720.00       27.9106
       6740.00       27.9365
       6760.00       28.0887
       6780.00       28.3300
       6800.00       28.1749
       6820.00       27.9132
       6840.00       29.2240
       6860.00       28.5514
       6880.00       27.1728
       6900.00       26.2446
       6920.00       27.8980
       6940.00       27.5889
       6960.00       27.3166
       6980.00       27.1859
       7000.00       26.9338
       7020.00       26.5265
       7040.00       26.7460
       7060.00       27.2756
       7080.00       27.4228
       7100.00       27.4659
       7120.00       27.0801
       7140.00       27.0042
       7160.00       28.3272
       7180.00       27.1429
       7200.00       24.6762
       7220.00       26.2314
       7240.00       27.3565
       7260.00       26.3897
       7280.00       26.4514
       7300.00       26.3454
       7320.00       26.2067
       7340.00       26.9338
       7360.00       27.2920
       7380.00       27.0526
       7400.00       27.3920
       7420.00       27.2688
       7440.00       27.5566
       7460.00       27.9738
       7480.00       27.8663
       7500.00       27.6129
       7520.00       27.1173
       7540.00       26.3976
       7560.00       25.9078
       7580.00       29.2063
       7600.00       30.0131
       7620.00       27.1300
       7640.00       27.3786
       7660.00       28.0085
       7680.00       27.7130
       7700.00       29.7026
       7720.00       28.8348
       7740.00       27.8926
       7760.00       28.4501
       7780.00       28.4712
       7800.00       28.6956
       7820.00       29.2780
       7840.00       29.7796
       7860.00       29.4708
       7880.00       29.2101
       7900.00       28.2087
       7920.00       28.0141
       7940.00       27.9743
       7960.00       28.2569
       7980.00       28.6451
       8000.00       28.7872
       8020.00       28.5936
       8040.00       28.7655
       8060.00       28.9971
       8080.00       28.7440
       8100.00       27.5122
       8120.00       28.7678
       8140.00       29.3722
       8160.00       27.9683
       8180.00       27.7358
       8200.00       27.9808
       8220.00       28.6258
       8240.00       28.7786
       8260.00       29.3594
       8280.00       29.1410
       8300.00       28.4382
       8320.00       27.3865
       8340.00       26.6180
       8360.00       26.5981
       8380.00       26.7095
       8400.00       27.0093
       8420.00       26.8872
       8440.00       26.3605
       8460.00       26.3703
       8480.00       26.8985
       8500.00       25.8871
       8520.00       25.5970
       8540.00       24.2073
       8560.00       24.3505
       8580.00       26.8697
       8600.00       27.1621
       8620.00       27.1275
       8640.00       27.8561
       8660.00       26.4099
       8680.00       25.5332
       8700.00       27.0184
       8720.00       27.5025
       8740.00       27.1881
       8760.00       27.1400
       8780.00       27.1894
       8800.00       26.8223
       8820.00       26.6785
       8840.00       26.9496
       8860.00       27.5779
       8880.00       27.6258
       8900.00       27.7969
       8920.00       27.5977
       8940.00       27.1399
       8960.00       27.1338
       8980.00       26.2847
       9000.00       25.8735
       9020.00       26.6420
       9040.00       29.2845
       9060.00       30.0960
       9080.00       27.0845
       9100.00       25.8442
       9120.00       26.5641
       9140.00       25.7177
       9160.00       24.4618
       9180.00       24.5282
       9200.00       25.6694
       9220.00       26.2362
       9240.00       25.5980
       9260.00       25.4899
       9280.00       27.4482
       9300.00       25.7873
       9320.00       25.2734
       9340.00       23.5328
       9360.00       20.5472
       9380.00       22.4951
       9400.00       28.3838
       9420.00       27.8699
       9440.00       24.8745
       9460.00       23.8926
       9480.00       24.2028
       9500.00       25.3858
       9520.00       24.4859
       9540.00       25.6122
       9560.00       25.3925
       9580.00       23.9247
       9600.00       24.5744
       9620.00       24.5995
       9640.00       24.1685
       9660.00       23.8909
       9680.00       25.1030
       9700.00       25.6303
       9720.00       26.2434
       9740.00       24.7979
       9760.00       23.6961
       9780.00       23.7725
       9800.00       25.0074
       9820.00       25.1927
       9840.00       25.5386
       9860.00       25.8088
       9880.00       25.9914
       9900.00       25.7046
       9920.00       25.3081
       9940.00       25.6134
       9960.00       26.0646
       9980.00       25.8656
       10000.0       26.3023
       10020.0       25.9451
       10040.0       25.6137
       10060.0       25.3079
       10080.0       25.4151
       10100.0       25.6429
       10120.0       26.1231
       10140.0       25.4213
       10160.0       25.6357
       10180.0       25.9212
       10200.0       25.4035
       10220.0       25.6644
       10240.0       25.7335
       10260.0       25.4810
       10280.0       25.4314
       10300.0       25.4651
       10320.0       25.1791
       10340.0       25.1185
       10360.0       24.9050
       10380.0       25.2923
       10400.0       25.2085
       10420.0       25.1484
       10440.0       26.2698
       10460.0       25.7643
       10480.0       26.0064
       10500.0       26.1313
       10520.0       25.5825
       10540.0       25.7541
       10560.0       25.9482
       10580.0       25.1604
       10600.0       25.0784
       10620.0       25.1807
