       3160.00     0.0392002
       3170.00     0.0385005
       3180.00     0.0344290
       3190.00     0.0297190
       3200.00     0.0275947
       3210.00     0.0261436
       3220.00     0.0239529
       3230.00     0.0235169
       3240.00     0.0220873
       3250.00     0.0209766
       3260.00     0.0254961
       3270.00     0.0301534
       3280.00     0.0302618
       3290.00     0.0374293
       3300.00     0.0399054
       3310.00     0.0384829
       3320.00     0.0366951
       3330.00     0.0386905
       3340.00     0.0413737
       3350.00     0.0431688
       3360.00     0.0409970
       3370.00     0.0363457
       3380.00     0.0390905
       3390.00     0.0438444
       3400.00     0.0506326
       3410.00     0.0508697
       3420.00     0.0498026
       3430.00     0.0552364
       3440.00     0.0424216
       3450.00     0.0423409
       3460.00     0.0490158
       3470.00     0.0442859
       3480.00     0.0525329
       3490.00     0.0487200
       3500.00     0.0596409
       3510.00     0.0620304
       3520.00     0.0508362
       3530.00     0.0591133
       3540.00     0.0720065
       3550.00     0.0700755
       3560.00     0.0604616
       3570.00     0.0468508
       3580.00     0.0347237
       3590.00     0.0414629
       3600.00     0.0579030
       3610.00     0.0593814
       3620.00     0.0669449
       3630.00     0.0728772
       3640.00     0.0775328
       3650.00     0.0840639
       3660.00     0.0986414
       3670.00      0.107209
       3680.00     0.0910595
       3690.00     0.0894272
       3700.00     0.0921662
       3710.00     0.0872323
       3720.00     0.0701519
       3730.00     0.0514987
       3740.00     0.0460687
       3750.00     0.0561907
       3760.00     0.0647242
       3770.00     0.0830155
       3780.00      0.103780
       3790.00     0.0854103
       3800.00     0.0795347
       3810.00     0.0789042
       3820.00     0.0567671
       3830.00     0.0465499
       3840.00     0.0576316
       3850.00     0.0648427
       3860.00     0.0654505
       3870.00     0.0630732
       3880.00     0.0679744
       3890.00     0.0817689
       3900.00     0.0997813
       3910.00      0.108829
       3920.00     0.0962538
       3930.00     0.0573898
       3940.00     0.0597837
       3950.00     0.0995537
       3960.00     0.0974579
       3970.00     0.0729461
       3980.00      0.135946
       3990.00      0.191473
       4000.00      0.214184
       4010.00      0.248803
       4020.00      0.255270
       4030.00      0.243219
       4040.00      0.227069
       4050.00      0.242919
       4060.00      0.244120
       4070.00      0.239034
       4080.00      0.282486
       4090.00      0.309117
       4100.00      0.287343
       4110.00      0.269050
       4120.00      0.286834
       4130.00      0.272522
       4140.00      0.246812
       4150.00      0.247802
       4160.00      0.274946
       4170.00      0.271835
       4180.00      0.270136
       4190.00      0.289015
       4200.00      0.285023
       4210.00      0.307593
       4220.00      0.279864
       4230.00      0.276958
       4240.00      0.358473
       4250.00      0.350239
       4260.00      0.349246
       4270.00      0.339020
       4280.00      0.328330
       4290.00      0.330800
       4300.00      0.289435
       4310.00      0.333332
       4320.00      0.424534
       4330.00      0.483772
       4340.00      0.519513
       4350.00      0.521845
       4360.00      0.553146
       4370.00      0.538009
       4380.00      0.454070
       4390.00      0.462519
       4400.00      0.487530
       4410.00      0.489571
       4420.00      0.544481
       4430.00      0.547704
       4440.00      0.595820
       4450.00      0.589393
       4460.00      0.561378
       4470.00      0.636592
       4480.00      0.693862
       4490.00      0.684997
       4500.00      0.732491
       4510.00      0.781557
       4520.00      0.722463
       4530.00      0.674434
       4540.00      0.686944
       4550.00      0.740494
       4560.00      0.785160
       4570.00      0.786159
       4580.00      0.786196
       4590.00      0.768571
       4600.00      0.793099
       4610.00      0.866793
       4620.00      0.895112
       4630.00      0.864153
       4640.00      0.791614
       4650.00      0.804833
       4660.00      0.821757
       4670.00      0.823595
       4680.00      0.835881
       4690.00      0.841729
       4700.00      0.831858
       4710.00      0.843428
       4720.00      0.896265
       4730.00      0.890509
       4740.00      0.918062
       4750.00      0.921972
       4760.00      0.904077
       4770.00      0.907388
       4780.00      0.909921
       4790.00      0.929826
       4800.00      0.961212
       4810.00       1.00203
       4820.00       1.00041
       4830.00      0.985637
       4840.00      0.977262
       4850.00      0.994975
       4860.00      0.938826
       4870.00      0.930449
       4880.00      0.955183
       4890.00      0.977277
       4900.00       1.03938
       4910.00       1.00156
       4920.00      0.986163
       4930.00      0.999571
       4940.00       1.02933
       4950.00       1.05204
       4960.00       1.01385
       4970.00       1.03458
       4980.00      0.997601
       4990.00      0.979355
       5000.00      0.968632
       5010.00      0.926170
       5020.00      0.925780
       5030.00      0.966194
       5040.00      0.978914
       5050.00      0.965984
       5060.00      0.989912
       5070.00      0.938547
       5080.00      0.929079
       5090.00      0.938590
       5100.00      0.934888
       5110.00      0.951211
       5120.00      0.907270
       5130.00      0.922160
       5140.00      0.939265
       5150.00      0.931768
       5160.00      0.911420
       5170.00      0.814580
       5180.00      0.801022
       5190.00      0.921069
       5200.00      0.962418
       5210.00      0.942626
       5220.00       1.03820
       5230.00       1.07351
       5240.00       1.14436
       5250.00       1.12326
       5260.00       1.02781
       5270.00       1.01339
       5280.00       1.13237
       5290.00       1.20713
       5300.00       1.21588
       5310.00       1.28773
       5320.00       1.23959
       5330.00       1.18300
       5340.00       1.18776
       5350.00       1.26499
       5360.00       1.34371
       5370.00       1.27388
       5380.00       1.27993
       5390.00       1.23311
       5400.00       1.18525
       5410.00       1.22477
       5420.00       1.29488
       5430.00       1.27474
       5440.00       1.26769
       5450.00       1.31562
       5460.00       1.30171
       5470.00       1.32083
       5480.00       1.29629
       5490.00       1.32400
       5500.00       1.36117
       5510.00       1.34014
       5520.00       1.39460
       5530.00       1.41850
       5540.00       1.43703
       5550.00       1.48445
       5560.00       1.48966
       5570.00       1.46339
       5580.00       1.45160
       5590.00       1.40589
       5600.00       1.38512
       5610.00       1.47118
       5620.00       1.45686
       5630.00       1.45168
       5640.00       1.46076
       5650.00       1.46981
       5660.00       1.45560
       5670.00       1.45432
       5680.00       1.50705
       5690.00       1.53393
       5700.00       1.48255
       5710.00       1.41216
       5720.00       1.48630
       5730.00       1.58440
       5740.00       1.54220
       5760.00       1.54952
       5780.00       1.54290
       5800.00       1.55269
       5820.00       1.63897
       5840.00       1.64086
       5860.00       1.62279
       5880.00       1.49927
       5900.00       1.44219
       5920.00       1.55329
       5940.00       1.61569
       5960.00       1.64458
       5980.00       1.65985
       6000.00       1.67014
       6020.00       1.69371
       6040.00       1.77154
       6060.00       1.80185
       6080.00       1.77670
       6100.00       1.78644
       6120.00       1.76389
       6140.00       1.72008
       6160.00       1.67419
       6180.00       1.68768
       6200.00       1.70344
       6220.00       1.66978
       6240.00       1.60473
       6260.00       1.59960
       6280.00       1.66313
       6300.00       1.71234
       6320.00       1.74506
       6340.00       1.77296
       6360.00       1.80643
       6380.00       1.84427
       6400.00       1.88301
       6420.00       1.87260
       6440.00       1.89173
       6460.00       1.90962
       6480.00       1.87217
       6500.00       1.87090
       6520.00       1.93237
       6540.00       1.97449
       6560.00       1.90612
       6580.00       1.92363
       6600.00       1.98863
       6620.00       2.00469
       6640.00       2.02835
       6660.00       1.99703
       6680.00       2.00199
       6700.00       1.99274
       6720.00       2.01942
       6740.00       2.01343
       6760.00       2.02151
       6780.00       2.04140
       6800.00       2.04614
       6820.00       2.07120
       6840.00       2.14309
       6860.00       2.06977
       6880.00       2.00749
       6900.00       2.07153
       6920.00       2.09404
       6940.00       2.05222
       6960.00       2.03793
       6980.00       2.05511
       7000.00       2.02942
       7020.00       2.02780
       7040.00       2.06457
       7060.00       2.06390
       7080.00       2.05497
       7100.00       2.03787
       7120.00       2.02701
       7140.00       1.99269
       7160.00       2.03507
       7180.00       1.94395
       7200.00       1.85131
       7220.00       2.05255
       7240.00       2.06000
       7260.00       2.00805
       7280.00       2.02460
       7300.00       2.06208
       7320.00       2.06343
       7340.00       2.10756
       7360.00       2.14748
       7380.00       2.12879
       7400.00       2.17239
       7420.00       2.16260
       7440.00       2.21765
       7460.00       2.24695
       7480.00       2.21751
       7500.00       2.20478
       7520.00       2.22902
       7540.00       2.26186
       7560.00       2.24911
       7580.00       2.48985
       7600.00       2.13733
       7620.00       2.08379
       7640.00       2.21696
       7660.00       2.20068
       7680.00       2.09129
       7700.00       2.25470
       7720.00       2.28859
       7740.00       2.27041
       7760.00       2.30691
       7780.00       2.30755
       7800.00       2.35501
       7820.00       2.36954
       7840.00       0.00000
       7860.00       0.00000
       7880.00       0.00000
       7900.00       0.00000
       7920.00       0.00000
       7940.00       0.00000
       7960.00       0.00000
       7980.00       0.00000
       8000.00       0.00000
       8020.00       0.00000
       8040.00       0.00000
       8060.00       0.00000
       8080.00       0.00000
       8100.00       0.00000
       8120.00       0.00000
       8140.00       2.19114
       8160.00       2.03809
       8180.00       2.06078
       8200.00       2.28645
       8220.00       2.26756
       8240.00       2.24965
       8260.00       2.42547
       8280.00       2.31464
       8300.00       2.24834
       8320.00       2.19114
       8340.00       2.20165
       8360.00       2.23570
       8380.00       2.25303
       8400.00       2.26418
       8420.00       2.26314
       8440.00       2.33307
       8460.00       2.34136
       8480.00       2.32809
       8500.00       2.31402
       8520.00       2.31545
       8540.00       2.20568
       8560.00       2.22613
       8580.00       2.42098
       8600.00       2.40092
       8620.00       2.48262
       8640.00       2.47856
       8660.00       2.33368
       8680.00       2.30390
       8700.00       2.43293
       8720.00       2.48095
       8740.00       2.48447
       8760.00       2.46629
       8780.00       2.45235
       8800.00       2.44429
       8820.00       2.41390
       8840.00       2.47784
       8860.00       2.42938
       8880.00       2.44941
       8900.00       2.46442
       8920.00       2.49574
       8940.00       2.41255
       8960.00       2.34358
       8980.00       2.30339
       9000.00       2.21062
       9020.00       2.45107
       9040.00       2.73327
       9060.00       2.66114
       9080.00       2.33432
       9100.00       2.34765
       9120.00       2.29045
       9140.00       2.15279
       9160.00       2.10343
       9180.00       2.19990
       9200.00       2.38406
       9220.00       2.34641
       9240.00       2.33501
       9260.00       2.28422
       9280.00       2.56420
       9300.00       2.28539
       9320.00       1.93723
       9340.00       1.84629
       9360.00       1.65584
       9380.00       2.17323
       9400.00       2.70319
       9420.00       2.35862
       9440.00       2.15168
       9460.00       2.15794
       9480.00       2.28360
       9500.00       2.38027
       9520.00       2.45890
       9540.00       2.43384
       9560.00       2.47382
       9580.00       2.22698
       9600.00       2.17212
       9620.00       2.23442
       9640.00       2.17599
       9660.00       2.17451
       9680.00       2.30281
       9700.00       2.38014
       9720.00       2.30160
       9740.00       2.13415
       9760.00       2.07515
       9780.00       2.14260
       9800.00       2.18369
       9820.00       2.26701
       9840.00       2.24681
       9860.00       2.23485
       9880.00       2.26507
       9900.00       2.20885
       9920.00       2.20440
       9940.00       2.19335
       9960.00       2.24248
       9980.00       2.28189
       10000.0       2.23570
       10020.0       2.22103
       10040.0       2.18532
       10060.0       2.19187
       10080.0       2.19187
       10100.0       2.21356
       10120.0       2.20269
       10140.0       2.19907
       10160.0       2.15232
       10180.0       2.16316
       10200.0       2.15821
       10220.0       2.16470
       10240.0       2.23394
       10260.0       2.21535
       10280.0       2.19043
       10300.0       2.22022
       10320.0       2.22512
       10340.0       2.21304
       10360.0       2.24190
       10380.0       2.22140
       10400.0       2.24241
       10420.0       2.32572
       10440.0       2.28419
       10460.0       2.33289
       10480.0       2.31729
       10500.0       2.31218
       10520.0       2.31681
       10540.0       2.33528
       10560.0       2.31287
       10580.0       2.29262
       10600.0       2.31448
       10620.0       2.30806
