       3160.00    0.00609039
       3170.00    0.00277217
       3180.00    0.00762263
       3190.00    0.00644197
       3200.00    0.00379346
       3210.00    0.00344569
       3220.00    0.00157425
       3230.00    0.00145809
       3240.00    0.00191946
       3250.00    0.00179267
       3260.00    0.00385977
       3270.00    0.00220683
       3280.00    0.00486863
       3290.00    0.00333290
       3300.00    0.00338112
       3310.00    0.00312968
       3320.00    0.00452636
       3330.00    0.00425579
       3340.00    0.00374827
       3350.00    0.00231840
       3360.00    0.00451555
       3370.00    0.00395325
       3380.00    0.00453777
       3390.00    0.00371879
       3400.00    0.00489328
       3410.00    0.00472967
       3420.00    0.00584597
       3430.00    0.00491076
       3440.00    0.00397822
       3450.00    0.00527417
       3460.00    0.00549337
       3470.00    0.00501917
       3480.00    0.00562634
       3490.00    0.00549628
       3500.00    0.00586685
       3510.00    0.00483962
       3520.00    0.00535455
       3530.00    0.00582601
       3540.00    0.00891426
       3550.00    0.00694017
       3560.00    0.00746128
       3570.00    0.00533747
       3580.00    0.00533589
       3590.00    0.00570648
       3600.00    0.00640196
       3610.00    0.00655165
       3620.00    0.00812850
       3630.00    0.00932859
       3640.00    0.00873054
       3650.00    0.00958687
       3660.00     0.0132763
       3670.00     0.0109388
       3680.00     0.0100792
       3690.00     0.0108666
       3700.00     0.0109103
       3710.00     0.0110138
       3720.00    0.00992383
       3730.00    0.00892925
       3740.00    0.00681725
       3750.00    0.00931001
       3760.00    0.00990286
       3770.00     0.0122266
       3780.00     0.0147652
       3790.00     0.0126572
       3800.00     0.0139843
       3810.00     0.0124196
       3820.00     0.0105509
       3830.00    0.00946024
       3840.00     0.0127700
       3850.00     0.0122245
       3860.00     0.0127450
       3870.00     0.0150177
       3880.00     0.0122612
       3890.00     0.0143804
       3900.00     0.0137073
       3910.00     0.0136600
       3920.00     0.0128502
       3930.00    0.00861649
       3940.00     0.0118242
       3950.00     0.0153136
       3960.00     0.0114512
       3970.00     0.0144712
       3980.00     0.0240940
       3990.00     0.0267962
       4000.00     0.0292303
       4010.00     0.0349326
       4020.00     0.0337418
       4030.00     0.0354973
       4040.00     0.0373622
       4050.00     0.0381339
       4060.00     0.0368255
       4070.00     0.0395879
       4080.00     0.0447537
       4090.00     0.0441776
       4100.00     0.0420914
       4110.00     0.0441948
       4120.00     0.0457476
       4130.00     0.0451362
       4140.00     0.0432983
       4150.00     0.0501310
       4160.00     0.0497811
       4170.00     0.0487845
       4180.00     0.0524729
       4190.00     0.0497663
       4200.00     0.0533213
       4210.00     0.0520612
       4220.00     0.0375136
       4230.00     0.0386921
       4240.00     0.0547314
       4250.00     0.0539664
       4260.00     0.0536904
       4270.00     0.0568053
       4280.00     0.0503178
       4290.00     0.0516094
       4300.00     0.0556322
       4310.00     0.0661683
       4320.00     0.0750356
       4330.00     0.0735399
       4340.00     0.0762291
       4350.00     0.0799297
       4360.00     0.0801111
       4370.00     0.0794911
       4380.00     0.0745525
       4390.00     0.0755420
       4400.00     0.0762741
       4410.00     0.0805734
       4420.00     0.0820104
       4430.00     0.0808918
       4440.00     0.0900595
       4450.00     0.0864615
       4460.00     0.0824161
       4470.00     0.0921593
       4480.00      0.103315
       4490.00      0.105281
       4500.00      0.108122
       4510.00      0.111197
       4520.00      0.103843
       4530.00      0.102877
       4540.00      0.106399
       4550.00      0.115009
       4560.00      0.130697
       4570.00      0.135945
       4580.00      0.116999
       4590.00      0.104824
       4600.00      0.117943
       4610.00      0.136698
       4620.00      0.128208
       4630.00      0.107972
       4640.00      0.103660
       4650.00      0.117153
       4660.00      0.121680
       4670.00      0.115766
       4680.00      0.116640
       4690.00      0.132534
       4700.00      0.142709
       4710.00      0.140144
       4720.00      0.140487
       4730.00      0.145302
       4740.00      0.157713
       4750.00      0.156477
       4760.00      0.115515
       4770.00      0.100435
       4780.00      0.113634
       4790.00      0.128473
       4800.00      0.122771
       4810.00      0.113951
       4820.00      0.124175
       4830.00      0.134983
       4840.00      0.138450
       4850.00      0.129671
       4860.00      0.132349
       4870.00      0.145272
       4880.00      0.157588
       4890.00      0.166764
       4900.00      0.184634
       4910.00      0.194105
       4920.00      0.214304
       4930.00      0.223742
       4940.00      0.235073
       4950.00      0.186689
       4960.00      0.117592
       4970.00      0.118987
       4980.00      0.134750
       4990.00      0.142544
       5000.00      0.132079
       5010.00      0.124133
       5020.00      0.138397
       5030.00      0.155703
       5040.00      0.172751
       5050.00      0.192913
       5060.00      0.198756
       5070.00      0.200434
       5080.00      0.206396
       5090.00      0.214958
       5100.00      0.211824
       5110.00      0.225478
       5120.00      0.235755
       5130.00      0.239047
       5140.00      0.243100
       5150.00      0.246581
       5160.00      0.221259
       5170.00      0.142442
       5180.00      0.125402
       5190.00      0.157492
       5200.00      0.158168
       5210.00      0.172976
       5220.00      0.206253
       5230.00      0.223711
       5240.00      0.217851
       5250.00      0.215648
       5260.00      0.213696
       5270.00      0.227898
       5280.00      0.267351
       5290.00      0.274452
       5300.00      0.284048
       5310.00      0.288665
       5320.00      0.271828
       5330.00      0.275884
       5340.00      0.287729
       5350.00      0.312461
       5360.00      0.313659
       5370.00      0.303893
       5380.00      0.318110
       5390.00      0.313388
       5400.00      0.303382
       5410.00      0.322814
       5420.00      0.350390
       5430.00      0.343594
       5440.00      0.335068
       5450.00      0.271940
       5460.00      0.212801
       5470.00      0.235500
       5480.00      0.259915
       5490.00      0.273812
       5500.00      0.260358
       5510.00      0.256422
       5520.00      0.282582
       5530.00      0.297689
       5540.00      0.308635
       5550.00      0.317823
       5560.00      0.313533
       5570.00      0.304403
       5580.00      0.304143
       5590.00      0.302745
       5600.00      0.274228
       5610.00      0.259903
       5620.00      0.260290
       5630.00      0.256833
       5640.00      0.262441
       5650.00      0.278276
       5660.00      0.291413
       5670.00      0.285008
       5680.00      0.302708
       5690.00      0.320067
       5700.00      0.328993
       5710.00      0.334266
       5720.00      0.341189
       5730.00      0.344758
       5740.00      0.371313
       5760.00      0.369747
       5780.00      0.375072
       5800.00      0.398460
       5820.00      0.389712
       5840.00      0.354605
       5860.00      0.298567
       5880.00      0.264307
       5900.00      0.247694
       5920.00      0.258196
       5940.00      0.276338
       5960.00      0.291957
       5980.00      0.315982
       6000.00      0.340908
       6020.00      0.372801
       6040.00      0.407117
       6060.00      0.436482
       6080.00      0.446034
       6100.00      0.463084
       6120.00      0.485741
       6140.00      0.483900
       6160.00      0.388600
       6180.00      0.291343
       6200.00      0.281425
       6220.00      0.271825
       6240.00      0.275032
       6260.00      0.311504
       6280.00      0.349262
       6300.00      0.398900
       6320.00      0.454263
       6340.00      0.493722
       6360.00      0.516178
       6380.00      0.551208
       6400.00      0.584527
       6420.00      0.601039
       6440.00      0.620413
       6460.00      0.658133
       6480.00      0.628611
       6500.00      0.606122
       6520.00      0.665981
       6540.00      0.687779
       6560.00      0.638402
       6580.00      0.643230
       6600.00      0.642967
       6620.00      0.611713
       6640.00      0.568430
       6660.00      0.529467
       6680.00      0.507166
       6700.00      0.485711
       6720.00      0.475508
       6740.00      0.480233
       6760.00      0.522340
       6780.00      0.543555
       6800.00      0.552248
       6820.00      0.616163
       6840.00      0.673891
       6860.00      0.670998
       6880.00      0.710430
       6900.00      0.800576
       6920.00      0.856874
       6940.00      0.898867
       6960.00      0.989066
       6980.00       1.05733
       7000.00       1.09566
       7020.00       1.13174
       7040.00       1.10322
       7060.00      0.865340
       7080.00      0.674186
       7100.00      0.635996
       7120.00      0.587520
       7140.00      0.553796
       7160.00      0.616671
       7180.00      0.684512
       7200.00      0.711992
       7220.00      0.763992
       7240.00      0.877219
       7260.00      0.979962
       7280.00       1.06794
       7300.00       1.18812
       7320.00       1.29699
       7340.00       1.36389
       7360.00       1.44835
       7380.00       1.53063
       7400.00       1.58410
       7420.00       1.59012
       7440.00       1.63010
       7460.00       1.67242
       7480.00       1.65881
       7500.00       1.70698
       7520.00       1.74770
       7540.00       1.75825
       7560.00       1.77590
       7580.00       1.75044
       7600.00       1.42082
       7620.00       1.31335
       7640.00       1.34510
       7660.00       1.28137
       7680.00       1.11318
       7700.00       1.18279
       7720.00       1.24421
       7740.00       1.25785
       7760.00       1.25543
       7780.00       1.33050
       7800.00       1.40723
       7820.00       1.44431
       7840.00       1.45361
       7860.00       1.51831
       7880.00       1.56310
       7900.00       1.58310
       7920.00       1.60059
       7940.00       1.62240
       7960.00       1.70445
       7980.00       1.74083
       8000.00       1.78062
       8020.00       1.83131
       8040.00       1.89204
       8060.00       1.92918
       8080.00       1.94626
       8100.00       1.92869
       8120.00       2.03716
       8140.00       2.06732
       8160.00       2.02522
       8180.00       2.03194
       8200.00       2.02892
       8220.00       1.98528
       8240.00       2.04609
       8260.00       2.11816
       8280.00       2.06118
       8300.00       1.97573
       8320.00       1.96333
       8340.00       1.95100
       8360.00       1.94823
       8380.00       1.97585
       8400.00       2.02227
       8420.00       1.96457
       8440.00       1.83592
       8460.00       1.78345
       8480.00       1.79462
       8500.00       1.78871
       8520.00       1.75688
       8540.00       1.78145
       8560.00       1.88599
       8580.00       2.00951
       8600.00       2.03812
       8620.00       2.11458
       8640.00       2.04341
       8660.00       1.99829
       8680.00       2.04682
       8700.00       2.18472
       8720.00       2.25814
       8740.00       2.29119
       8760.00       2.33135
       8780.00       2.36952
       8800.00       2.38582
       8820.00       2.32812
       8840.00       2.42001
       8860.00       2.28350
       8880.00       2.19954
       8900.00       2.25000
       8920.00       2.24139
       8940.00       2.23638
       8960.00       2.29529
       8980.00       2.33623
       9000.00       2.29039
       9020.00       2.38230
       9040.00       2.55121
       9060.00       2.53505
       9080.00       2.41210
       9100.00       2.45749
       9120.00       2.46256
       9140.00       2.43281
       9160.00       2.38582
       9180.00       2.41181
       9200.00       2.49474
       9220.00       2.46518
       9240.00       2.40476
       9260.00       2.38926
       9280.00       2.40639
       9300.00       2.30373
       9320.00       2.29025
       9340.00       2.33814
       9360.00       2.05446
       9380.00       2.32478
       9400.00       2.56011
       9420.00       2.34361
       9440.00       2.18700
       9460.00       2.35892
       9480.00       2.36569
       9500.00       2.39085
       9520.00       2.49609
       9540.00       2.58423
       9560.00       2.53889
       9580.00       2.47714
       9600.00       2.47861
       9620.00       2.53959
       9640.00       2.49802
       9660.00       2.56365
       9680.00       2.56985
       9700.00       2.57603
       9720.00       2.57237
       9740.00       2.56545
       9760.00       2.55531
       9780.00       2.56309
       9800.00       2.61142
       9820.00       2.67251
       9840.00       2.69617
       9860.00       2.71490
       9880.00       2.72712
       9900.00       2.68144
       9920.00       2.67122
       9940.00       2.69625
       9960.00       2.73715
       9980.00       2.73804
       10000.0       2.74688
       10020.0       2.75568
       10040.0       2.68049
       10060.0       2.71627
       10080.0       2.76453
       10100.0       2.77480
       10120.0       2.77875
       10140.0       2.75601
       10160.0       2.74745
       10180.0       2.76237
       10200.0       2.79438
       10220.0       2.82159
       10240.0       2.80365
       10260.0       2.82609
       10280.0       2.83142
       10300.0       2.80431
       10320.0       2.80041
       10340.0       2.79654
       10360.0       2.81877
       10380.0       2.83020
       10400.0       2.85840
       10420.0       2.87581
       10440.0       2.87030
       10460.0       2.90131
       10480.0       2.81989
       10500.0       2.87208
       10520.0       2.83940
       10540.0       2.87627
       10560.0       2.89944
       10580.0       2.87141
       10600.0       2.87649
       10620.0       2.87856
