       3160.00     0.0680025
       3170.00     0.0588460
       3180.00     0.0473985
       3190.00     0.0520653
       3200.00     0.0526452
       3210.00     0.0559976
       3220.00     0.0433833
       3230.00     0.0400171
       3240.00     0.0379814
       3250.00     0.0387786
       3260.00     0.0552429
       3270.00     0.0626265
       3280.00     0.0547249
       3290.00     0.0653929
       3300.00     0.0751218
       3310.00     0.0676900
       3320.00     0.0668215
       3330.00     0.0674873
       3340.00     0.0687082
       3350.00     0.0782567
       3360.00     0.0704715
       3370.00     0.0582246
       3380.00     0.0615174
       3390.00     0.0685210
       3400.00     0.0794772
       3410.00     0.0785722
       3420.00     0.0790621
       3430.00     0.0876649
       3440.00     0.0685366
       3450.00     0.0686823
       3460.00     0.0741499
       3470.00     0.0733981
       3480.00     0.0763332
       3490.00     0.0753607
       3500.00     0.0869300
       3510.00     0.0943471
       3520.00     0.0858333
       3530.00     0.0859989
       3540.00      0.101363
       3550.00     0.0989739
       3560.00     0.0827949
       3570.00     0.0657080
       3580.00     0.0514903
       3590.00     0.0591009
       3600.00     0.0859769
       3610.00     0.0942491
       3620.00     0.0991466
       3630.00      0.114959
       3640.00      0.125998
       3650.00      0.134628
       3660.00      0.165865
       3670.00      0.172975
       3680.00      0.158253
       3690.00      0.144921
       3700.00      0.153360
       3710.00      0.153519
       3720.00      0.117311
       3730.00     0.0914445
       3740.00     0.0819870
       3750.00     0.0901195
       3760.00     0.0966061
       3770.00      0.124107
       3780.00      0.159163
       3790.00      0.135768
       3800.00      0.111871
       3810.00      0.117680
       3820.00     0.0869573
       3830.00     0.0670531
       3840.00     0.0756085
       3850.00     0.0852436
       3860.00     0.0828021
       3870.00     0.0825882
       3880.00     0.0893311
       3890.00      0.127500
       3900.00      0.162513
       3910.00      0.181741
       3920.00      0.172552
       3930.00      0.106162
       3940.00     0.0916326
       3950.00      0.167482
       3960.00      0.183218
       3970.00      0.124930
       3980.00      0.209720
       3990.00      0.310335
       4000.00      0.352206
       4010.00      0.370587
       4020.00      0.396055
       4030.00      0.360535
       4040.00      0.339686
       4050.00      0.356868
       4060.00      0.341775
       4070.00      0.328632
       4080.00      0.366101
       4090.00      0.418119
       4100.00      0.405922
       4110.00      0.385730
       4120.00      0.387884
       4130.00      0.356532
       4140.00      0.335581
       4150.00      0.315753
       4160.00      0.335191
       4170.00      0.349448
       4180.00      0.348409
       4190.00      0.365807
       4200.00      0.361299
       4210.00      0.381608
       4220.00      0.419518
       4230.00      0.429762
       4240.00      0.482191
       4250.00      0.481456
       4260.00      0.479131
       4270.00      0.461909
       4280.00      0.455278
       4290.00      0.469647
       4300.00      0.374607
       4310.00      0.403669
       4320.00      0.525519
       4330.00      0.641123
       4340.00      0.669956
       4350.00      0.649296
       4360.00      0.691604
       4370.00      0.684389
       4380.00      0.582844
       4390.00      0.561217
       4400.00      0.588874
       4410.00      0.623527
       4420.00      0.669927
       4430.00      0.675120
       4440.00      0.702462
       4450.00      0.743223
       4460.00      0.710920
       4470.00      0.757555
       4480.00      0.838270
       4490.00      0.830732
       4500.00      0.861325
       4510.00      0.936381
       4520.00      0.891874
       4530.00      0.827144
       4540.00      0.810928
       4550.00      0.861559
       4560.00      0.894474
       4570.00      0.935601
       4580.00      0.912248
       4590.00      0.905083
       4600.00      0.917691
       4610.00      0.976821
       4620.00       1.05278
       4630.00       1.04372
       4640.00      0.971968
       4650.00      0.924250
       4660.00      0.969982
       4670.00      0.965906
       4680.00      0.952055
       4690.00      0.966130
       4700.00      0.949268
       4710.00      0.951757
       4720.00       1.01771
       4730.00       1.05090
       4740.00       1.03866
       4750.00       1.09668
       4760.00       1.06799
       4770.00       1.08141
       4780.00       1.13969
       4790.00       1.15787
       4800.00       1.17667
       4810.00       1.18287
       4820.00       1.20736
       4830.00       1.20169
       4840.00       1.17045
       4850.00       1.16314
       4860.00       1.10609
       4870.00       1.05433
       4880.00       1.10086
       4890.00       1.12291
       4900.00       1.18280
       4910.00       1.20234
       4920.00       1.11244
       4930.00       1.14650
       4940.00       1.20225
       4950.00       1.23789
       4960.00       1.25644
       4970.00       1.24964
       4980.00       1.19566
       4990.00       1.17932
       5000.00       1.16389
       5010.00       1.11752
       5020.00       1.10871
       5030.00       1.15830
       5040.00       1.15331
       5050.00       1.13640
       5060.00       1.20745
       5070.00       1.20223
       5080.00       1.12886
       5090.00       1.14998
       5100.00       1.17685
       5110.00       1.15628
       5120.00       1.17656
       5130.00       1.18171
       5140.00       1.16852
       5150.00       1.13494
       5160.00       1.14655
       5170.00       1.03172
       5180.00      0.960100
       5190.00       1.10395
       5200.00       1.19763
       5210.00       1.18637
       5220.00       1.21710
       5230.00       1.25892
       5240.00       1.32000
       5250.00       1.33624
       5260.00       1.25738
       5270.00       1.20234
       5280.00       1.24571
       5290.00       1.44951
       5300.00       1.44822
       5310.00       1.47282
       5320.00       1.49637
       5330.00       1.37940
       5340.00       1.37618
       5350.00       1.45959
       5360.00       1.52083
       5370.00       1.51342
       5380.00       1.48095
       5390.00       1.50843
       5400.00       1.43208
       5410.00       1.38332
       5420.00       1.52466
       5430.00       1.58172
       5440.00       1.55806
       5450.00       1.58681
       5460.00       1.57769
       5470.00       1.59963
       5480.00       1.54344
       5490.00       1.53661
       5500.00       1.60016
       5510.00       1.58340
       5520.00       1.56362
       5530.00       1.60530
       5540.00       1.62691
       5550.00       1.67597
       5560.00       1.69433
       5570.00       1.66690
       5580.00       1.67152
       5590.00       1.64120
       5600.00       1.59584
       5610.00       1.70343
       5620.00       1.69436
       5630.00       1.68532
       5640.00       1.67782
       5650.00       1.69137
       5660.00       1.66889
       5670.00       1.66744
       5680.00       1.70933
       5690.00       1.72870
       5700.00       1.71227
       5710.00       1.68251
       5720.00       1.68254
       5730.00       1.79069
       5740.00       1.76983
       5760.00       1.77400
       5780.00       1.74877
       5800.00       1.77200
       5820.00       1.85341
       5840.00       1.86886
       5860.00       1.85234
       5880.00       1.79408
       5900.00       1.66142
       5920.00       1.68304
       5940.00       1.84025
       5960.00       1.86256
       5980.00       1.88613
       6000.00       1.87560
       6020.00       1.86655
       6040.00       1.90955
       6060.00       1.95787
       6080.00       1.96957
       6100.00       1.98677
       6120.00       1.96779
       6140.00       1.92683
       6160.00       1.89164
       6180.00       1.89925
       6200.00       1.92735
       6220.00       1.93343
       6240.00       1.87963
       6260.00       1.84651
       6280.00       1.83657
       6300.00       1.88328
       6320.00       1.90149
       6340.00       1.94770
       6360.00       1.94024
       6380.00       1.98870
       6400.00       2.05409
       6420.00       2.03315
       6440.00       2.08219
       6460.00       2.10202
       6480.00       2.09029
       6500.00       2.06036
       6520.00       2.10090
       6540.00       2.17233
       6560.00       2.10490
       6580.00       2.12559
       6600.00       2.19502
       6620.00       2.21146
       6640.00       2.19713
       6660.00       2.17907
       6680.00       2.22209
       6700.00       2.24586
       6720.00       2.24170
       6740.00       2.25394
       6760.00       2.25480
       6780.00       2.28070
       6800.00       2.30519
       6820.00       2.33949
       6840.00       2.42943
       6860.00       2.42483
       6880.00       2.33143
       6900.00       2.28039
       6920.00       2.33757
       6940.00       2.30271
       6960.00       2.26439
       6980.00       2.25304
       7000.00       2.18719
       7020.00       2.15678
       7040.00       2.19767
       7060.00       2.27199
       7080.00       2.27755
       7100.00       2.26636
       7120.00       2.24688
       7140.00       2.23464
       7160.00       2.35404
       7180.00       2.28366
       7200.00       2.02624
       7220.00       2.21929
       7240.00       2.33038
       7260.00       2.19771
       7280.00       2.18118
       7300.00       2.21357
       7320.00       2.19477
       7340.00       2.24429
       7360.00       2.24741
       7380.00       2.25282
       7400.00       2.32816
       7420.00       2.34362
       7440.00       2.36241
       7460.00       2.39703
       7480.00       2.38949
       7500.00       2.39104
       7520.00       2.40951
       7540.00       2.45827
       7560.00       2.46299
       7580.00       2.93234
       7600.00       2.77052
       7620.00       2.46588
       7640.00       2.27724
       7660.00       2.19595
       7680.00       2.19797
       7700.00       2.47442
       7720.00       2.47791
       7740.00       2.46273
       7760.00       2.53950
       7780.00       2.53298
       7800.00       2.55586
       7820.00       2.57971
       7840.00       2.57205
       7860.00       2.55255
       7880.00       2.49006
       7900.00       2.42682
       7920.00       2.36604
       7940.00       2.37505
       7960.00       2.40426
       7980.00       2.48757
       8000.00       2.47923
       8020.00       2.49951
       8040.00       2.52284
       8060.00       2.55449
       8080.00       2.52716
       8100.00       2.44653
       8120.00       2.57742
       8140.00       2.61905
       8160.00       2.44726
       8180.00       2.44543
       8200.00       2.50570
       8220.00       2.56052
       8240.00       2.54916
       8260.00       2.76389
       8280.00       2.71826
       8300.00       2.58186
       8320.00       2.51037
       8340.00       2.43820
       8360.00       2.46587
       8380.00       2.53695
       8400.00       2.57234
       8420.00       2.59646
       8440.00       2.59936
       8460.00       2.60024
       8480.00       2.65916
       8500.00       2.56903
       8520.00       2.54507
       8540.00       2.41688
       8560.00       2.33984
       8580.00       2.59157
       8600.00       2.60725
       8620.00       2.69375
       8640.00       2.71797
       8660.00       2.55391
       8680.00       2.49718
       8700.00       2.64069
       8720.00       2.65799
       8740.00       2.68298
       8760.00       2.67589
       8780.00       2.69299
       8800.00       2.62708
       8820.00       2.59225
       8840.00       2.69968
       8860.00       2.67538
       8880.00       2.67413
       8900.00       2.69292
       8920.00       2.76966
       8940.00       2.76631
       8960.00       2.73551
       8980.00       2.67082
       9000.00       2.58473
       9020.00       2.71731
       9040.00       3.00139
       9060.00       3.06034
       9080.00       2.69281
       9100.00       2.55726
       9120.00       2.60376
       9140.00       2.45600
       9160.00       2.27645
       9180.00       2.25023
       9200.00       2.41969
       9220.00       2.56632
       9240.00       2.50473
       9260.00       2.51674
       9280.00       3.03900
       9300.00       2.97132
       9320.00       2.58978
       9340.00       2.35707
       9360.00       1.91952
       9380.00       2.06563
       9400.00       2.75192
       9420.00       2.77130
       9440.00       2.48763
       9460.00       2.43034
       9480.00       2.52727
       9500.00       2.62647
       9520.00       2.44266
       9540.00       2.75246
       9560.00       2.64638
       9580.00       2.49646
       9600.00       2.43821
       9620.00       2.35110
       9640.00       2.28371
       9660.00       2.19552
       9680.00       2.42508
       9700.00       2.54344
       9720.00       2.58536
       9740.00       2.43366
       9760.00       2.26955
       9780.00       2.30049
       9800.00       2.32523
       9820.00       2.37927
       9840.00       2.40893
       9860.00       2.41782
       9880.00       2.40605
       9900.00       2.36947
       9920.00       2.41945
       9940.00       2.45129
       9960.00       2.46086
       9980.00       2.49334
       10000.0       2.51806
       10020.0       2.52404
       10040.0       2.48943
       10060.0       2.49376
       10080.0       2.48292
       10100.0       2.51246
       10120.0       2.50246
       10140.0       2.48329
       10160.0       2.45168
       10180.0       2.44519
       10200.0       2.48533
       10220.0       2.41071
       10240.0       2.44578
       10260.0       2.45756
       10280.0       2.49240
       10300.0       2.50734
       10320.0       2.48439
       10340.0       2.45906
       10360.0       2.52804
       10380.0       2.49864
       10400.0       2.52811
       10420.0       2.55095
       10440.0       2.62736
       10460.0       2.57690
       10480.0       2.57522
       10500.0       2.58163
       10520.0       2.56624
       10540.0       2.53560
       10560.0       2.56375
       10580.0       2.51719
       10600.0       2.53246
       10620.0       2.57643
