       3160.00      0.510531
       3170.00      0.704523
       3180.00      0.802710
       3190.00      0.667080
       3200.00      0.730590
       3210.00      0.935759
       3220.00      0.511259
       3230.00      0.480420
       3240.00      0.414400
       3250.00      0.707472
       3260.00      0.771663
       3270.00      0.708925
       3280.00      0.772107
       3290.00      0.932194
       3300.00      0.959101
       3310.00      0.827795
       3320.00      0.791267
       3330.00      0.857963
       3340.00      0.816868
       3350.00      0.875647
       3360.00      0.694244
       3370.00      0.627989
       3380.00      0.760446
       3390.00      0.907543
       3400.00      0.913034
       3410.00      0.879815
       3420.00      0.977065
       3430.00      0.962962
       3440.00      0.829242
       3450.00      0.834997
       3460.00      0.977856
       3470.00      0.829837
       3480.00      0.969925
       3490.00      0.900089
       3500.00      0.971506
       3510.00      0.966562
       3520.00      0.905212
       3530.00      0.981931
       3540.00       1.18135
       3550.00       1.07744
       3560.00      0.928814
       3570.00      0.751513
       3580.00      0.695274
       3590.00      0.801651
       3600.00       1.14156
       3610.00       1.07880
       3620.00       1.14858
       3630.00       1.22074
       3640.00       1.13674
       3650.00       1.33964
       3660.00       1.53704
       3670.00       1.55477
       3680.00       1.39210
       3690.00       1.45698
       3700.00       1.51934
       3710.00       1.37976
       3720.00       1.26795
       3730.00      0.985124
       3740.00      0.847986
       3750.00       1.06233
       3760.00       1.22666
       3770.00       1.40900
       3780.00       1.59994
       3790.00       1.32729
       3800.00       1.25396
       3810.00       1.22006
       3820.00      0.804753
       3830.00      0.662280
       3840.00      0.858575
       3850.00      0.897079
       3860.00      0.864752
       3870.00      0.899300
       3880.00      0.960616
       3890.00       1.31591
       3900.00       1.61670
       3910.00       1.70307
       3920.00       1.41971
       3930.00      0.825714
       3940.00      0.961908
       3950.00       1.61762
       3960.00       1.35155
       3970.00       1.12025
       3980.00       1.95500
       3990.00       2.54168
       4000.00       2.78061
       4010.00       2.94716
       4020.00       3.04086
       4030.00       2.96846
       4040.00       2.88347
       4050.00       2.82572
       4060.00       2.84352
       4070.00       2.82369
       4080.00       3.10652
       4090.00       3.40567
       4100.00       3.14825
       4110.00       3.24528
       4120.00       3.19251
       4130.00       3.09131
       4140.00       2.93912
       4150.00       2.93107
       4160.00       3.09608
       4170.00       2.92472
       4180.00       2.97737
       4190.00       3.13245
       4200.00       3.08000
       4210.00       3.42704
       4220.00       3.32744
       4230.00       3.27204
       4240.00       3.61807
       4250.00       3.47142
       4260.00       3.51802
       4270.00       3.44669
       4280.00       3.34750
       4290.00       3.08381
       4300.00       2.51181
       4310.00       3.14227
       4320.00       3.89734
       4330.00       3.77597
       4340.00       4.06283
       4350.00       4.21896
       4360.00       4.16132
       4370.00       4.18953
       4380.00       3.80722
       4390.00       3.90114
       4400.00       4.13994
       4410.00       4.32751
       4420.00       4.54425
       4430.00       4.51856
       4440.00       4.73117
       4450.00       4.62114
       4460.00       4.32317
       4470.00       4.86135
       4480.00       5.21581
       4490.00       5.11463
       4500.00       5.52325
       4510.00       5.55648
       4520.00       5.09403
       4530.00       5.03041
       4540.00       5.20179
       4550.00       5.45372
       4560.00       5.56169
       4570.00       5.55568
       4580.00       5.55145
       4590.00       5.46051
       4600.00       5.55528
       4610.00       5.92267
       4620.00       5.98470
       4630.00       5.76160
       4640.00       5.55419
       4650.00       5.51976
       4660.00       5.65030
       4670.00       5.62873
       4680.00       5.67427
       4690.00       5.66131
       4700.00       5.67066
       4710.00       5.76960
       4720.00       5.90306
       4730.00       5.99345
       4740.00       6.11484
       4750.00       6.21032
       4760.00       5.98693
       4770.00       6.13792
       4780.00       6.18649
       4790.00       6.26004
       4800.00       6.42628
       4810.00       6.34102
       4820.00       6.41796
       4830.00       6.34390
       4840.00       6.33744
       4850.00       6.06735
       4860.00       5.86953
       4870.00       5.99207
       4880.00       6.15201
       4890.00       6.27429
       4900.00       6.57250
       4910.00       6.18731
       4920.00       6.14612
       4930.00       6.28374
       4940.00       6.55429
       4950.00       6.53536
       4960.00       6.45652
       4970.00       6.47346
       4980.00       6.36357
       4990.00       6.43784
       5000.00       6.37028
       5010.00       6.05979
       5020.00       6.16948
       5030.00       6.38585
       5040.00       6.35084
       5050.00       6.60023
       5060.00       6.67779
       5070.00       6.37988
       5080.00       6.36495
       5090.00       6.30188
       5100.00       6.11922
       5110.00       6.20561
       5120.00       6.21862
       5130.00       5.91256
       5140.00       6.10759
       5150.00       6.17225
       5160.00       5.77999
       5170.00       5.55259
       5180.00       5.96494
       5190.00       6.18821
       5200.00       6.21652
       5210.00       6.38519
       5220.00       6.58326
       5230.00       6.60527
       5240.00       6.80600
       5250.00       6.81601
       5260.00       6.33673
       5270.00       6.11487
       5280.00       6.79556
       5290.00       6.83821
       5300.00       7.17810
       5310.00       7.41222
       5320.00       6.92814
       5330.00       6.85781
       5340.00       7.12283
       5350.00       7.35078
       5360.00       7.47586
       5370.00       7.30768
       5380.00       7.35016
       5390.00       7.12315
       5400.00       6.79199
       5410.00       6.95931
       5420.00       7.24101
       5430.00       7.09215
       5440.00       7.13382
       5450.00       7.19377
       5460.00       7.26897
       5470.00       7.40271
       5480.00       7.07881
       5490.00       7.33180
       5500.00       7.50855
       5510.00       7.47303
       5520.00       7.43036
       5530.00       7.55508
       5540.00       7.53418
       5550.00       7.70174
       5560.00       7.64450
       5570.00       7.49360
       5580.00       7.50900
       5590.00       7.38767
       5600.00       7.29549
       5610.00       7.56919
       5620.00       7.62728
       5630.00       7.69944
       5640.00       7.67866
       5650.00       7.58678
       5660.00       7.71546
       5670.00       7.65930
       5680.00       7.81573
       5690.00       7.85146
       5700.00       7.78125
       5710.00       7.53523
       5720.00       7.82434
       5730.00       8.10543
       5740.00       7.95820
       5760.00       7.94453
       5780.00       7.78486
       5800.00       8.07693
       5820.00       8.41536
       5840.00       8.20064
       5860.00       7.95306
       5880.00       7.92601
       5900.00       7.97411
       5920.00       8.30038
       5940.00       8.24536
       5960.00       8.26492
       5980.00       8.29779
       6000.00       8.27684
       6020.00       8.22930
       6040.00       8.38846
       6060.00       8.37405
       6080.00       8.43909
       6100.00       8.28617
       6120.00       8.31166
       6140.00       8.04882
       6160.00       8.08144
       6180.00       8.43267
       6200.00       8.27575
       6220.00       8.15217
       6240.00       8.17115
       6260.00       8.31848
       6280.00       8.36242
       6300.00       8.56565
       6320.00       8.48128
       6340.00       8.54333
       6360.00       8.76304
       6380.00       8.71036
       6400.00       8.64544
       6420.00       8.67488
       6440.00       8.72286
       6460.00       8.57759
       6480.00       8.56973
       6500.00       8.54955
       6520.00       8.75769
       6540.00       8.66942
       6560.00       8.59395
       6580.00       8.83672
       6600.00       9.02318
       6620.00       9.02629
       6640.00       8.98094
       6660.00       8.97812
       6680.00       8.94522
       6700.00       9.05655
       6720.00       8.98173
       6740.00       8.99088
       6760.00       9.13083
       6780.00       8.98528
       6800.00       9.10077
       6820.00       9.20969
       6840.00       9.52374
       6860.00       8.98014
       6880.00       8.88390
       6900.00       9.23113
       6920.00       9.09404
       6940.00       9.15474
       6960.00       9.16310
       6980.00       8.92945
       7000.00       8.74309
       7020.00       9.01032
       7040.00       9.16750
       7060.00       9.12444
       7080.00       9.10435
       7100.00       9.00508
       7120.00       8.99108
       7140.00       8.86452
       7160.00       8.91277
       7180.00       8.74793
       7200.00       8.91910
       7220.00       8.88882
       7240.00       8.83650
       7260.00       8.93401
       7280.00       8.83766
       7300.00       9.02276
       7320.00       9.16841
       7340.00       9.06673
       7360.00       9.03662
       7380.00       9.04483
       7400.00       9.00952
       7420.00       9.09362
       7440.00       9.18808
       7460.00       9.18500
       7480.00       9.16582
       7500.00       9.14674
       7520.00       9.43256
       7540.00       9.85551
       7560.00       10.0582
       7580.00       8.80087
       7600.00       7.43381
       7620.00       9.76260
       7640.00       9.30019
       7660.00       9.43339
       7680.00       8.88001
       7700.00       9.09716
       7720.00       9.16735
       7740.00       9.37745
       7760.00       9.45692
       7780.00       9.50497
       7800.00       9.51153
       7820.00       9.51291
       7840.00       9.37581
       7860.00       9.34172
       7880.00       9.14961
       7900.00       9.12136
       7920.00       9.04247
       7940.00       9.06021
       7960.00       9.43653
       7980.00       9.52878
       8000.00       9.37427
       8020.00       9.40604
       8040.00       9.57770
       8060.00       9.69862
       8080.00       9.32624
       8100.00       9.28832
       8120.00       9.45363
       8140.00       9.26738
       8160.00       9.16089
       8180.00       9.21715
       8200.00       9.01813
       8220.00       8.99130
       8240.00       9.23787
       8260.00       9.24958
       8280.00       9.14468
       8300.00       8.97730
       8320.00       8.97022
       8340.00       8.83300
       8360.00       8.98502
       8380.00       9.25629
       8400.00       9.28212
       8420.00       9.42722
       8440.00       9.11425
       8460.00       9.31135
       8480.00       9.00488
       8500.00       9.06884
       8520.00       8.76909
       8540.00       8.68264
       8560.00       9.28713
       8580.00       9.25611
       8600.00       8.86052
       8620.00       9.18517
       8640.00       9.00566
       8660.00       8.71091
       8680.00       8.91784
       8700.00       9.47046
       8720.00       9.65164
       8740.00       9.43632
       8760.00       9.41937
       8780.00       9.18266
       8800.00       9.23490
       8820.00       9.41456
       8840.00       9.46149
       8860.00       9.39475
       8880.00       9.39623
       8900.00       9.30734
       8920.00       9.19181
       8940.00       9.09028
       8960.00       8.78726
       8980.00       8.71843
       9000.00       8.74820
       9020.00       9.37967
       9040.00       9.55464
       9060.00       8.88555
       9080.00       8.37884
       9100.00       9.00557
       9120.00       8.77859
       9140.00       8.45582
       9160.00       8.37151
       9180.00       8.56353
       9200.00       9.03881
       9220.00       8.79242
       9240.00       9.09542
       9260.00       8.63285
       9280.00       9.16455
       9300.00       8.75137
       9320.00       7.82223
       9340.00       8.69237
       9360.00       8.15826
       9380.00       8.47096
       9400.00       8.58555
       9420.00       7.43611
       9440.00       7.67168
       9460.00       7.88499
       9480.00       8.82274
       9500.00       7.91952
       9520.00       7.97891
       9540.00       8.92321
       9560.00       8.67741
       9580.00       8.60053
       9600.00       8.68733
       9620.00       8.52715
       9640.00       8.28003
       9660.00       8.48767
       9680.00       8.60307
       9700.00       8.29929
       9720.00       8.14569
       9740.00       8.49640
       9760.00       8.36775
       9780.00       8.58911
       9800.00       8.51414
       9820.00       8.59507
       9840.00       8.72063
       9860.00       8.80490
       9880.00       8.58358
       9900.00       8.57030
       9920.00       8.39898
       9940.00       8.84731
       9960.00       8.65997
       9980.00       8.48951
       10000.0       8.70174
       10020.0       8.84489
       10040.0       8.58296
       10060.0       8.52992
       10080.0       8.58081
       10100.0       8.61160
       10120.0       8.28465
       10140.0       8.87901
       10160.0       8.48554
       10180.0       8.73352
       10200.0       8.60207
       10220.0       8.50655
       10240.0       8.96509
       10260.0       8.83003
       10280.0       8.67595
       10300.0       8.60054
       10320.0       8.56439
       10340.0       8.45061
       10360.0       8.29456
       10380.0       8.46453
       10400.0       8.32839
       10420.0       8.18505
       10440.0       8.27722
       10460.0       7.95769
       10480.0       8.41829
       10500.0       8.41375
       10520.0       8.34424
       10540.0       8.25973
       10560.0       8.60584
       10580.0       8.30452
       10600.0       8.14849
       10620.0       8.64430
