       3160.00       8.51711
       3170.00       8.98098
       3180.00       6.82830
       3190.00       5.72925
       3200.00       6.31308
       3210.00       5.55630
       3220.00       4.43259
       3230.00       4.62600
       3240.00       4.74771
       3250.00       5.53143
       3260.00       5.80646
       3270.00       6.34761
       3280.00       5.64170
       3290.00       6.70581
       3300.00       7.39261
       3310.00       6.22489
       3320.00       6.30935
       3330.00       6.49949
       3340.00       6.59728
       3350.00       6.86174
       3360.00       5.75182
       3370.00       5.07460
       3380.00       5.89159
       3390.00       6.46147
       3400.00       7.15758
       3410.00       6.87180
       3420.00       7.32408
       3430.00       7.21075
       3440.00       5.58959
       3450.00       6.14256
       3460.00       7.13250
       3470.00       6.77336
       3480.00       6.50381
       3490.00       6.68467
       3500.00       7.50324
       3510.00       7.93127
       3520.00       6.46544
       3530.00       7.24223
       3540.00       8.07302
       3550.00       7.14627
       3560.00       5.77094
       3570.00       5.12551
       3580.00       4.10992
       3590.00       5.45756
       3600.00       7.74658
       3610.00       7.75677
       3620.00       9.49638
       3630.00       10.6870
       3640.00       10.3109
       3650.00       12.3779
       3660.00       14.7547
       3670.00       14.0801
       3680.00       12.6155
       3690.00       12.9838
       3700.00       12.9942
       3710.00       11.5576
       3720.00       10.3626
       3730.00       7.70117
       3740.00       6.44290
       3750.00       8.16777
       3760.00       9.13556
       3770.00       11.0750
       3780.00       12.5135
       3790.00       9.95880
       3800.00       9.32997
       3810.00       8.86005
       3820.00       6.03743
       3830.00       5.12409
       3840.00       6.04989
       3850.00       6.38456
       3860.00       6.22710
       3870.00       6.09154
       3880.00       8.10860
       3890.00       11.9471
       3900.00       14.5469
       3910.00       15.2887
       3920.00       12.8963
       3930.00       7.59852
       3940.00       9.02744
       3950.00       15.8224
       3960.00       12.8471
       3970.00       11.0596
       3980.00       20.7188
       3990.00       27.1424
       4000.00       29.1687
       4010.00       32.0801
       4020.00       33.3399
       4030.00       29.4914
       4040.00       27.8836
       4050.00       28.2579
       4060.00       28.1883
       4070.00       27.1702
       4080.00       31.6497
       4090.00       33.3544
       4100.00       31.2831
       4110.00       30.7173
       4120.00       29.7582
       4130.00       28.2374
       4140.00       25.5152
       4150.00       23.8808
       4160.00       25.9678
       4170.00       25.3968
       4180.00       26.5723
       4190.00       27.9888
       4200.00       29.0618
       4210.00       33.6957
       4220.00       33.9252
       4230.00       34.3337
       4240.00       40.4490
       4250.00       39.8931
       4260.00       40.3868
       4270.00       40.2412
       4280.00       38.0502
       4290.00       36.6429
       4300.00       30.0684
       4310.00       37.8359
       4320.00       46.2347
       4330.00       47.0450
       4340.00       51.8621
       4350.00       51.2552
       4360.00       54.0445
       4370.00       52.6014
       4380.00       45.0798
       4390.00       45.8568
       4400.00       48.9791
       4410.00       50.1878
       4420.00       54.8122
       4430.00       55.1796
       4440.00       57.8975
       4450.00       56.0073
       4460.00       53.1376
       4470.00       59.8210
       4480.00       62.9778
       4490.00       61.5655
       4500.00       66.1429
       4510.00       66.9490
       4520.00       61.6142
       4530.00       60.2054
       4540.00       63.0201
       4550.00       65.7627
       4560.00       68.4217
       4570.00       68.6171
       4580.00       68.5148
       4590.00       68.0219
       4600.00       69.9788
       4610.00       75.2546
       4620.00       78.2941
       4630.00       74.7180
       4640.00       67.6875
       4650.00       68.8988
       4660.00       69.5097
       4670.00       66.7984
       4680.00       70.2238
       4690.00       68.9143
       4700.00       67.8997
       4710.00       71.0122
       4720.00       73.9502
       4730.00       74.1044
       4740.00       78.0907
       4750.00       78.7508
       4760.00       75.9342
       4770.00       79.5951
       4780.00       80.8624
       4790.00       80.8867
       4800.00       83.1772
       4810.00       83.5018
       4820.00       84.3668
       4830.00       79.9352
       4840.00       80.4781
       4850.00       78.4504
       4860.00       74.6740
       4870.00       75.1238
       4880.00       75.2150
       4890.00       79.1769
       4900.00       84.3326
       4910.00       80.3278
       4920.00       79.2358
       4930.00       80.8294
       4940.00       85.0151
       4950.00       87.8213
       4960.00       86.1308
       4970.00       85.8590
       4980.00       83.3820
       4990.00       79.7376
       5000.00       78.7731
       5010.00       75.2610
       5020.00       77.0615
       5030.00       81.3095
       5040.00       81.4072
       5050.00       84.6066
       5060.00       87.3956
       5070.00       83.9081
       5080.00       81.7727
       5090.00       81.8685
       5100.00       81.8467
       5110.00       82.1016
       5120.00       80.4858
       5130.00       77.2434
       5140.00       78.1091
       5150.00       75.9506
       5160.00       72.3142
       5170.00       67.6188
       5180.00       71.6255
       5190.00       77.2518
       5200.00       79.4149
       5210.00       80.6302
       5220.00       83.7790
       5230.00       85.0436
       5240.00       89.4176
       5250.00       88.9261
       5260.00       81.9423
       5270.00       78.6078
       5280.00       88.7814
       5290.00       92.3872
       5300.00       95.9486
       5310.00       97.1303
       5320.00       91.8049
       5330.00       90.5509
       5340.00       94.3844
       5350.00       98.0715
       5360.00       100.669
       5370.00       97.0175
       5380.00       97.9897
       5390.00       95.5979
       5400.00       89.1958
       5410.00       92.7610
       5420.00       99.2536
       5430.00       96.7268
       5440.00       97.5489
       5450.00       100.105
       5460.00       100.519
       5470.00       96.6658
       5480.00       95.2586
       5490.00       97.7206
       5500.00       100.085
       5510.00       97.9582
       5520.00       99.0322
       5530.00       102.099
       5540.00       103.682
       5550.00       106.729
       5560.00       106.146
       5570.00       103.417
       5580.00       104.986
       5590.00       101.490
       5600.00       99.7543
       5610.00       106.461
       5620.00       105.594
       5630.00       102.991
       5640.00       104.737
       5650.00       105.129
       5660.00       106.097
       5670.00       105.622
       5680.00       108.021
       5690.00       110.126
       5700.00       107.833
       5710.00       104.882
       5720.00       109.739
       5730.00       116.002
       5740.00       111.251
       5760.00       109.637
       5780.00       110.011
       5800.00       115.259
       5820.00       115.143
       5840.00       115.121
       5860.00       112.500
       5880.00       106.012
       5900.00       106.944
       5920.00       115.036
       5940.00       117.212
       5960.00       118.644
       5980.00       118.884
       6000.00       116.675
       6020.00       119.269
       6040.00       122.566
       6060.00       120.636
       6080.00       121.134
       6100.00       120.291
       6120.00       118.475
       6140.00       114.014
       6160.00       114.792
       6180.00       114.773
       6200.00       115.455
       6220.00       114.297
       6240.00       113.233
       6260.00       113.480
       6280.00       114.937
       6300.00       117.163
       6320.00       118.427
       6340.00       116.852
       6360.00       119.564
       6380.00       122.002
       6400.00       122.046
       6420.00       122.090
       6440.00       123.146
       6460.00       123.354
       6480.00       120.623
       6500.00       120.085
       6520.00       125.723
       6540.00       120.182
       6560.00       121.557
       6580.00       126.313
       6600.00       128.485
       6620.00       127.686
       6640.00       125.745
       6660.00       127.001
       6680.00       129.145
       6700.00       129.084
       6720.00       129.104
       6740.00       130.577
       6760.00       133.249
       6780.00       132.695
       6800.00       135.425
       6820.00       130.880
       6840.00       133.996
       6860.00       126.945
       6880.00       126.497
       6900.00       128.811
       6920.00       128.439
       6940.00       125.795
       6960.00       125.356
       6980.00       122.893
       7000.00       120.987
       7020.00       123.355
       7040.00       126.713
       7060.00       127.510
       7080.00       126.381
       7100.00       123.497
       7120.00       123.226
       7140.00       122.500
       7160.00       124.513
       7180.00       123.106
       7200.00       123.444
       7220.00       125.362
       7240.00       123.889
       7260.00       120.550
       7280.00       121.265
       7300.00       123.690
       7320.00       125.730
       7340.00       124.350
       7360.00       124.160
       7380.00       126.550
       7400.00       126.429
       7420.00       126.821
       7440.00       128.893
       7460.00       128.329
       7480.00       128.058
       7500.00       128.732
       7520.00       134.900
       7540.00       140.096
       7560.00       143.755
       7580.00       127.302
       7600.00       106.139
       7620.00       132.701
       7640.00       132.425
       7660.00       132.150
       7680.00       124.652
       7700.00       127.154
       7720.00       128.234
       7740.00       133.384
       7760.00       135.003
       7780.00       135.146
       7800.00       135.915
       7820.00       135.776
       7840.00       136.123
       7860.00       134.185
       7880.00       132.395
       7900.00       131.578
       7920.00       133.306
       7940.00       132.559
       7960.00       136.053
       7980.00       133.735
       8000.00       134.625
       8020.00       135.781
       8040.00       135.917
       8060.00       132.948
       8080.00       126.493
       8100.00       122.890
       8120.00       126.740
       8140.00       126.629
       8160.00       122.986
       8180.00       123.483
       8200.00       127.626
       8220.00       130.426
       8240.00       131.760
       8260.00       132.363
       8280.00       128.364
       8300.00       126.220
       8320.00       124.282
       8340.00       122.027
       8360.00       124.078
       8380.00       128.195
       8400.00       129.962
       8420.00       129.331
       8440.00       130.442
       8460.00       132.320
       8480.00       128.608
       8500.00       127.985
       8520.00       120.918
       8540.00       121.654
       8560.00       130.456
       8580.00       130.089
       8600.00       133.075
       8620.00       133.713
       8640.00       125.471
       8660.00       122.103
       8680.00       130.031
       8700.00       130.795
       8720.00       133.801
       8740.00       135.113
       8760.00       135.426
       8780.00       133.754
       8800.00       132.461
       8820.00       133.949
       8840.00       137.707
       8860.00       136.353
       8880.00       137.332
       8900.00       135.007
       8920.00       134.338
       8940.00       132.882
       8960.00       132.706
       8980.00       133.380
       9000.00       127.825
       9020.00       135.743
       9040.00       142.242
       9060.00       131.302
       9080.00       127.658
       9100.00       131.023
       9120.00       130.140
       9140.00       121.107
       9160.00       116.982
       9180.00       118.327
       9200.00       123.332
       9220.00       125.719
       9240.00       126.271
       9260.00       123.708
       9280.00       129.596
       9300.00       124.111
       9320.00       117.192
       9340.00       128.122
       9360.00       115.529
       9380.00       123.749
       9400.00       130.661
       9420.00       107.575
       9440.00       107.808
       9460.00       120.287
       9480.00       122.558
       9500.00       121.499
       9520.00       128.842
       9540.00       132.449
       9560.00       129.555
       9580.00       124.799
       9600.00       123.973
       9620.00       122.923
       9640.00       118.380
       9660.00       120.106
       9680.00       122.723
       9700.00       118.489
       9720.00       119.140
       9740.00       119.789
       9760.00       119.878
       9780.00       118.020
       9800.00       122.386
       9820.00       123.743
       9840.00       124.044
       9860.00       122.579
       9880.00       121.120
       9900.00       122.468
       9920.00       123.976
       9940.00       125.150
       9960.00       126.318
       9980.00       125.683
       10000.0       127.118
       10020.0       128.710
       10040.0       125.420
       10060.0       124.522
       10080.0       125.462
       10100.0       124.459
       10120.0       124.751
       10140.0       121.608
       10160.0       122.386
       10180.0       123.695
       10200.0       122.866
       10220.0       123.371
       10240.0       123.926
       10260.0       126.177
       10280.0       126.460
       10300.0       124.050
       10320.0       123.071
       10340.0       122.938
       10360.0       124.381
       10380.0       121.626
       10400.0       124.426
       10420.0       123.404
       10440.0       123.480
       10460.0       124.284
       10480.0       123.891
       10500.0       121.220
       10520.0       124.351
       10540.0       125.302
       10560.0       125.322
       10580.0       121.846
       10600.0       124.028
       10620.0       124.716
