       3160.00      0.475555
       3170.00      0.469511
       3180.00      0.663987
       3190.00      0.357755
       3200.00      0.826393
       3210.00      0.630277
       3220.00      0.846514
       3230.00      0.399073
       3240.00      0.386224
       3250.00      0.765925
       3260.00      0.756591
       3270.00      0.783266
       3280.00      0.779462
       3290.00      0.767488
       3300.00      0.791776
       3310.00      0.691535
       3320.00      0.710447
       3330.00      0.679428
       3340.00      0.743478
       3350.00      0.814497
       3360.00      0.578353
       3370.00      0.667365
       3380.00      0.683125
       3390.00      0.796662
       3400.00      0.798829
       3410.00      0.777545
       3420.00      0.845652
       3430.00      0.773688
       3440.00      0.652434
       3450.00      0.748461
       3460.00      0.805658
       3470.00      0.675317
       3480.00      0.654950
       3490.00      0.691552
       3500.00      0.829243
       3510.00      0.829661
       3520.00      0.786777
       3530.00      0.793894
       3540.00      0.846126
       3550.00      0.791385
       3560.00      0.707975
       3570.00      0.603425
       3580.00      0.521265
       3590.00      0.671512
       3600.00      0.861066
       3610.00      0.901544
       3620.00       1.05489
       3630.00       1.09346
       3640.00       1.13181
       3650.00       1.29727
       3660.00       1.47147
       3670.00       1.41428
       3680.00       1.31068
       3690.00       1.28195
       3700.00       1.30360
       3710.00       1.22293
       3720.00       1.07312
       3730.00      0.869176
       3740.00      0.772178
       3750.00      0.820923
       3760.00      0.987061
       3770.00       1.16403
       3780.00       1.28830
       3790.00       1.07341
       3800.00       1.00100
       3810.00      0.922517
       3820.00      0.738126
       3830.00      0.593278
       3840.00      0.659619
       3850.00      0.740461
       3860.00      0.732764
       3870.00      0.717663
       3880.00      0.930305
       3890.00       1.27457
       3900.00       1.50840
       3910.00       1.52950
       3920.00       1.36913
       3930.00      0.826362
       3940.00      0.982065
       3950.00       1.52460
       3960.00       1.30836
       3970.00       1.12587
       3980.00       2.05601
       3990.00       2.56793
       4000.00       2.78223
       4010.00       2.91667
       4020.00       3.10360
       4030.00       2.90219
       4040.00       2.70753
       4050.00       2.67790
       4060.00       2.69190
       4070.00       2.67387
       4080.00       3.13085
       4090.00       3.17319
       4100.00       3.10538
       4110.00       3.00964
       4120.00       2.99105
       4130.00       2.79254
       4140.00       2.54785
       4150.00       2.49580
       4160.00       2.66182
       4170.00       2.67104
       4180.00       2.64353
       4190.00       2.69267
       4200.00       2.74932
       4210.00       3.06618
       4220.00       3.18665
       4230.00       3.16703
       4240.00       3.56177
       4250.00       3.52059
       4260.00       3.46106
       4270.00       3.45513
       4280.00       3.34391
       4290.00       3.09566
       4300.00       2.68646
       4310.00       3.27967
       4320.00       4.12183
       4330.00       4.10909
       4340.00       4.38656
       4350.00       4.48116
       4360.00       4.61050
       4370.00       4.44045
       4380.00       3.96988
       4390.00       4.15878
       4400.00       4.46932
       4410.00       4.61618
       4420.00       4.94636
       4430.00       4.98344
       4440.00       5.19723
       4450.00       5.16467
       4460.00       4.97701
       4470.00       5.44510
       4480.00       5.74826
       4490.00       5.65060
       4500.00       5.96021
       4510.00       5.95833
       4520.00       5.47020
       4530.00       5.44171
       4540.00       5.69072
       4550.00       5.79055
       4560.00       6.29042
       4570.00       6.02042
       4580.00       6.08844
       4590.00       6.04582
       4600.00       6.12359
       4610.00       6.53164
       4620.00       6.77800
       4630.00       6.48034
       4640.00       5.99770
       4650.00       6.16567
       4660.00       6.07765
       4670.00       5.73131
       4680.00       6.16288
       4690.00       6.00113
       4700.00       6.02000
       4710.00       6.33870
       4720.00       6.70233
       4730.00       6.68717
       4740.00       6.98383
       4750.00       7.04641
       4760.00       6.81782
       4770.00       6.97011
       4780.00       7.32687
       4790.00       7.40374
       4800.00       7.27698
       4810.00       7.33527
       4820.00       7.22751
       4830.00       7.06920
       4840.00       7.05843
       4850.00       6.78232
       4860.00       6.50352
       4870.00       6.51402
       4880.00       6.73396
       4890.00       7.03472
       4900.00       7.24417
       4910.00       6.97862
       4920.00       6.92760
       4930.00       6.98519
       4940.00       7.60127
       4950.00       7.65350
       4960.00       7.45071
       4970.00       7.55726
       4980.00       7.12780
       4990.00       7.00363
       5000.00       6.91156
       5010.00       6.60467
       5020.00       7.07378
       5030.00       7.24078
       5040.00       7.45414
       5050.00       7.64917
       5060.00       7.89486
       5070.00       7.56126
       5080.00       7.18872
       5090.00       7.21203
       5100.00       7.21155
       5110.00       7.06831
       5120.00       6.91474
       5130.00       6.74818
       5140.00       6.90501
       5150.00       6.63085
       5160.00       6.22987
       5170.00       5.91762
       5180.00       6.43277
       5190.00       6.72926
       5200.00       6.99691
       5210.00       7.02183
       5220.00       7.21491
       5230.00       7.36637
       5240.00       7.56248
       5250.00       7.42150
       5260.00       6.95509
       5270.00       6.92249
       5280.00       7.79472
       5290.00       7.96709
       5300.00       8.20982
       5310.00       8.44376
       5320.00       8.00165
       5330.00       7.71114
       5340.00       8.20749
       5350.00       8.51178
       5360.00       8.99872
       5370.00       8.33211
       5380.00       8.47814
       5390.00       8.22188
       5400.00       7.65163
       5410.00       7.91835
       5420.00       8.28954
       5430.00       8.19811
       5440.00       8.17792
       5450.00       8.41187
       5460.00       8.39136
       5470.00       8.31571
       5480.00       8.01053
       5490.00       8.43268
       5500.00       8.64293
       5510.00       8.40714
       5520.00       8.55269
       5530.00       8.67167
       5540.00       8.66440
       5550.00       8.88322
       5560.00       8.94246
       5570.00       8.66779
       5580.00       8.71055
       5590.00       8.53703
       5600.00       8.44710
       5610.00       8.73851
       5620.00       8.75604
       5630.00       8.62494
       5640.00       8.77442
       5650.00       8.78357
       5660.00       8.99792
       5670.00       8.90010
       5680.00       9.20348
       5690.00       9.30164
       5700.00       9.02445
       5710.00       8.86216
       5720.00       9.33409
       5730.00       9.82059
       5740.00       9.36633
       5760.00       9.22087
       5780.00       9.39799
       5800.00       9.52581
       5820.00       9.95615
       5840.00       9.70722
       5860.00       9.51550
       5880.00       9.26186
       5900.00       9.22259
       5920.00       9.81937
       5940.00       9.67679
       5960.00       9.72228
       5980.00       9.83741
       6000.00       9.75040
       6020.00       9.91098
       6040.00       10.1013
       6060.00       9.99892
       6080.00       10.3176
       6100.00       10.1543
       6120.00       10.0452
       6140.00       9.75512
       6160.00       9.86677
       6180.00       9.97018
       6200.00       10.0130
       6220.00       10.0779
       6240.00       9.84453
       6260.00       9.67946
       6280.00       10.0852
       6300.00       9.96467
       6320.00       10.0581
       6340.00       10.1070
       6360.00       10.2433
       6380.00       10.3787
       6400.00       10.3462
       6420.00       10.2634
       6440.00       10.5417
       6460.00       10.4659
       6480.00       10.3763
       6500.00       10.3729
       6520.00       10.6262
       6540.00       10.2242
       6560.00       10.2356
       6580.00       10.6776
       6600.00       10.7861
       6620.00       10.4657
       6640.00       10.4412
       6660.00       10.5424
       6680.00       10.6430
       6700.00       10.5696
       6720.00       10.4759
       6740.00       10.4862
       6760.00       10.5514
       6780.00       10.5477
       6800.00       10.8993
       6820.00       10.7856
       6840.00       10.9783
       6860.00       10.4585
       6880.00       10.5835
       6900.00       10.8693
       6920.00       10.7640
       6940.00       10.5054
       6960.00       10.4685
       6980.00       10.1922
       7000.00       10.2494
       7020.00       10.4121
       7040.00       10.7390
       7060.00       10.7941
       7080.00       10.7111
       7100.00       10.4912
       7120.00       10.6248
       7140.00       10.3283
       7160.00       10.6888
       7180.00       10.6072
       7200.00       10.4616
       7220.00       10.4970
       7240.00       10.3268
       7260.00       10.2727
       7280.00       10.1296
       7300.00       10.3501
       7320.00       10.3345
       7340.00       10.1101
       7360.00       10.2342
       7380.00       10.4016
       7400.00       10.3986
       7420.00       10.3894
       7440.00       10.4427
       7460.00       10.4520
       7480.00       10.4738
       7500.00       10.2910
       7520.00       11.2214
       7540.00       11.4751
       7560.00       11.6660
       7580.00       10.4582
       7600.00       8.86549
       7620.00       11.1839
       7640.00       10.8262
       7660.00       10.7312
       7680.00       10.0316
       7700.00       10.3858
       7720.00       10.6658
       7740.00       11.0225
       7760.00       11.1438
       7780.00       11.0733
       7800.00       11.0926
       7820.00       10.8860
       7840.00       10.9589
       7860.00       10.5468
       7880.00       10.4670
       7900.00       10.2346
       7920.00       9.94472
       7940.00       10.0835
       7960.00       10.3618
       7980.00       10.3300
       8000.00       10.3796
       8020.00       10.4581
       8040.00       10.5939
       8060.00       10.2563
       8080.00       10.0583
       8100.00       9.86715
       8120.00       10.2148
       8140.00       10.3724
       8160.00       10.1932
       8180.00       9.93538
       8200.00       10.3362
       8220.00       10.4297
       8240.00       10.6976
       8260.00       10.8236
       8280.00       10.8761
       8300.00       10.1556
       8320.00       10.1536
       8340.00       10.2016
       8360.00       10.1661
       8380.00       10.9958
       8400.00       10.8037
       8420.00       10.1820
       8440.00       10.8350
       8460.00       10.8094
       8480.00       10.4935
       8500.00       10.5836
       8520.00       9.96976
       8540.00       9.96273
       8560.00       10.8351
       8580.00       10.6312
       8600.00       10.6118
       8620.00       10.1668
       8640.00       10.6057
       8660.00       9.73347
       8680.00       10.6961
       8700.00       11.0560
       8720.00       10.7855
       8740.00       10.8193
       8760.00       10.7681
       8780.00       10.8071
       8800.00       10.8406
       8820.00       10.6843
       8840.00       10.6496
       8860.00       10.8564
       8880.00       10.5232
       8900.00       10.7658
       8920.00       10.6896
       8940.00       10.0108
       8960.00       10.6159
       8980.00       10.4215
       9000.00       10.3416
       9020.00       10.7617
       9040.00       11.1285
       9060.00       10.3398
       9080.00       9.76429
       9100.00       10.1360
       9120.00       10.5876
       9140.00       9.75611
       9160.00       9.66886
       9180.00       9.25804
       9200.00       9.69249
       9220.00       9.73698
       9240.00       9.88689
       9260.00       9.51427
       9280.00       9.92439
       9300.00       9.69819
       9320.00       9.67738
       9340.00       9.94024
       9360.00       9.62113
       9380.00       9.22907
       9400.00       8.97216
       9420.00       8.40063
       9440.00       8.22532
       9460.00       9.00858
       9480.00       9.45523
       9500.00       9.20543
       9520.00       9.03478
       9540.00       9.48343
       9560.00       9.71635
       9580.00       9.32258
       9600.00       9.38544
       9620.00       9.39974
       9640.00       9.24527
       9660.00       9.32715
       9680.00       9.43268
       9700.00       9.15934
       9720.00       9.11659
       9740.00       9.50339
       9760.00       9.54104
       9780.00       9.89688
       9800.00       9.56848
       9820.00       9.57739
       9840.00       9.91682
       9860.00       9.82601
       9880.00       9.75909
       9900.00       9.72060
       9920.00       9.67289
       9940.00       10.1677
       9960.00       10.0773
       9980.00       10.3038
       10000.0       10.6039
       10020.0       10.6152
       10040.0       10.4135
       10060.0       10.5868
       10080.0       10.0725
       10100.0       9.79495
       10120.0       9.83070
       10140.0       10.0908
       10160.0       9.86974
       10180.0       9.93251
       10200.0       10.0770
       10220.0       9.80270
       10240.0       10.0921
       10260.0       9.77355
       10280.0       9.72289
       10300.0       9.54611
       10320.0       9.43306
       10340.0       9.53615
       10360.0       10.0694
       10380.0       9.36510
       10400.0       9.75815
       10420.0       9.64131
       10440.0       9.82758
       10460.0       9.75548
       10480.0       9.77677
       10500.0       9.78027
       10520.0       9.79260
       10540.0       9.68144
       10560.0       9.48709
       10580.0       9.54382
       10600.0       9.77130
       10620.0       10.5755
