       3160.00       1.17863
       3170.00      0.726567
       3180.00      0.576571
       3190.00      0.706599
       3200.00      0.361650
       3210.00      0.287476
       3220.00      0.284000
       3230.00      0.333703
       3240.00      0.253298
       3250.00      0.266483
       3260.00      0.220096
       3270.00      0.279888
       3280.00      0.338993
       3290.00      0.300488
       3300.00      0.320206
       3310.00      0.394193
       3320.00      0.374095
       3330.00      0.277344
       3340.00      0.258623
       3350.00      0.329200
       3360.00      0.302332
       3370.00      0.311086
       3380.00      0.301886
       3390.00      0.289616
       3400.00      0.434926
       3410.00      0.409251
       3420.00      0.462904
       3430.00      0.502351
       3440.00      0.355549
       3450.00      0.375565
       3460.00      0.412956
       3470.00      0.431384
       3480.00      0.411017
       3490.00      0.446033
       3500.00      0.433521
       3510.00      0.618044
       3520.00      0.457274
       3530.00      0.518547
       3540.00      0.670925
       3550.00      0.568040
       3560.00      0.492293
       3570.00      0.453624
       3580.00      0.339743
       3590.00      0.365555
       3600.00      0.458458
       3610.00      0.531361
       3620.00      0.561235
       3630.00      0.626993
       3640.00      0.631713
       3650.00      0.724065
       3660.00      0.827486
       3670.00      0.872840
       3680.00      0.750432
       3690.00      0.791855
       3700.00      0.779698
       3710.00      0.783509
       3720.00      0.677094
       3730.00      0.422809
       3740.00      0.371927
       3750.00      0.491554
       3760.00      0.538930
       3770.00      0.726298
       3780.00      0.907671
       3790.00      0.806886
       3800.00      0.700858
       3810.00      0.757584
       3820.00      0.555018
       3830.00      0.436654
       3840.00      0.510959
       3850.00      0.599220
       3860.00      0.623730
       3870.00      0.638145
       3880.00      0.626363
       3890.00      0.760671
       3900.00      0.841535
       3910.00      0.918118
       3920.00      0.840522
       3930.00      0.524278
       3940.00      0.449036
       3950.00      0.842564
       3960.00      0.782370
       3970.00      0.617308
       3980.00       1.07016
       3990.00       1.65686
       4000.00       1.84995
       4010.00       2.12394
       4020.00       2.31434
       4030.00       2.18472
       4040.00       2.10816
       4050.00       2.31587
       4060.00       2.22447
       4070.00       2.20599
       4080.00       2.47682
       4090.00       2.93125
       4100.00       2.70272
       4110.00       2.51579
       4120.00       2.64003
       4130.00       2.55672
       4140.00       2.47929
       4150.00       2.50612
       4160.00       2.70010
       4170.00       2.62470
       4180.00       2.69080
       4190.00       2.83061
       4200.00       2.81846
       4210.00       2.91238
       4220.00       2.61332
       4230.00       2.46051
       4240.00       3.17364
       4250.00       3.35838
       4260.00       3.35760
       4270.00       3.26471
       4280.00       3.15105
       4290.00       3.30415
       4300.00       2.64913
       4310.00       3.20633
       4320.00       4.07612
       4330.00       4.54884
       4340.00       5.10827
       4350.00       4.92786
       4360.00       5.38323
       4370.00       5.25667
       4380.00       4.51591
       4390.00       4.55559
       4400.00       4.87701
       4410.00       5.01003
       4420.00       5.37005
       4430.00       5.38354
       4440.00       5.76494
       4450.00       5.98825
       4460.00       5.60850
       4470.00       5.98853
       4480.00       6.89027
       4490.00       6.55484
       4500.00       6.98067
       4510.00       7.51865
       4520.00       7.30287
       4530.00       6.41849
       4540.00       6.63593
       4550.00       7.20651
       4560.00       7.63194
       4570.00       8.03398
       4580.00       7.89588
       4590.00       7.66116
       4600.00       7.78098
       4610.00       8.48276
       4620.00       9.13729
       4630.00       8.77938
       4640.00       8.05134
       4650.00       7.89251
       4660.00       8.38038
       4670.00       8.47257
       4680.00       8.34133
       4690.00       8.40741
       4700.00       8.41527
       4710.00       8.34923
       4720.00       8.78185
       4730.00       8.84644
       4740.00       8.80543
       4750.00       9.09264
       4760.00       8.70646
       4770.00       8.48999
       4780.00       8.40735
       4790.00       8.56035
       4800.00       9.07829
       4810.00       9.07986
       4820.00       9.33721
       4830.00       9.24741
       4840.00       9.08453
       4850.00       9.23267
       4860.00       9.01757
       4870.00       8.92295
       4880.00       9.04881
       4890.00       9.44331
       4900.00       9.96277
       4910.00       10.1335
       4920.00       9.72703
       4930.00       9.90829
       4940.00       10.4134
       4950.00       10.3878
       4960.00       9.87886
       4970.00       9.96704
       4980.00       9.55971
       4990.00       9.41929
       5000.00       9.20076
       5010.00       8.83515
       5020.00       8.92302
       5030.00       9.45265
       5040.00       9.51944
       5050.00       9.38077
       5060.00       9.74790
       5070.00       9.58844
       5080.00       8.98589
       5090.00       9.09900
       5100.00       8.97141
       5110.00       8.91241
       5120.00       8.86989
       5130.00       8.85850
       5140.00       8.98695
       5150.00       8.76094
       5160.00       9.04886
       5170.00       7.81703
       5180.00       6.90099
       5190.00       8.32907
       5200.00       9.42727
       5210.00       9.17689
       5220.00       10.0939
       5230.00       10.8860
       5240.00       11.5696
       5250.00       11.1903
       5260.00       10.7002
       5270.00       10.3541
       5280.00       11.3001
       5290.00       12.7014
       5300.00       12.5461
       5310.00       12.9142
       5320.00       13.2554
       5330.00       12.1122
       5340.00       12.0272
       5350.00       12.9237
       5360.00       13.8239
       5370.00       13.7489
       5380.00       13.5363
       5390.00       13.4144
       5400.00       12.6836
       5410.00       12.4742
       5420.00       13.6862
       5430.00       13.9299
       5440.00       13.7388
       5450.00       13.5027
       5460.00       13.1150
       5470.00       13.1823
       5480.00       12.9401
       5490.00       13.1411
       5500.00       13.8214
       5510.00       13.5670
       5520.00       13.6137
       5530.00       14.0063
       5540.00       14.3223
       5550.00       15.0052
       5560.00       14.8830
       5570.00       14.8019
       5580.00       15.1414
       5590.00       14.7490
       5600.00       14.1824
       5610.00       15.0200
       5620.00       15.2221
       5630.00       14.7114
       5640.00       15.2083
       5650.00       15.3019
       5660.00       15.5822
       5670.00       15.3013
       5680.00       15.9402
       5690.00       16.6566
       5700.00       15.9373
       5710.00       15.6710
       5720.00       16.0006
       5730.00       16.8307
       5740.00       16.7355
       5760.00       16.7299
       5780.00       16.6851
       5800.00       17.2666
       5820.00       17.8961
       5840.00       17.5369
       5860.00       17.0124
       5880.00       15.5266
       5900.00       15.2689
       5920.00       16.8527
       5940.00       17.1780
       5960.00       17.5772
       5980.00       17.8726
       6000.00       17.8509
       6020.00       18.4826
       6040.00       19.0601
       6060.00       19.3217
       6080.00       19.4945
       6100.00       19.5546
       6120.00       19.2682
       6140.00       18.4663
       6160.00       18.0012
       6180.00       17.3921
       6200.00       17.0310
       6220.00       16.5628
       6240.00       15.9643
       6260.00       16.4207
       6280.00       17.6572
       6300.00       18.3215
       6320.00       18.9697
       6340.00       19.2677
       6360.00       19.5164
       6380.00       20.0717
       6400.00       20.3044
       6420.00       20.5828
       6440.00       20.7656
       6460.00       20.8886
       6480.00       20.1705
       6500.00       20.2830
       6520.00       21.4621
       6540.00       21.1883
       6560.00       20.5933
       6580.00       21.1629
       6600.00       21.6030
       6620.00       21.4578
       6640.00       21.3248
       6660.00       21.1018
       6680.00       21.0952
       6700.00       21.2919
       6720.00       20.9922
       6740.00       20.9074
       6760.00       21.2708
       6780.00       21.2638
       6800.00       21.8909
       6820.00       22.7029
       6840.00       23.2005
       6860.00       22.1625
       6880.00       21.8892
       6900.00       23.0645
       6920.00       23.4241
       6940.00       22.9643
       6960.00       23.3221
       6980.00       23.0494
       7000.00       23.0268
       7020.00       23.6292
       7040.00       23.5943
       7060.00       23.0239
       7080.00       22.1362
       7100.00       21.8395
       7120.00       21.1620
       7140.00       20.9544
       7160.00       21.8361
       7180.00       21.7753
       7200.00       22.0194
       7220.00       22.6289
       7240.00       22.8798
       7260.00       23.1710
       7280.00       23.5022
       7300.00       23.8730
       7320.00       24.4174
       7340.00       24.2169
       7360.00       24.8705
       7380.00       25.2438
       7400.00       25.1756
       7420.00       25.3728
       7440.00       25.7621
       7460.00       25.8147
       7480.00       25.8771
       7500.00       26.1409
       7520.00       27.3790
       7540.00       28.5102
       7560.00       29.4353
       7580.00       27.0825
       7600.00       22.5126
       7620.00       26.9601
       7640.00       26.1371
       7660.00       25.7233
       7680.00       23.9623
       7700.00       25.3048
       7720.00       25.9251
       7740.00       26.4249
       7760.00       26.5810
       7780.00       26.6293
       7800.00       26.8229
       7820.00       26.7639
       7840.00       26.6474
       7860.00       26.5219
       7880.00       26.3394
       7900.00       26.0237
       7920.00       25.8912
       7940.00       25.9307
       7960.00       26.3217
       7980.00       26.6349
       8000.00       27.0221
       8020.00       26.9076
       8040.00       27.2076
       8060.00       27.2433
       8080.00       27.0448
       8100.00       26.8006
       8120.00       27.7313
       8140.00       27.3565
       8160.00       26.7426
       8180.00       26.9916
       8200.00       28.1895
       8220.00       27.6240
       8240.00       27.9517
       8260.00       28.9371
       8280.00       27.7709
       8300.00       27.5582
       8320.00       27.1283
       8340.00       26.8184
       8360.00       26.8628
       8380.00       27.5659
       8400.00       28.1576
       8420.00       28.1985
       8440.00       28.3110
       8460.00       28.3156
       8480.00       28.4183
       8500.00       27.9687
       8520.00       27.2550
       8540.00       26.1106
       8560.00       27.7108
       8580.00       28.4749
       8600.00       29.0596
       8620.00       29.3256
       8640.00       27.9620
       8660.00       26.9978
       8680.00       28.3909
       8700.00       28.9603
       8720.00       29.4837
       8740.00       29.1653
       8760.00       29.3663
       8780.00       29.3339
       8800.00       29.0094
       8820.00       29.1752
       8840.00       29.5284
       8860.00       30.1874
       8880.00       29.5317
       8900.00       29.5843
       8920.00       29.8232
       8940.00       29.5619
       8960.00       28.7362
       8980.00       29.0007
       9000.00       27.7848
       9020.00       29.7693
       9040.00       31.3100
       9060.00       29.1453
       9080.00       27.9316
       9100.00       29.0338
       9120.00       28.8292
       9140.00       28.0047
       9160.00       27.7454
       9180.00       28.3606
       9200.00       29.9597
       9220.00       29.5912
       9240.00       29.2488
       9260.00       29.0631
       9280.00       30.4921
       9300.00       29.9548
       9320.00       25.9219
       9340.00       28.7899
       9360.00       26.7647
       9380.00       28.8365
       9400.00       31.5834
       9420.00       26.8592
       9440.00       26.3375
       9460.00       28.4727
       9480.00       28.3647
       9500.00       28.6553
       9520.00       30.5894
       9540.00       30.8345
       9560.00       30.4535
       9580.00       29.7346
       9600.00       28.9241
       9620.00       29.3279
       9640.00       28.2313
       9660.00       29.1047
       9680.00       30.3182
       9700.00       29.2576
       9720.00       29.0729
       9740.00       28.5239
       9760.00       29.6280
       9780.00       30.1397
       9800.00       29.8389
       9820.00       30.5253
       9840.00       31.0628
       9860.00       30.4245
       9880.00       30.5619
       9900.00       30.5842
       9920.00       31.0563
       9940.00       31.3591
       9960.00       31.3721
       9980.00       31.5593
       10000.0       31.5945
       10020.0       32.4524
       10040.0       31.5666
       10060.0       31.3535
       10080.0       31.3363
       10100.0       32.0905
       10120.0       31.6982
       10140.0       31.6506
       10160.0       31.7149
       10180.0       31.0136
       10200.0       30.9454
       10220.0       30.8478
       10240.0       31.8438
       10260.0       32.2167
       10280.0       31.9848
       10300.0       31.7538
       10320.0       31.3918
       10340.0       31.4993
       10360.0       31.3947
       10380.0       30.8241
       10400.0       31.2157
       10420.0       32.5133
       10440.0       31.0744
       10460.0       32.0491
       10480.0       31.1651
       10500.0       31.6821
       10520.0       31.4349
       10540.0       31.7915
       10560.0       31.5593
       10580.0       31.4711
       10600.0       32.5891
       10620.0       32.3995
