       3160.00      0.132941
       3170.00      0.168422
       3180.00      0.133574
       3190.00      0.118627
       3200.00      0.136243
       3210.00      0.125805
       3220.00      0.109281
       3230.00      0.100727
       3240.00      0.121699
       3250.00      0.142599
       3260.00      0.164460
       3270.00      0.180416
       3280.00      0.152918
       3290.00      0.201528
       3300.00      0.214622
       3310.00      0.201327
       3320.00      0.187887
       3330.00      0.189568
       3340.00      0.200806
       3350.00      0.227930
       3360.00      0.190378
       3370.00      0.156708
       3380.00      0.178691
       3390.00      0.195308
       3400.00      0.228261
       3410.00      0.234277
       3420.00      0.229494
       3430.00      0.265274
       3440.00      0.185896
       3450.00      0.199278
       3460.00      0.225221
       3470.00      0.215309
       3480.00      0.225162
       3490.00      0.214343
       3500.00      0.269259
       3510.00      0.271473
       3520.00      0.242671
       3530.00      0.247118
       3540.00      0.305016
       3550.00      0.298419
       3560.00      0.247188
       3570.00      0.196139
       3580.00      0.156598
       3590.00      0.179847
       3600.00      0.271279
       3610.00      0.292579
       3620.00      0.298069
       3630.00      0.330865
       3640.00      0.345460
       3650.00      0.384909
       3660.00      0.439920
       3670.00      0.471106
       3680.00      0.406451
       3690.00      0.402969
       3700.00      0.427689
       3710.00      0.421247
       3720.00      0.339839
       3730.00      0.233467
       3740.00      0.227696
       3750.00      0.258135
       3760.00      0.295718
       3770.00      0.354168
       3780.00      0.447608
       3790.00      0.378087
       3800.00      0.324030
       3810.00      0.329801
       3820.00      0.229141
       3830.00      0.178823
       3840.00      0.215392
       3850.00      0.240800
       3860.00      0.242161
       3870.00      0.237528
       3880.00      0.261912
       3890.00      0.384172
       3900.00      0.446054
       3910.00      0.476839
       3920.00      0.435149
       3930.00      0.256583
       3940.00      0.263094
       3950.00      0.487291
       3960.00      0.428300
       3970.00      0.335573
       3980.00      0.599593
       3990.00      0.838825
       4000.00      0.932034
       4010.00       1.02897
       4020.00       1.07848
       4030.00       1.00161
       4040.00      0.916792
       4050.00      0.972667
       4060.00      0.950940
       4070.00      0.921973
       4080.00       1.07132
       4090.00       1.14911
       4100.00       1.05151
       4110.00       1.03713
       4120.00       1.00966
       4130.00      0.990025
       4140.00      0.891037
       4150.00      0.874930
       4160.00      0.955033
       4170.00      0.944677
       4180.00      0.949570
       4190.00       1.03294
       4200.00       1.01802
       4210.00       1.14299
       4220.00       1.04065
       4230.00       1.05719
       4240.00       1.26625
       4250.00       1.23557
       4260.00       1.23486
       4270.00       1.23328
       4280.00       1.14831
       4290.00       1.14694
       4300.00      0.969571
       4310.00       1.18195
       4320.00       1.44438
       4330.00       1.44795
       4340.00       1.60307
       4350.00       1.60840
       4360.00       1.67844
       4370.00       1.63611
       4380.00       1.44081
       4390.00       1.45583
       4400.00       1.55615
       4410.00       1.59754
       4420.00       1.73302
       4430.00       1.71055
       4440.00       1.80897
       4450.00       1.78181
       4460.00       1.74555
       4470.00       1.93772
       4480.00       2.04727
       4490.00       2.04396
       4500.00       2.13618
       4510.00       2.24912
       4520.00       2.06595
       4530.00       1.97228
       4540.00       2.06385
       4550.00       2.20429
       4560.00       2.23880
       4570.00       2.26702
       4580.00       2.31389
       4590.00       2.23882
       4600.00       2.30221
       4610.00       2.45166
       4620.00       2.53493
       4630.00       2.41483
       4640.00       2.25336
       4650.00       2.31683
       4660.00       2.32630
       4670.00       2.28650
       4680.00       2.32594
       4690.00       2.32815
       4700.00       2.29974
       4710.00       2.39127
       4720.00       2.47964
       4730.00       2.46926
       4740.00       2.55907
       4750.00       2.63551
       4760.00       2.50042
       4770.00       2.58215
       4780.00       2.63578
       4790.00       2.63496
       4800.00       2.70189
       4810.00       2.81476
       4820.00       2.77791
       4830.00       2.70948
       4840.00       2.67454
       4850.00       2.65399
       4860.00       2.51242
       4870.00       2.56712
       4880.00       2.62619
       4890.00       2.66133
       4900.00       2.83476
       4910.00       2.68208
       4920.00       2.65916
       4930.00       2.71024
       4940.00       2.82808
       4950.00       2.89560
       4960.00       2.83852
       4970.00       2.84560
       4980.00       2.75620
       4990.00       2.69563
       5000.00       2.66931
       5010.00       2.52187
       5020.00       2.56337
       5030.00       2.69314
       5040.00       2.65517
       5050.00       2.76240
       5060.00       2.80606
       5070.00       2.62987
       5080.00       2.60299
       5090.00       2.60706
       5100.00       2.54075
       5110.00       2.55992
       5120.00       2.51404
       5130.00       2.49092
       5140.00       2.49880
       5150.00       2.51608
       5160.00       2.36562
       5170.00       2.12646
       5180.00       2.29985
       5190.00       2.60147
       5200.00       2.56664
       5210.00       2.65569
       5220.00       2.86612
       5230.00       2.87993
       5240.00       3.01994
       5250.00       3.02344
       5260.00       2.76154
       5270.00       2.72403
       5280.00       3.09828
       5290.00       3.18145
       5300.00       3.23186
       5310.00       3.40667
       5320.00       3.14384
       5330.00       3.05449
       5340.00       3.22200
       5350.00       3.41647
       5360.00       3.45508
       5370.00       3.29274
       5380.00       3.35088
       5390.00       3.20702
       5400.00       3.03220
       5410.00       3.17133
       5420.00       3.39614
       5430.00       3.33998
       5440.00       3.33075
       5450.00       3.47003
       5460.00       3.39898
       5470.00       3.37227
       5480.00       3.28768
       5490.00       3.41411
       5500.00       3.50643
       5510.00       3.43563
       5520.00       3.53097
       5530.00       3.56514
       5540.00       3.62616
       5550.00       3.73074
       5560.00       3.70723
       5570.00       3.64689
       5580.00       3.64371
       5590.00       3.54358
       5600.00       3.48386
       5610.00       3.77412
       5620.00       3.67430
       5630.00       3.70097
       5640.00       3.69109
       5650.00       3.73086
       5660.00       3.70776
       5670.00       3.70782
       5680.00       3.76380
       5690.00       3.82615
       5700.00       3.73420
       5710.00       3.63602
       5720.00       3.81915
       5730.00       3.99512
       5740.00       3.90677
       5760.00       3.79912
       5780.00       3.85710
       5800.00       3.96302
       5820.00       4.08425
       5840.00       4.05107
       5860.00       3.96390
       5880.00       3.73748
       5900.00       3.80716
       5920.00       4.05630
       5940.00       4.06152
       5960.00       4.10119
       5980.00       4.10935
       6000.00       4.03336
       6020.00       4.10998
       6040.00       4.18610
       6060.00       4.18153
       6080.00       4.17700
       6100.00       4.19394
       6120.00       4.13138
       6140.00       4.04183
       6160.00       3.99534
       6180.00       4.09127
       6200.00       4.06903
       6220.00       3.99886
       6240.00       3.93813
       6260.00       3.96137
       6280.00       4.00232
       6300.00       4.07860
       6320.00       4.13961
       6340.00       4.16487
       6360.00       4.19291
       6380.00       4.30864
       6400.00       4.28350
       6420.00       4.27598
       6440.00       4.30042
       6460.00       4.31893
       6480.00       4.28541
       6500.00       4.28947
       6520.00       4.41103
       6540.00       4.32039
       6560.00       4.31576
       6580.00       4.40773
       6600.00       4.49347
       6620.00       4.50248
       6640.00       4.47203
       6660.00       4.44737
       6680.00       4.47882
       6700.00       4.48776
       6720.00       4.46328
       6740.00       4.49163
       6760.00       4.46728
       6780.00       4.50372
       6800.00       4.61414
       6820.00       4.60335
       6840.00       4.72102
       6860.00       4.47026
       6880.00       4.39751
       6900.00       4.61226
       6920.00       4.62864
       6940.00       4.56683
       6960.00       4.51880
       6980.00       4.44160
       7000.00       4.45027
       7020.00       4.50680
       7040.00       4.59221
       7060.00       4.56332
       7080.00       4.57155
       7100.00       4.49813
       7120.00       4.46975
       7140.00       4.43106
       7160.00       4.49959
       7180.00       4.47664
       7200.00       4.48757
       7220.00       4.55020
       7240.00       4.46278
       7260.00       4.46850
       7280.00       4.48959
       7300.00       4.51569
       7320.00       4.56207
       7340.00       4.49618
       7360.00       4.52204
       7380.00       4.53258
       7400.00       4.54811
       7420.00       4.63659
       7440.00       4.68692
       7460.00       4.65932
       7480.00       4.78177
       7500.00       4.80640
       7520.00       5.05206
       7540.00       5.26419
       7560.00       5.36892
       7580.00       4.70390
       7600.00       3.89239
       7620.00       5.23836
       7640.00       4.98249
       7660.00       5.10610
       7680.00       4.61588
       7700.00       4.71796
       7720.00       4.81225
       7740.00       4.86983
       7760.00       5.00658
       7780.00       4.97450
       7800.00       5.00487
       7820.00       5.05420
       7840.00       4.97695
       7860.00       4.88820
       7880.00       4.84734
       7900.00       4.71679
       7920.00       4.62938
       7940.00       4.69303
       7960.00       4.79158
       7980.00       4.79830
       8000.00       4.74426
       8020.00       4.79301
       8040.00       4.79736
       8060.00       4.79937
       8080.00       4.66491
       8100.00       4.57956
       8120.00       4.66264
       8140.00       4.65119
       8160.00       4.50925
       8180.00       4.66956
       8200.00       4.73338
       8220.00       4.77642
       8240.00       4.88730
       8260.00       4.87546
       8280.00       4.78695
       8300.00       4.80919
       8320.00       4.57751
       8340.00       4.56654
       8360.00       4.58467
       8380.00       4.64955
       8400.00       4.74081
       8420.00       4.80279
       8440.00       4.80912
       8460.00       4.91925
       8480.00       4.72253
       8500.00       4.75319
       8520.00       4.42839
       8540.00       4.45084
       8560.00       4.87706
       8580.00       4.77857
       8600.00       4.86741
       8620.00       4.82577
       8640.00       4.45988
       8660.00       4.55748
       8680.00       4.68261
       8700.00       4.89309
       8720.00       4.75328
       8740.00       4.76806
       8760.00       4.76358
       8780.00       4.67185
       8800.00       4.52957
       8820.00       4.67185
       8840.00       4.58729
       8860.00       4.59803
       8880.00       4.69079
       8900.00       4.53957
       8920.00       4.57757
       8940.00       4.62377
       8960.00       4.44660
       8980.00       4.55115
       9000.00       4.41230
       9020.00       4.63870
       9040.00       4.82069
       9060.00       4.41196
       9080.00       4.40635
       9100.00       4.43774
       9120.00       4.37678
       9140.00       4.35903
       9160.00       4.09246
       9180.00       4.22807
       9200.00       4.34685
       9220.00       4.39012
       9240.00       4.30983
       9260.00       4.23191
       9280.00       4.60942
       9300.00       4.33226
       9320.00       4.20466
       9340.00       4.51779
       9360.00       4.36638
       9380.00       4.32918
       9400.00       4.51082
       9420.00       3.86444
       9440.00       4.00274
       9460.00       4.26886
       9480.00       4.32885
       9500.00       4.33744
       9520.00       4.38133
       9540.00       4.45050
       9560.00       4.46464
       9580.00       4.48068
       9600.00       4.26111
       9620.00       4.23866
       9640.00       4.08447
       9660.00       4.24045
       9680.00       4.31277
       9700.00       4.01105
       9720.00       3.97011
       9740.00       4.10777
       9760.00       4.04191
       9780.00       4.11390
       9800.00       4.03876
       9820.00       4.03244
       9840.00       4.16098
       9860.00       4.10137
       9880.00       3.99282
       9900.00       3.88471
       9920.00       3.92398
       9940.00       4.01572
       9960.00       3.92698
       9980.00       3.94345
       10000.0       4.01405
       10020.0       4.13100
       10040.0       3.93105
       10060.0       3.93624
       10080.0       3.94141
       10100.0       4.03352
       10120.0       3.91660
       10140.0       3.82963
       10160.0       3.88830
       10180.0       3.82008
       10200.0       3.82542
       10220.0       3.94227
       10240.0       3.94370
       10260.0       3.97972
       10280.0       3.95017
       10300.0       3.79372
       10320.0       3.83345
       10340.0       3.72302
       10360.0       3.74650
       10380.0       3.67267
       10400.0       3.76802
       10420.0       3.76438
       10440.0       3.74106
       10460.0       3.69460
       10480.0       3.73035
       10500.0       3.78909
       10520.0       3.73748
       10540.0       3.62401
       10560.0       3.73217
       10580.0       3.67566
       10600.0       3.69340
       10620.0       3.81842
