       3160.00     0.0399831
       3170.00     0.0326031
       3180.00     0.0295246
       3190.00     0.0225282
       3200.00     0.0211762
       3210.00     0.0187181
       3220.00     0.0159092
       3230.00     0.0154744
       3240.00     0.0131771
       3250.00     0.0144290
       3260.00     0.0139162
       3270.00     0.0129699
       3280.00     0.0135656
       3290.00     0.0158230
       3300.00     0.0176391
       3310.00     0.0180573
       3320.00     0.0191581
       3330.00     0.0186120
       3340.00     0.0192074
       3350.00     0.0197473
       3360.00     0.0182630
       3370.00     0.0196006
       3380.00     0.0206723
       3390.00     0.0214709
       3400.00     0.0220816
       3410.00     0.0222481
       3420.00     0.0257779
       3430.00     0.0273001
       3440.00     0.0250247
       3450.00     0.0270456
       3460.00     0.0317419
       3470.00     0.0300236
       3480.00     0.0334678
       3490.00     0.0341093
       3500.00     0.0337746
       3510.00     0.0357833
       3520.00     0.0311301
       3530.00     0.0366153
       3540.00     0.0471817
       3550.00     0.0499017
       3560.00     0.0471498
       3570.00     0.0409487
       3580.00     0.0336692
       3590.00     0.0352634
       3600.00     0.0421524
       3610.00     0.0475316
       3620.00     0.0563208
       3630.00     0.0600991
       3640.00     0.0594778
       3650.00     0.0633859
       3660.00     0.0727389
       3670.00     0.0756170
       3680.00     0.0700201
       3690.00     0.0730699
       3700.00     0.0732987
       3710.00     0.0737948
       3720.00     0.0674820
       3730.00     0.0549269
       3740.00     0.0520721
       3750.00     0.0639758
       3760.00     0.0759265
       3770.00     0.0917773
       3780.00      0.103833
       3790.00     0.0932643
       3800.00     0.0901134
       3810.00     0.0939513
       3820.00     0.0769940
       3830.00     0.0758176
       3840.00     0.0926768
       3850.00     0.0938376
       3860.00     0.0933795
       3870.00     0.0974712
       3880.00     0.0988888
       3890.00      0.105335
       3900.00      0.110493
       3910.00      0.117726
       3920.00      0.103958
       3930.00     0.0612357
       3940.00     0.0663898
       3950.00      0.108989
       3960.00     0.0938304
       3970.00     0.0841009
       3980.00      0.141686
       3990.00      0.181090
       4000.00      0.205977
       4010.00      0.231858
       4020.00      0.236237
       4030.00      0.235445
       4040.00      0.239999
       4050.00      0.258059
       4060.00      0.273372
       4070.00      0.261890
       4080.00      0.297058
       4090.00      0.320282
       4100.00      0.299456
       4110.00      0.291456
       4120.00      0.303443
       4130.00      0.311150
       4140.00      0.308193
       4150.00      0.337655
       4160.00      0.370767
       4170.00      0.350170
       4180.00      0.349531
       4190.00      0.366329
       4200.00      0.365457
       4210.00      0.354138
       4220.00      0.270679
       4230.00      0.265329
       4240.00      0.382175
       4250.00      0.376784
       4260.00      0.377263
       4270.00      0.388044
       4280.00      0.344661
       4290.00      0.349082
       4300.00      0.356572
       4310.00      0.401393
       4320.00      0.447159
       4330.00      0.470857
       4340.00      0.499229
       4350.00      0.492356
       4360.00      0.508743
       4370.00      0.541772
       4380.00      0.498650
       4390.00      0.502052
       4400.00      0.498459
       4410.00      0.519729
       4420.00      0.517614
       4430.00      0.466974
       4440.00      0.507243
       4450.00      0.511886
       4460.00      0.445965
       4470.00      0.471153
       4480.00      0.540514
       4490.00      0.573330
       4500.00      0.574454
       4510.00      0.563240
       4520.00      0.557770
       4530.00      0.561487
       4540.00      0.585300
       4550.00      0.609009
       4560.00      0.672482
       4570.00      0.749847
       4580.00      0.636920
       4590.00      0.491209
       4600.00      0.539407
       4610.00      0.671671
       4620.00      0.651530
       4630.00      0.508660
       4640.00      0.488241
       4650.00      0.582344
       4660.00      0.627768
       4670.00      0.576828
       4680.00      0.580563
       4690.00      0.690658
       4700.00      0.772379
       4710.00      0.762455
       4720.00      0.756267
       4730.00      0.798369
       4740.00      0.882851
       4750.00      0.916295
       4760.00      0.615102
       4770.00      0.409151
       4780.00      0.502597
       4790.00      0.599638
       4800.00      0.577809
       4810.00      0.509472
       4820.00      0.562150
       4830.00      0.645374
       4840.00      0.684690
       4850.00      0.645965
       4860.00      0.659155
       4870.00      0.754963
       4880.00      0.852760
       4890.00      0.937934
       4900.00       1.03716
       4910.00       1.14038
       4920.00       1.27794
       4930.00       1.38547
       4940.00       1.52416
       4950.00       1.14408
       4960.00      0.524023
       4970.00      0.453651
       4980.00      0.555257
       4990.00      0.618027
       5000.00      0.571797
       5010.00      0.534534
       5020.00      0.627562
       5030.00      0.744151
       5040.00      0.876913
       5050.00      0.994354
       5060.00       1.06179
       5070.00       1.15040
       5080.00       1.23180
       5090.00       1.31517
       5100.00       1.35117
       5110.00       1.45493
       5120.00       1.55715
       5130.00       1.61383
       5140.00       1.62958
       5150.00       1.66833
       5160.00       1.47027
       5170.00      0.781002
       5180.00      0.535742
       5190.00      0.709534
       5200.00      0.761170
       5210.00      0.839695
       5220.00       1.00809
       5230.00       1.15870
       5240.00       1.13684
       5250.00       1.14195
       5260.00       1.17008
       5270.00       1.22079
       5280.00       1.43796
       5290.00       1.53473
       5300.00       1.60232
       5310.00       1.58367
       5320.00       1.48800
       5330.00       1.52337
       5340.00       1.59809
       5350.00       1.74251
       5360.00       1.71757
       5370.00       1.63554
       5380.00       1.76365
       5390.00       1.77116
       5400.00       1.75097
       5410.00       1.83213
       5420.00       1.95894
       5430.00       1.94310
       5440.00       1.97768
       5450.00       1.47840
       5460.00      0.964082
       5470.00       1.09572
       5480.00       1.23505
       5490.00       1.35891
       5500.00       1.27192
       5510.00       1.21236
       5520.00       1.38386
       5530.00       1.47578
       5540.00       1.56737
       5550.00       1.65279
       5560.00       1.63340
       5570.00       1.57234
       5580.00       1.55911
       5590.00       1.56226
       5600.00       1.37610
       5610.00       1.25127
       5620.00       1.22541
       5630.00       1.21158
       5640.00       1.28524
       5650.00       1.36877
       5660.00       1.47400
       5670.00       1.46291
       5680.00       1.55212
       5690.00       1.67194
       5700.00       1.72435
       5710.00       1.86235
       5720.00       1.85619
       5730.00       1.94278
       5740.00       1.87431
       5760.00       1.85627
       5780.00       2.06385
       5800.00       2.01666
       5820.00       1.78722
       5840.00       1.50817
       5860.00       1.17692
       5880.00       1.07452
       5900.00       1.03795
       5920.00       1.15181
       5940.00       1.25373
       5960.00       1.35579
       5980.00       1.57976
       6000.00       1.76542
       6020.00       1.95399
       6040.00       2.15505
       6060.00       2.31369
       6080.00       2.51362
       6100.00       2.68637
       6120.00       2.84308
       6140.00       2.27544
       6160.00       1.44869
       6180.00       1.20249
       6200.00       1.14237
       6220.00       1.15965
       6240.00       1.31505
       6260.00       1.52501
       6280.00       1.73826
       6300.00       2.07534
       6320.00       2.39977
       6340.00       2.53361
       6360.00       2.67445
       6380.00       3.01477
       6400.00       3.08836
       6420.00       3.14857
       6440.00       3.45847
       6460.00       3.49788
       6480.00       3.39741
       6500.00       3.56192
       6520.00       3.88330
       6540.00       3.74322
       6560.00       3.40153
       6580.00       3.30414
       6600.00       3.17212
       6620.00       2.98197
       6640.00       2.60417
       6660.00       2.29721
       6680.00       2.28411
       6700.00       2.15092
       6720.00       2.11734
       6740.00       2.30935
       6760.00       2.49286
       6780.00       2.61774
       6800.00       2.85054
       6820.00       3.22073
       6840.00       3.38122
       6860.00       3.49722
       6880.00       4.10241
       6900.00       4.56213
       6920.00       4.93163
       6940.00       5.40545
       6960.00       5.96719
       6980.00       6.25932
       7000.00       6.50707
       7020.00       6.87286
       7040.00       5.28857
       7060.00       3.49104
       7080.00       2.95472
       7100.00       2.67865
       7120.00       2.55220
       7140.00       2.47297
       7160.00       2.97736
       7180.00       3.33326
       7200.00       3.63876
       7220.00       4.15872
       7240.00       4.90628
       7260.00       5.60398
       7280.00       6.32408
       7300.00       7.38593
       7320.00       8.17661
       7340.00       8.61011
       7360.00       9.29165
       7380.00       9.95375
       7400.00       10.1310
       7420.00       10.3610
       7440.00       10.6110
       7460.00       10.8007
       7480.00       10.9738
       7500.00       11.2234
       7520.00       11.9663
       7540.00       12.5181
       7560.00       12.4301
       7580.00       8.77884
       7600.00       6.02394
       7620.00       8.57480
       7640.00       7.62768
       7660.00       6.64542
       7680.00       5.60233
       7700.00       6.16672
       7720.00       6.65183
       7740.00       6.68291
       7760.00       6.66997
       7780.00       7.29836
       7800.00       7.83520
       7820.00       7.86930
       7840.00       8.54700
       7860.00       9.15895
       7880.00       9.53181
       7900.00       9.49717
       7920.00       9.67967
       7940.00       10.2690
       7960.00       10.6478
       7980.00       10.9020
       8000.00       11.3210
       8020.00       11.9862
       8040.00       12.6585
       8060.00       9.80301
       8080.00       13.3972
       8100.00       13.6306
       8120.00       14.3945
       8140.00       14.8282
       8160.00       14.8834
       8180.00       14.5933
       8200.00       13.7074
       8220.00       14.0174
       8240.00       14.4971
       8260.00       13.9193
       8280.00       13.2942
       8300.00       13.3222
       8320.00       13.1804
       8340.00       12.9199
       8360.00       12.7102
       8380.00       12.8582
       8400.00       13.0252
       8420.00       11.7915
       8440.00       10.2095
       8460.00       10.1461
       8480.00       10.4158
       8500.00       10.3523
       8520.00       10.2598
       8540.00       10.9551
       8560.00       11.6956
       8580.00       12.0457
       8600.00       12.7320
       8620.00       13.2128
       8640.00       12.7499
       8660.00       12.6821
       8680.00       13.6762
       8700.00       14.3986
       8720.00       14.7273
       8740.00       14.9595
       8760.00       15.2855
       8780.00       15.4587
       8800.00       15.5179
       8820.00       15.8686
       8840.00       15.0532
       8860.00       13.6982
       8880.00       13.6580
       8900.00       14.1310
       8920.00       14.2761
       8940.00       14.3092
       8960.00       14.7034
       8980.00       15.5396
       9000.00       15.6803
       9020.00       16.3726
       9040.00       16.9884
       9060.00       16.4286
       9080.00       16.6484
       9100.00       17.2686
       9120.00       17.1215
       9140.00       17.0750
       9160.00       17.1555
       9180.00       17.2809
       9200.00       17.2434
       9220.00       17.0529
       9240.00       17.1867
       9260.00       16.6475
       9280.00       17.1037
       9300.00       16.7366
       9320.00       16.4602
       9340.00       17.8115
       9360.00       17.3654
       9380.00       17.9214
       9400.00       17.6978
       9420.00       16.0740
       9440.00       16.5587
       9460.00       18.0243
       9480.00       18.2139
       9500.00       17.8435
       9520.00       18.4513
       9540.00       19.2567
       9560.00       18.9299
       9580.00       19.0377
       9600.00       19.1018
       9620.00       18.1128
       9640.00       17.2486
       9660.00       17.7199
       9680.00       17.9148
       9700.00       17.2617
       9720.00       17.1664
       9740.00       17.7618
       9760.00       17.5808
       9780.00       17.8929
       9800.00       18.3646
       9820.00       18.1243
       9840.00       18.2056
       9860.00       18.1603
       9880.00       17.9639
       9900.00       17.5586
       9920.00       17.7492
       9940.00       18.1394
       9960.00       18.3530
       9980.00       18.2746
       10000.0       18.2879
       10020.0       18.4088
       10040.0       18.0910
       10060.0       18.1375
       10080.0       18.3733
       10100.0       18.2959
       10120.0       17.8578
       10140.0       17.6670
       10160.0       17.6731
       10180.0       17.7117
       10200.0       17.8560
       10220.0       18.0729
       10240.0       18.1025
       10260.0       17.9782
       10280.0       18.1047
       10300.0       18.0051
       10320.0       17.7932
       10340.0       17.8712
       10360.0       18.0611
       10380.0       17.8903
       10400.0       17.9676
       10420.0       18.2678
       10440.0       18.3759
       10460.0       18.2931
       10480.0       18.0444
       10500.0       17.9467
       10520.0       18.0941
       10540.0       18.1937
       10560.0       17.8448
       10580.0       17.8346
       10600.0       18.0515
       10620.0       18.4475
