       3160.00    0.00265971
       3170.00    0.00346235
       3180.00    0.00134679
       3190.00   0.000901971
       3200.00       0.00000
       3210.00       0.00000
       3220.00    0.00192764
       3230.00       0.00000
       3240.00   0.000945554
       3250.00    0.00120590
       3260.00   0.000472295
       3270.00   0.000433556
       3280.00   0.000925488
       3290.00    0.00110615
       3300.00   0.000859425
       3310.00    0.00129292
       3320.00    0.00108840
       3330.00    0.00113925
       3340.00   0.000758188
       3350.00   0.000784932
       3360.00   0.000915519
       3370.00       0.00000
       3380.00   0.000624791
       3390.00    0.00114281
       3400.00    0.00138078
       3410.00    0.00183910
       3420.00    0.00180456
       3430.00    0.00159667
       3440.00    0.00202230
       3450.00    0.00259563
       3460.00    0.00267741
       3470.00    0.00297477
       3480.00    0.00330834
       3490.00    0.00337630
       3500.00    0.00401940
       3510.00    0.00340749
       3520.00    0.00269941
       3530.00       0.00000
       3540.00    0.00406215
       3550.00    0.00586532
       3560.00    0.00643726
       3570.00    0.00507896
       3580.00    0.00432056
       3590.00    0.00487319
       3600.00    0.00616730
       3610.00    0.00794983
       3620.00    0.00963539
       3630.00     0.0109030
       3640.00    0.00929958
       3650.00     0.0107199
       3660.00     0.0122643
       3670.00     0.0120117
       3680.00     0.0128884
       3690.00       0.00000
       3700.00     0.0121665
       3710.00     0.0130444
       3720.00     0.0120146
       3730.00    0.00923047
       3740.00    0.00960155
       3750.00     0.0123904
       3760.00     0.0171156
       3770.00     0.0217047
       3780.00     0.0211450
       3790.00     0.0187290
       3800.00     0.0185104
       3810.00     0.0177777
       3820.00     0.0133594
       3830.00     0.0166683
       3840.00     0.0185103
       3850.00       0.00000
       3860.00     0.0159386
       3870.00     0.0174688
       3880.00     0.0190078
       3890.00     0.0207291
       3900.00     0.0210472
       3910.00     0.0201787
       3920.00     0.0173199
       3930.00    0.00974324
       3940.00     0.0107884
       3950.00     0.0172942
       3960.00     0.0146016
       3970.00     0.0131627
       3980.00     0.0256852
       3990.00     0.0349030
       4000.00     0.0379772
       4010.00       0.00000
       4020.00     0.0393571
       4030.00     0.0426129
       4040.00     0.0427862
       4050.00     0.0431731
       4060.00     0.0453017
       4070.00     0.0437437
       4080.00     0.0478163
       4090.00     0.0557949
       4100.00     0.0698874
       4110.00     0.0606357
       4120.00     0.0455714
       4130.00     0.0417135
       4140.00     0.0418926
       4150.00     0.0478627
       4160.00     0.0528527
       4170.00       0.00000
       4180.00     0.0454869
       4190.00     0.0430899
       4200.00     0.0438070
       4210.00     0.0366561
       4220.00     0.0210601
       4230.00     0.0216112
       4240.00     0.0349093
       4250.00     0.0367880
       4260.00     0.0315201
       4270.00     0.0276483
       4280.00     0.0257794
       4290.00     0.0279919
       4300.00     0.0274030
       4310.00     0.0230467
       4320.00     0.0256822
       4330.00       0.00000
       4340.00     0.0355729
       4350.00     0.0307052
       4360.00     0.0241034
       4370.00     0.0297327
       4380.00     0.0319715
       4390.00     0.0286517
       4400.00     0.0259612
       4410.00     0.0302875
       4420.00     0.0232666
       4430.00     0.0155293
       4440.00     0.0169293
       4450.00     0.0197040
       4460.00     0.0161103
       4470.00     0.0131156
       4480.00     0.0163759
       4490.00       0.00000
       4500.00     0.0200500
       4510.00     0.0160387
       4520.00     0.0179182
       4530.00     0.0219984
       4540.00     0.0232257
       4550.00     0.0203601
       4560.00     0.0239283
       4570.00     0.0291003
       4580.00     0.0203461
       4590.00     0.0105435
       4600.00     0.0116118
       4610.00     0.0177708
       4620.00     0.0173980
       4630.00     0.0121620
       4640.00     0.0120041
       4650.00       0.00000
       4660.00     0.0152531
       4670.00     0.0155650
       4680.00     0.0155867
       4690.00     0.0208294
       4700.00     0.0233525
       4710.00     0.0223806
       4720.00     0.0232058
       4730.00     0.0260547
       4740.00     0.0306159
       4750.00     0.0329495
       4760.00     0.0197322
       4770.00    0.00904605
       4780.00     0.0118477
       4790.00     0.0155176
       4800.00     0.0156194
       4810.00       0.00000
       4820.00     0.0120431
       4830.00     0.0185336
       4840.00     0.0202304
       4850.00     0.0189083
       4860.00     0.0186178
       4870.00     0.0226430
       4880.00     0.0281881
       4890.00     0.0324010
       4900.00     0.0368003
       4910.00     0.0451333
       4920.00     0.0568792
       4930.00     0.0713382
       4940.00     0.0903438
       4950.00     0.0636589
       4960.00     0.0186771
       4970.00       0.00000
       4980.00    0.00929134
       4990.00     0.0150569
       5000.00     0.0136753
       5010.00     0.0130186
       5020.00     0.0164668
       5030.00     0.0218460
       5040.00     0.0283658
       5050.00     0.0327698
       5060.00     0.0373663
       5070.00     0.0461334
       5080.00     0.0536625
       5090.00     0.0603149
       5100.00     0.0639759
       5110.00     0.0738628
       5120.00     0.0934523
       5130.00       0.00000
       5140.00     0.0989106
       5150.00      0.109965
       5160.00      0.105013
       5170.00     0.0492492
       5180.00     0.0141816
       5190.00     0.0181036
       5200.00     0.0230934
       5210.00     0.0286198
       5220.00     0.0342484
       5230.00     0.0374806
       5240.00     0.0369179
       5250.00     0.0396424
       5260.00     0.0424605
       5270.00     0.0423128
       5280.00     0.0472481
       5290.00       0.00000
       5300.00     0.0556241
       5310.00     0.0567434
       5320.00     0.0524392
       5330.00     0.0551239
       5340.00     0.0596846
       5350.00     0.0664595
       5360.00     0.0609927
       5370.00     0.0568465
       5380.00     0.0646535
       5390.00     0.0707422
       5400.00     0.0754973
       5410.00     0.0748225
       5420.00     0.0791964
       5430.00     0.0839097
       5440.00     0.0897887
       5450.00       0.00000
       5460.00     0.0635294
       5470.00     0.0374715
       5480.00     0.0420359
       5490.00     0.0458452
       5500.00     0.0430707
       5510.00     0.0416202
       5520.00     0.0505218
       5530.00     0.0557603
       5540.00     0.0606373
       5550.00     0.0650502
       5560.00     0.0633706
       5570.00     0.0543374
       5580.00     0.0485542
       5590.00     0.0457446
       5600.00     0.0402618
       5610.00       0.00000
       5620.00     0.0338090
       5630.00     0.0332917
       5640.00     0.0340428
       5650.00     0.0403839
       5660.00     0.0413983
       5670.00     0.0441174
       5680.00     0.0461018
       5690.00     0.0511047
       5700.00     0.0561013
       5710.00     0.0650871
       5720.00     0.0645232
       5730.00     0.0682292
       5740.00     0.0634015
       5760.00     0.0603882
       5780.00       0.00000
       5800.00     0.0679051
       5820.00     0.0725370
       5840.00     0.0543377
       5860.00     0.0341650
       5880.00     0.0274710
       5900.00     0.0240511
       5920.00     0.0292041
       5940.00     0.0361317
       5960.00     0.0383319
       5980.00     0.0494389
       6000.00     0.0588307
       6020.00     0.0667063
       6040.00     0.0833731
       6060.00     0.0900538
       6080.00     0.0976960
       6100.00      0.104444
       6120.00      0.115091
       6140.00       0.00000
       6160.00      0.110322
       6180.00     0.0435434
       6200.00     0.0422612
       6220.00     0.0424305
       6240.00     0.0458113
       6260.00     0.0572611
       6280.00     0.0705030
       6300.00     0.0839673
       6320.00     0.0910840
       6340.00      0.107038
       6360.00      0.112469
       6380.00      0.125179
       6400.00      0.153445
       6420.00      0.157779
       6440.00      0.170080
       6460.00      0.201631
       6480.00      0.207712
       6500.00       0.00000
       6520.00      0.218282
       6540.00      0.250874
       6560.00      0.220090
       6580.00      0.187293
       6600.00      0.181558
       6620.00      0.167691
       6640.00      0.155798
       6660.00      0.136198
       6680.00      0.113198
       6700.00      0.109883
       6720.00      0.106443
       6740.00      0.110567
       6760.00      0.139847
       6780.00      0.150777
       6800.00      0.165807
       6820.00      0.191978
       6840.00      0.222700
       6860.00       0.00000
       6880.00      0.252928
       6900.00      0.334084
       6920.00      0.375944
       6940.00      0.421828
       6960.00      0.493754
       6980.00      0.539822
       7000.00      0.574593
       7020.00      0.581207
       7040.00      0.518767
       7060.00      0.327424
       7080.00      0.203653
       7100.00      0.186492
       7120.00      0.174263
       7140.00      0.165032
       7160.00      0.196704
       7180.00      0.234921
       7200.00      0.252189
       7220.00       0.00000
       7240.00      0.289328
       7260.00      0.419279
       7280.00      0.480891
       7300.00      0.609164
       7320.00      0.772342
       7340.00      0.856160
       7360.00      0.970563
       7380.00       1.07606
       7400.00       1.10359
       7420.00       1.12881
       7440.00       1.11063
       7460.00       1.12491
       7480.00       1.24235
       7500.00       1.31154
       7520.00       1.39363
       7540.00       1.51114
       7560.00       1.58247
       7580.00       0.00000
       7600.00       2.11735
       7620.00      0.828923
       7640.00      0.736202
       7660.00      0.641444
       7680.00      0.528327
       7700.00      0.555371
       7720.00      0.646462
       7740.00      0.695926
       7760.00      0.677547
       7780.00      0.701861
       7800.00      0.796180
       7820.00      0.838583
       7840.00      0.784320
       7860.00      0.788056
       7880.00      0.829340
       7900.00      0.835386
       7920.00      0.834902
       7940.00       0.00000
       7960.00      0.947127
       7980.00       1.00362
       8000.00       1.05541
       8020.00       1.24897
       8040.00       1.47479
       8060.00       1.67833
       8080.00       1.96488
       8100.00       2.21546
       8120.00       2.55872
       8140.00       2.88844
       8160.00       2.99769
       8180.00       2.98564
       8200.00       2.56241
       8220.00       2.35888
       8240.00       2.51912
       8260.00       2.46160
       8280.00       2.27961
       8300.00       0.00000
       8320.00       2.07373
       8340.00       2.09769
       8360.00       2.09768
       8380.00       2.09421
       8400.00       2.11259
       8420.00       2.02694
       8440.00       1.51317
       8460.00       1.10186
       8480.00       1.11027
       8500.00       1.21971
       8520.00       1.24970
       8540.00       1.36471
       8560.00       1.55774
       8580.00       1.64861
       8600.00       1.81240
       8620.00       2.05904
       8640.00       2.08966
       8660.00       0.00000
       8680.00       2.17641
       8700.00       2.52610
       8720.00       2.71698
       8740.00       2.87460
       8760.00       2.97162
       8780.00       3.09202
       8800.00       3.22760
       8820.00       3.36511
       8840.00       3.41829
       8860.00       2.67732
       8880.00       2.15203
       8900.00       2.32363
       8920.00       2.60628
       8940.00       2.62781
       8960.00       2.80258
       8980.00       3.05110
       9000.00       3.23989
       9020.00       0.00000
       9040.00       3.42346
       9060.00       3.76822
       9080.00       3.72094
       9100.00       3.82591
       9120.00       3.85986
       9140.00       3.83733
       9160.00       3.85354
       9180.00       3.98886
       9200.00       3.97669
       9220.00       3.95410
       9240.00       3.80973
       9260.00       3.61038
       9280.00       3.52979
       9300.00       3.50144
       9320.00       3.59750
       9340.00       4.18580
       9360.00       3.59931
       9380.00       0.00000
       9400.00       3.75173
       9420.00       3.94530
       9440.00       3.86195
       9460.00       4.11229
       9480.00       4.06628
       9500.00       4.05433
       9520.00       4.36353
       9540.00       4.52977
       9560.00       4.27459
       9580.00       3.98353
       9600.00       3.79758
       9620.00       3.91345
       9640.00       3.66500
       9660.00       3.68073
       9680.00       3.60997
       9700.00       3.60252
       9720.00       3.46932
       9740.00       0.00000
       9760.00       3.49466
       9780.00       3.38881
       9800.00       3.36876
       9820.00       3.41105
       9840.00       3.39758
       9860.00       3.36458
       9880.00       3.62808
       9900.00       3.64675
       9920.00       3.61021
       9940.00       3.70653
       9960.00       3.76693
       9980.00       3.80775
       10000.0       3.93849
       10020.0       3.96917
       10040.0       3.98690
       10060.0       3.92460
       10080.0       3.92958
       10100.0       0.00000
       10120.0       3.99036
       10140.0       3.72228
       10160.0       3.75612
       10180.0       3.68237
       10200.0       3.75086
       10220.0       3.75926
       10240.0       3.93103
       10260.0       3.96727
       10280.0       3.91886
       10300.0       3.96124
       10320.0       3.94421
       10340.0       4.00193
       10360.0       4.12465
       10380.0       4.11980
       10400.0       4.15829
       10420.0       4.16575
       10440.0       4.10229
       10460.0       0.00000
       10480.0       4.17567
       10500.0       3.68966
       10520.0       3.66123
       10540.0       3.57491
       10560.0       3.55290
       10580.0       3.47319
       10600.0       3.69431
       10620.0       3.78128
