       3160.00      0.648784
       3170.00       1.12353
       3180.00      0.881726
       3190.00      0.816058
       3200.00       1.51534
       3210.00       1.24841
       3220.00      0.937543
       3230.00      0.523019
       3240.00      0.746717
       3250.00      0.987895
       3260.00       1.32281
       3270.00      0.962506
       3280.00      0.890407
       3290.00       1.21640
       3300.00       1.22649
       3310.00       1.11811
       3320.00       1.05951
       3330.00       1.09641
       3340.00       1.05273
       3350.00       1.14357
       3360.00      0.980707
       3370.00      0.853428
       3380.00      0.946536
       3390.00       1.18139
       3400.00       1.17472
       3410.00       1.13055
       3420.00       1.18909
       3430.00       1.21776
       3440.00       1.08333
       3450.00       1.10569
       3460.00       1.20292
       3470.00       1.11883
       3480.00       1.14076
       3490.00       1.11072
       3500.00       1.18945
       3510.00       1.28674
       3520.00       1.19533
       3530.00       1.34456
       3540.00       1.43528
       3550.00       1.36929
       3560.00      0.997528
       3570.00      0.958599
       3580.00      0.811098
       3590.00       1.04082
       3600.00       1.30084
       3610.00       1.38281
       3620.00       1.48139
       3630.00       1.54266
       3640.00       1.50176
       3650.00       1.74545
       3660.00       2.02832
       3670.00       1.88543
       3680.00       1.82927
       3690.00       1.88994
       3700.00       1.96766
       3710.00       1.87709
       3720.00       1.68869
       3730.00       1.36085
       3740.00       1.27990
       3750.00       1.46562
       3760.00       1.62604
       3770.00       1.75676
       3780.00       1.92732
       3790.00       1.67185
       3800.00       1.53738
       3810.00       1.54502
       3820.00       1.12565
       3830.00      0.933529
       3840.00       1.08208
       3850.00       1.07259
       3860.00       1.13422
       3870.00       1.20511
       3880.00       1.26098
       3890.00       1.69494
       3900.00       1.99855
       3910.00       2.25637
       3920.00       1.90136
       3930.00       1.20834
       3940.00       1.28957
       3950.00       2.09963
       3960.00       1.85594
       3970.00       1.54749
       3980.00       2.45263
       3990.00       3.20706
       4000.00       3.49930
       4010.00       3.70381
       4020.00       3.88639
       4030.00       3.88779
       4040.00       3.52093
       4050.00       3.55739
       4060.00       3.63385
       4070.00       3.51441
       4080.00       3.96734
       4090.00       4.09661
       4100.00       3.94678
       4110.00       3.88186
       4120.00       3.83405
       4130.00       3.70150
       4140.00       3.45618
       4150.00       3.36448
       4160.00       3.54055
       4170.00       3.43843
       4180.00       3.58865
       4190.00       3.65204
       4200.00       3.65158
       4210.00       4.13716
       4220.00       4.22456
       4230.00       4.18653
       4240.00       4.59631
       4250.00       4.53781
       4260.00       4.55849
       4270.00       4.39965
       4280.00       4.23925
       4290.00       4.04618
       4300.00       3.36551
       4310.00       3.89324
       4320.00       4.81895
       4330.00       4.80326
       4340.00       5.03932
       4350.00       5.36178
       4360.00       5.40503
       4370.00       5.35986
       4380.00       4.64348
       4390.00       4.82768
       4400.00       5.19301
       4410.00       5.09830
       4420.00       5.63581
       4430.00       5.57846
       4440.00       5.65718
       4450.00       5.60226
       4460.00       5.44231
       4470.00       5.82156
       4480.00       6.19249
       4490.00       6.02129
       4500.00       6.44285
       4510.00       6.91952
       4520.00       6.18799
       4530.00       6.13505
       4540.00       6.42963
       4550.00       6.63492
       4560.00       6.83065
       4570.00       6.92385
       4580.00       6.80082
       4590.00       6.65463
       4600.00       6.70248
       4610.00       7.23366
       4620.00       7.51648
       4630.00       7.14156
       4640.00       6.95894
       4650.00       6.75159
       4660.00       7.03831
       4670.00       6.91952
       4680.00       6.95649
       4690.00       7.11132
       4700.00       7.09304
       4710.00       7.16822
       4720.00       7.49650
       4730.00       7.44826
       4740.00       7.66507
       4750.00       7.80710
       4760.00       7.64117
       4770.00       7.71323
       4780.00       7.87908
       4790.00       7.89152
       4800.00       7.91009
       4810.00       8.11559
       4820.00       8.11414
       4830.00       7.86300
       4840.00       7.56389
       4850.00       7.53403
       4860.00       7.11784
       4870.00       7.15904
       4880.00       7.49683
       4890.00       7.63210
       4900.00       7.96956
       4910.00       7.75502
       4920.00       7.50519
       4930.00       7.61529
       4940.00       8.01108
       4950.00       8.08676
       4960.00       8.24384
       4970.00       8.14769
       4980.00       8.05888
       4990.00       7.91397
       5000.00       7.66387
       5010.00       7.53709
       5020.00       7.78693
       5030.00       8.08588
       5040.00       8.11397
       5050.00       8.37781
       5060.00       8.49507
       5070.00       8.19171
       5080.00       8.04132
       5090.00       8.07796
       5100.00       7.83244
       5110.00       7.83452
       5120.00       7.77095
       5130.00       7.51301
       5140.00       7.71667
       5150.00       7.70457
       5160.00       7.33427
       5170.00       6.96732
       5180.00       7.40710
       5190.00       7.73471
       5200.00       7.83674
       5210.00       7.89664
       5220.00       7.92791
       5230.00       7.90803
       5240.00       8.31645
       5250.00       8.23565
       5260.00       7.69097
       5270.00       7.39596
       5280.00       8.31616
       5290.00       8.45367
       5300.00       8.90026
       5310.00       9.11806
       5320.00       8.43573
       5330.00       8.30306
       5340.00       8.74752
       5350.00       9.06929
       5360.00       9.24878
       5370.00       8.94255
       5380.00       8.92409
       5390.00       8.76265
       5400.00       8.24211
       5410.00       8.42421
       5420.00       8.69591
       5430.00       8.60162
       5440.00       8.96013
       5450.00       8.77773
       5460.00       8.98615
       5470.00       8.90286
       5480.00       8.55831
       5490.00       8.82721
       5500.00       9.16612
       5510.00       8.95663
       5520.00       9.06128
       5530.00       9.01808
       5540.00       9.15347
       5550.00       9.19041
       5560.00       9.30722
       5570.00       9.05980
       5580.00       9.19415
       5590.00       8.80546
       5600.00       8.86123
       5610.00       9.25951
       5620.00       9.29580
       5630.00       9.20906
       5640.00       9.21902
       5650.00       9.15022
       5660.00       9.36109
       5670.00       9.34458
       5680.00       9.68490
       5690.00       9.68525
       5700.00       9.56421
       5710.00       9.16660
       5720.00       9.72086
       5730.00       9.89366
       5740.00       9.80754
       5760.00       9.79923
       5780.00       9.72256
       5800.00       10.2770
       5820.00       10.3521
       5840.00       10.0966
       5860.00       10.1971
       5880.00       9.86822
       5900.00       10.0023
       5920.00       10.1772
       5940.00       10.2844
       5960.00       10.2167
       5980.00       10.4388
       6000.00       10.1981
       6020.00       10.3120
       6040.00       10.3842
       6060.00       10.4478
       6080.00       10.4703
       6100.00       10.4441
       6120.00       10.4019
       6140.00       9.93333
       6160.00       10.0776
       6180.00       10.4529
       6200.00       10.1082
       6220.00       10.1790
       6240.00       9.89295
       6260.00       9.88503
       6280.00       10.0503
       6300.00       10.0655
       6320.00       10.0258
       6340.00       9.99417
       6360.00       10.1259
       6380.00       10.1407
       6400.00       10.0858
       6420.00       10.2007
       6440.00       10.3685
       6460.00       10.1834
       6480.00       10.1749
       6500.00       10.1588
       6520.00       10.6279
       6540.00       10.3687
       6560.00       10.3070
       6580.00       10.6888
       6600.00       10.7163
       6620.00       10.7436
       6640.00       10.6666
       6660.00       10.7162
       6680.00       10.6471
       6700.00       10.6670
       6720.00       10.6058
       6740.00       10.5743
       6760.00       10.4261
       6780.00       10.5265
       6800.00       10.6773
       6820.00       10.6967
       6840.00       11.1062
       6860.00       10.5623
       6880.00       10.3951
       6900.00       11.0096
       6920.00       10.8493
       6940.00       10.7681
       6960.00       10.5952
       6980.00       10.3595
       7000.00       10.2169
       7020.00       10.2019
       7040.00       10.6713
       7060.00       10.6901
       7080.00       10.5692
       7100.00       10.4002
       7120.00       10.3710
       7140.00       10.3419
       7160.00       10.6167
       7180.00       10.4633
       7200.00       10.4342
       7220.00       10.3711
       7240.00       10.4790
       7260.00       10.4569
       7280.00       10.1498
       7300.00       10.4335
       7320.00       10.5602
       7340.00       10.4103
       7360.00       10.4894
       7380.00       10.7289
       7400.00       10.4661
       7420.00       10.6777
       7440.00       10.7486
       7460.00       10.7861
       7480.00       10.6780
       7500.00       10.7417
       7520.00       11.2127
       7540.00       11.4255
       7560.00       11.6175
       7580.00       10.4458
       7600.00       8.79898
       7620.00       11.4742
       7640.00       10.9136
       7660.00       10.9497
       7680.00       9.95583
       7700.00       10.3408
       7720.00       10.3524
       7740.00       10.8557
       7760.00       10.7958
       7780.00       10.8824
       7800.00       10.7848
       7820.00       10.6624
       7840.00       10.5848
       7860.00       10.5013
       7880.00       10.4621
       7900.00       10.1040
       7920.00       10.0286
       7940.00       9.97218
       7960.00       10.2514
       7980.00       10.5539
       8000.00       10.2434
       8020.00       10.2610
       8040.00       10.5059
       8060.00       10.4308
       8080.00       10.3560
       8100.00       9.98267
       8120.00       10.1955
       8140.00       10.3283
       8160.00       10.1091
       8180.00       9.83670
       8200.00       10.0900
       8220.00       10.4923
       8240.00       10.7968
       8260.00       10.2859
       8280.00       10.5297
       8300.00       10.5937
       8320.00       9.93256
       8340.00       10.5369
       8360.00       10.0151
       8380.00       10.6105
       8400.00       10.3087
       8420.00       10.6305
       8440.00       10.5760
       8460.00       10.8315
       8480.00       10.2231
       8500.00       10.2107
       8520.00       9.57758
       8540.00       9.69984
       8560.00       10.6241
       8580.00       10.2249
       8600.00       10.2011
       8620.00       10.7050
       8640.00       9.81639
       8660.00       9.24011
       8680.00       10.6993
       8700.00       10.5384
       8720.00       10.2761
       8740.00       10.2017
       8760.00       10.2348
       8780.00       10.7688
       8800.00       10.3793
       8820.00       10.6528
       8840.00       10.1478
       8860.00       10.0635
       8880.00       10.3693
       8900.00       10.1960
       8920.00       9.99585
       8940.00       9.96796
       8960.00       9.91262
       8980.00       10.0061
       9000.00       9.87954
       9020.00       10.3015
       9040.00       10.2349
       9060.00       10.0432
       9080.00       9.62376
       9100.00       10.3847
       9120.00       9.74955
       9140.00       9.77688
       9160.00       9.63143
       9180.00       9.55123
       9200.00       9.28871
       9220.00       9.54195
       9240.00       9.58549
       9260.00       9.29257
       9280.00       9.26722
       9300.00       8.95499
       9320.00       8.81911
       9340.00       9.64161
       9360.00       8.77086
       9380.00       9.07358
       9400.00       9.00695
       9420.00       8.67302
       9440.00       7.82216
       9460.00       8.22360
       9480.00       8.96744
       9500.00       9.15666
       9520.00       8.99725
       9540.00       9.60009
       9560.00       8.86654
       9580.00       9.20918
       9600.00       8.90168
       9620.00       9.03217
       9640.00       8.85449
       9660.00       8.85151
       9680.00       8.84854
       9700.00       8.99844
       9720.00       8.86297
       9740.00       9.83937
       9760.00       9.32799
       9780.00       9.48074
       9800.00       9.63287
       9820.00       9.49748
       9840.00       9.11151
       9860.00       9.23338
       9880.00       9.45982
       9900.00       9.50561
       9920.00       9.34196
       9940.00       9.28835
       9960.00       9.62699
       9980.00       9.53837
       10000.0       10.0481
       10020.0       9.78638
       10040.0       9.46659
       10060.0       9.71799
       10080.0       9.18386
       10100.0       8.78398
       10120.0       9.27455
       10140.0       9.28550
       10160.0       9.42289
       10180.0       9.61315
       10200.0       9.55069
       10220.0       9.16445
       10240.0       9.45546
       10260.0       9.22507
       10280.0       9.22155
       10300.0       9.50595
       10320.0       9.20017
       10340.0       9.41660
       10360.0       9.72283
       10380.0       9.39459
       10400.0       9.57613
       10420.0       9.45339
       10440.0       9.15597
       10460.0       9.31329
       10480.0       8.75316
       10500.0       9.00480
       10520.0       8.87022
       10540.0       9.03627
       10560.0       9.01448
       10580.0       8.93671
       10600.0       9.19495
       10620.0       9.20090
