       3160.00     0.0647994
       3170.00     0.0703964
       3180.00     0.0662908
       3190.00     0.0678555
       3200.00     0.0718637
       3210.00     0.0685102
       3220.00     0.0682292
       3230.00     0.0611346
       3240.00     0.0653343
       3250.00     0.0833760
       3260.00     0.0910180
       3270.00     0.0969512
       3280.00     0.0962707
       3290.00      0.110428
       3300.00      0.109079
       3310.00      0.103061
       3320.00      0.100154
       3330.00      0.101172
       3340.00     0.0998502
       3350.00     0.0994538
       3360.00     0.0943707
       3370.00     0.0961269
       3380.00      0.107439
       3390.00      0.113292
       3400.00      0.117383
       3410.00      0.120725
       3420.00      0.127291
       3430.00      0.125431
       3440.00      0.116640
       3450.00      0.120742
       3460.00      0.130198
       3470.00      0.127386
       3480.00      0.125238
       3490.00      0.130196
       3500.00      0.139940
       3510.00      0.141950
       3520.00      0.141999
       3530.00      0.149886
       3540.00      0.161124
       3550.00      0.150897
       3560.00      0.135531
       3570.00      0.123972
       3580.00      0.116833
       3590.00      0.141876
       3600.00      0.152126
       3610.00      0.150777
       3620.00      0.160900
       3630.00      0.171648
       3640.00      0.163635
       3650.00      0.180183
       3660.00      0.197989
       3670.00      0.192215
       3680.00      0.189007
       3690.00      0.190578
       3700.00      0.186798
       3710.00      0.181856
       3720.00      0.170151
       3730.00      0.154094
       3740.00      0.147958
       3750.00      0.164984
       3760.00      0.187614
       3770.00      0.210997
       3780.00      0.215086
       3790.00      0.195544
       3800.00      0.196907
       3810.00      0.184863
       3820.00      0.139858
       3830.00      0.131065
       3840.00      0.147250
       3850.00      0.152714
       3860.00      0.148336
       3870.00      0.154761
       3880.00      0.168228
       3890.00      0.200537
       3900.00      0.214380
       3910.00      0.218325
       3920.00      0.183597
       3930.00      0.147370
       3940.00      0.172772
       3950.00      0.219588
       3960.00      0.183683
       3970.00      0.192485
       3980.00      0.306210
       3990.00      0.352222
       4000.00      0.375359
       4010.00      0.388660
       4020.00      0.389469
       4030.00      0.400217
       4040.00      0.397053
       4050.00      0.393903
       4060.00      0.394556
       4070.00      0.388865
       4080.00      0.430565
       4090.00      0.432600
       4100.00      0.419628
       4110.00      0.432498
       4120.00      0.439043
       4130.00      0.429207
       4140.00      0.424988
       4150.00      0.432695
       4160.00      0.438253
       4170.00      0.425090
       4180.00      0.427882
       4190.00      0.429219
       4200.00      0.436693
       4210.00      0.463300
       4220.00      0.445291
       4230.00      0.437230
       4240.00      0.463000
       4250.00      0.456227
       4260.00      0.452321
       4270.00      0.449076
       4280.00      0.437766
       4290.00      0.408593
       4300.00      0.373811
       4310.00      0.429751
       4320.00      0.493438
       4330.00      0.481015
       4340.00      0.503813
       4350.00      0.528274
       4360.00      0.533106
       4370.00      0.499475
       4380.00      0.478407
       4390.00      0.521335
       4400.00      0.538365
       4410.00      0.563162
       4420.00      0.586107
       4430.00      0.594698
       4440.00      0.614872
       4450.00      0.601647
       4460.00      0.596852
       4470.00      0.643782
       4480.00      0.665259
       4490.00      0.673314
       4500.00      0.696217
       4510.00      0.712931
       4520.00      0.676740
       4530.00      0.661673
       4540.00      0.694315
       4550.00      0.706543
       4560.00      0.719681
       4570.00      0.717025
       4580.00      0.714741
       4590.00      0.713781
       4600.00      0.733831
       4610.00      0.747362
       4620.00      0.753825
       4630.00      0.752078
       4640.00      0.739809
       4650.00      0.743412
       4660.00      0.734160
       4670.00      0.739053
       4680.00      0.754013
       4690.00      0.760131
       4700.00      0.762018
       4710.00      0.775202
       4720.00      0.785307
       4730.00      0.785968
       4740.00      0.800988
       4750.00      0.794909
       4760.00      0.792086
       4770.00      0.804006
       4780.00      0.814498
       4790.00      0.818299
       4800.00      0.821169
       4810.00      0.829391
       4820.00      0.830973
       4830.00      0.813681
       4840.00      0.813475
       4850.00      0.798215
       4860.00      0.778499
       4870.00      0.811394
       4880.00      0.818056
       4890.00      0.841306
       4900.00      0.853481
       4910.00      0.825357
       4920.00      0.828365
       4930.00      0.823901
       4940.00      0.837569
       4950.00      0.842199
       4960.00      0.840943
       4970.00      0.825776
       4980.00      0.819598
       4990.00      0.833467
       5000.00      0.812696
       5010.00      0.813813
       5020.00      0.839750
       5030.00      0.824111
       5040.00      0.821386
       5050.00      0.845632
       5060.00      0.834088
       5070.00      0.809488
       5080.00      0.825401
       5090.00      0.826692
       5100.00      0.805372
       5110.00      0.816365
       5120.00      0.813056
       5130.00      0.803766
       5140.00      0.801668
       5150.00      0.816527
       5160.00      0.767389
       5170.00      0.742013
       5180.00      0.803850
       5190.00      0.833610
       5200.00      0.837603
       5210.00      0.847901
       5220.00      0.850799
       5230.00      0.865022
       5240.00      0.877410
       5250.00      0.867896
       5260.00      0.835563
       5270.00      0.849706
       5280.00      0.910688
       5290.00      0.913325
       5300.00      0.917506
       5310.00      0.934698
       5320.00      0.903531
       5330.00      0.900703
       5340.00      0.930577
       5350.00      0.947103
       5360.00      0.942878
       5370.00      0.952776
       5380.00      0.964678
       5390.00      0.940787
       5400.00      0.921356
       5410.00      0.932641
       5420.00      0.989363
       5430.00      0.976420
       5440.00       1.00339
       5450.00      0.997213
       5460.00      0.994180
       5470.00      0.992162
       5480.00      0.987045
       5490.00       1.01295
       5500.00       1.01809
       5510.00       1.01126
       5520.00       1.02236
       5530.00       1.01852
       5540.00       1.03452
       5550.00       1.03661
       5560.00       1.03673
       5570.00       1.02599
       5580.00       1.02219
       5590.00       1.01447
       5600.00       1.03520
       5610.00       1.04412
       5620.00       1.05105
       5630.00       1.05309
       5640.00       1.05609
       5650.00       1.05713
       5660.00       1.05333
       5670.00       1.06599
       5680.00       1.07571
       5690.00       1.06707
       5700.00       1.06231
       5710.00       1.03737
       5720.00       1.07299
       5730.00       1.09028
       5740.00       1.11611
       5760.00       1.11414
       5780.00       1.14163
       5800.00       1.13864
       5820.00       1.16208
       5840.00       1.15246
       5860.00       1.15977
       5880.00       1.14089
       5900.00       1.13051
       5920.00       1.16471
       5940.00       1.18574
       5960.00       1.17439
       5980.00       1.18699
       6000.00       1.17114
       6020.00       1.18913
       6040.00       1.20155
       6060.00       1.20574
       6080.00       1.19546
       6100.00       1.19514
       6120.00       1.19930
       6140.00       1.17930
       6160.00       1.18973
       6180.00       1.20543
       6200.00       1.22367
       6220.00       1.21003
       6240.00       1.21319
       6260.00       1.21019
       6280.00       1.20459
       6300.00       1.22255
       6320.00       1.22215
       6340.00       1.23648
       6360.00       1.25504
       6380.00       1.24680
       6400.00       1.25491
       6420.00       1.25870
       6440.00       1.25905
       6460.00       1.26535
       6480.00       1.25552
       6500.00       1.25419
       6520.00       1.28402
       6540.00       1.24903
       6560.00       1.24857
       6580.00       1.26897
       6600.00       1.27511
       6620.00       1.28121
       6640.00       1.28644
       6660.00       1.28753
       6680.00       1.29682
       6700.00       1.27246
       6720.00       1.27195
       6740.00       1.27061
       6760.00       1.25386
       6780.00       1.25502
       6800.00       1.25698
       6820.00       1.25490
       6840.00       1.27852
       6860.00       1.24279
       6880.00       1.23040
       6900.00       1.25468
       6920.00       1.26850
       6940.00       1.26089
       6960.00       1.27383
       6980.00       1.25367
       7000.00       1.25871
       7020.00       1.26764
       7040.00       1.27729
       7060.00       1.29311
       7080.00       1.29024
       7100.00       1.28506
       7120.00       1.29532
       7140.00       1.29016
       7160.00       1.30802
       7180.00       1.29444
       7200.00       1.27331
       7220.00       1.28879
       7240.00       1.27765
       7260.00       1.27791
       7280.00       1.28495
       7300.00       1.29948
       7320.00       1.29893
       7340.00       1.29988
       7360.00       1.30828
       7380.00       1.30845
       7400.00       1.29676
       7420.00       1.29326
       7440.00       1.30676
       7460.00       1.31503
       7480.00       1.31665
       7500.00       1.31314
       7520.00       1.31768
       7540.00       1.30908
       7560.00       1.28384
       7580.00       1.27972
       7600.00       1.26047
       7620.00       1.39476
       7640.00       1.33722
       7660.00       1.31366
       7680.00       1.22303
       7700.00       1.26548
       7720.00       1.28923
       7740.00       1.31072
       7760.00       1.31159
       7780.00       1.30257
       7800.00       1.30416
       7820.00       1.30925
       7840.00       1.30731
       7860.00       1.29979
       7880.00       1.30415
       7900.00       1.29946
       7920.00       1.29271
       7940.00       1.29706
       7960.00       1.30484
       7980.00       1.32014
       8000.00       1.31822
       8020.00       1.33067
       8040.00       1.33009
       8060.00       1.32543
       8080.00       1.30652
       8100.00       1.30262
       8120.00       1.34268
       8140.00       1.33129
       8160.00       1.30381
       8180.00       1.28787
       8200.00       1.36038
       8220.00       1.30564
       8240.00       1.30647
       8260.00       1.32923
       8280.00       1.27165
       8300.00       1.27851
       8320.00       1.27213
       8340.00       1.29739
       8360.00       1.31595
       8380.00       1.34622
       8400.00       1.35674
       8420.00       1.31962
       8440.00       1.33925
       8460.00       1.33998
       8480.00       1.30510
       8500.00       1.29363
       8520.00       1.23261
       8540.00       1.25543
       8560.00       1.33202
       8580.00       1.34299
       8600.00       1.34115
       8620.00       1.33103
       8640.00       1.27394
       8660.00       1.26149
       8680.00       1.31930
       8700.00       1.34088
       8720.00       1.34095
       8740.00       1.34542
       8760.00       1.31728
       8780.00       1.28051
       8800.00       1.31628
       8820.00       1.28653
       8840.00       1.33206
       8860.00       1.32843
       8880.00       1.30504
       8900.00       1.29347
       8920.00       1.28996
       8940.00       1.28216
       8960.00       1.28481
       8980.00       1.28195
       9000.00       1.25531
       9020.00       1.31157
       9040.00       1.35360
       9060.00       1.31971
       9080.00       1.27569
       9100.00       1.30788
       9120.00       1.29538
       9140.00       1.26912
       9160.00       1.25616
       9180.00       1.28033
       9200.00       1.31395
       9220.00       1.28371
       9240.00       1.25598
       9260.00       1.21592
       9280.00       1.18963
       9300.00       1.12628
       9320.00       1.08675
       9340.00       1.20609
       9360.00       1.13900
       9380.00       1.17871
       9400.00       1.27490
       9420.00       1.12533
       9440.00       1.08050
       9460.00       1.19485
       9480.00       1.18770
       9500.00       1.17133
       9520.00       1.20001
       9540.00       1.20037
       9560.00       1.18006
       9580.00       1.21370
       9600.00       1.20259
       9620.00       1.22577
       9640.00       1.24430
       9660.00       1.27354
       9680.00       1.28679
       9700.00       1.25528
       9720.00       1.24761
       9740.00       1.26083
       9760.00       1.26218
       9780.00       1.29047
       9800.00       1.31473
       9820.00       1.31876
       9840.00       1.32166
       9860.00       1.29281
       9880.00       1.28741
       9900.00       1.28925
       9920.00       1.29495
       9940.00       1.27467
       9960.00       1.27377
       9980.00       1.29707
       10000.0       1.30381
       10020.0       1.29079
       10040.0       1.29916
       10060.0       1.31731
       10080.0       1.29999
       10100.0       1.30448
       10120.0       1.29974
       10140.0       1.29609
       10160.0       1.30867
       10180.0       1.30232
       10200.0       1.29439
       10220.0       1.28702
       10240.0       1.27539
       10260.0       1.28200
       10280.0       1.27951
       10300.0       1.26050
       10320.0       1.27455
       10340.0       1.26306
       10360.0       1.27970
       10380.0       1.27882
       10400.0       1.29589
       10420.0       1.28444
       10440.0       1.27830
       10460.0       1.27901
       10480.0       1.30747
       10500.0       1.29139
       10520.0       1.30615
       10540.0       1.33336
       10560.0       1.33448
       10580.0       1.27851
       10600.0       1.29889
       10620.0       1.30006
