       3160.00    0.00178394
       3170.00    0.00400322
       3180.00    0.00240889
       3190.00    0.00388513
       3200.00    0.00459917
       3210.00    0.00263898
       3220.00    0.00275618
       3230.00    0.00181391
       3240.00    0.00336737
       3250.00    0.00488085
       3260.00    0.00571520
       3270.00    0.00433944
       3280.00    0.00530099
       3290.00    0.00603378
       3300.00    0.00640504
       3310.00    0.00460566
       3320.00    0.00578317
       3330.00    0.00507787
       3340.00    0.00585710
       3350.00    0.00557149
       3360.00    0.00507913
       3370.00    0.00426447
       3380.00    0.00622662
       3390.00    0.00630063
       3400.00    0.00710856
       3410.00    0.00697413
       3420.00    0.00684772
       3430.00    0.00680854
       3440.00    0.00631684
       3450.00    0.00598802
       3460.00    0.00741398
       3470.00    0.00691766
       3480.00    0.00703512
       3490.00    0.00712594
       3500.00    0.00800732
       3510.00    0.00838596
       3520.00    0.00758725
       3530.00    0.00732298
       3540.00    0.00927161
       3550.00    0.00908533
       3560.00    0.00771264
       3570.00    0.00557208
       3580.00    0.00427212
       3590.00    0.00715469
       3600.00    0.00847159
       3610.00    0.00787518
       3620.00     0.0100455
       3630.00     0.0107625
       3640.00    0.00928177
       3650.00     0.0121303
       3660.00     0.0137903
       3670.00     0.0134967
       3680.00     0.0126002
       3690.00     0.0129524
       3700.00     0.0125388
       3710.00     0.0114544
       3720.00     0.0103559
       3730.00    0.00885236
       3740.00    0.00701976
       3750.00    0.00822941
       3760.00    0.00940414
       3770.00     0.0120458
       3780.00     0.0127835
       3790.00     0.0107538
       3800.00     0.0107754
       3810.00     0.0100853
       3820.00    0.00772484
       3830.00    0.00647614
       3840.00    0.00830263
       3850.00    0.00901093
       3860.00    0.00862680
       3870.00    0.00883873
       3880.00    0.00924284
       3890.00     0.0121678
       3900.00     0.0130938
       3910.00     0.0129760
       3920.00     0.0111771
       3930.00    0.00748136
       3940.00     0.0100453
       3950.00     0.0146888
       3960.00     0.0118924
       3970.00     0.0116424
       3980.00     0.0203877
       3990.00     0.0255680
       4000.00     0.0292122
       4010.00     0.0338863
       4020.00     0.0348680
       4030.00     0.0332683
       4040.00     0.0310851
       4050.00     0.0314763
       4060.00     0.0328195
       4070.00     0.0338929
       4080.00     0.0384754
       4090.00     0.0393887
       4100.00     0.0360367
       4110.00     0.0363700
       4120.00     0.0365018
       4130.00     0.0357151
       4140.00     0.0320460
       4150.00     0.0325446
       4160.00     0.0372007
       4170.00     0.0342066
       4180.00     0.0365495
       4190.00     0.0363836
       4200.00     0.0360419
       4210.00     0.0399689
       4220.00     0.0371209
       4230.00     0.0379097
       4240.00     0.0463523
       4250.00     0.0441879
       4260.00     0.0439295
       4270.00     0.0446564
       4280.00     0.0450527
       4290.00     0.0413365
       4300.00     0.0396114
       4310.00     0.0499395
       4320.00     0.0580071
       4330.00     0.0557226
       4340.00     0.0594486
       4350.00     0.0622482
       4360.00     0.0618786
       4370.00     0.0599833
       4380.00     0.0535814
       4390.00     0.0565565
       4400.00     0.0579450
       4410.00     0.0608407
       4420.00     0.0659978
       4430.00     0.0651419
       4440.00     0.0683359
       4450.00     0.0676454
       4460.00     0.0676784
       4470.00     0.0786986
       4480.00     0.0820729
       4490.00     0.0826609
       4500.00     0.0872201
       4510.00     0.0915945
       4520.00     0.0808361
       4530.00     0.0779655
       4540.00     0.0846547
       4550.00     0.0871128
       4560.00     0.0901203
       4570.00     0.0905002
       4580.00     0.0928934
       4590.00     0.0908419
       4600.00     0.0938331
       4610.00      0.101834
       4620.00      0.103950
       4630.00     0.0997213
       4640.00     0.0951020
       4650.00     0.0958899
       4660.00     0.0974171
       4670.00     0.0959027
       4680.00      0.101473
       4690.00     0.0997282
       4700.00      0.100445
       4710.00      0.101702
       4720.00      0.104594
       4730.00      0.102996
       4740.00      0.104726
       4750.00      0.107316
       4760.00      0.103646
       4770.00      0.105121
       4780.00      0.105970
       4790.00      0.106781
       4800.00      0.112481
       4810.00      0.113789
       4820.00      0.114630
       4830.00      0.114444
       4840.00      0.112744
       4850.00      0.112341
       4860.00      0.106345
       4870.00      0.111745
       4880.00      0.108358
       4890.00      0.111507
       4900.00      0.117031
       4910.00      0.112127
       4920.00      0.114361
       4930.00      0.116703
       4940.00      0.120086
       4950.00      0.122308
       4960.00      0.117542
       4970.00      0.119395
       4980.00      0.117169
       4990.00      0.115217
       5000.00      0.113800
       5010.00      0.109576
       5020.00      0.111853
       5030.00      0.113940
       5040.00      0.114957
       5050.00      0.119543
       5060.00      0.117597
       5070.00      0.108393
       5080.00      0.109088
       5090.00      0.109716
       5100.00      0.106479
       5110.00      0.106125
       5120.00      0.107013
       5130.00      0.104700
       5140.00      0.105025
       5150.00      0.105429
       5160.00      0.101632
       5170.00     0.0930990
       5180.00     0.0971190
       5190.00      0.108014
       5200.00      0.105255
       5210.00      0.110304
       5220.00      0.118807
       5230.00      0.120975
       5240.00      0.126028
       5250.00      0.126023
       5260.00      0.115162
       5270.00      0.116523
       5280.00      0.132845
       5290.00      0.134728
       5300.00      0.138952
       5310.00      0.142787
       5320.00      0.134278
       5330.00      0.132248
       5340.00      0.138081
       5350.00      0.144923
       5360.00      0.148358
       5370.00      0.144015
       5380.00      0.145723
       5390.00      0.138038
       5400.00      0.133113
       5410.00      0.138990
       5420.00      0.147004
       5430.00      0.141574
       5440.00      0.145252
       5450.00      0.149854
       5460.00      0.150727
       5470.00      0.145525
       5480.00      0.143004
       5490.00      0.147442
       5500.00      0.148013
       5510.00      0.149060
       5520.00      0.151671
       5530.00      0.155718
       5540.00      0.157966
       5550.00      0.160205
       5560.00      0.160362
       5570.00      0.160518
       5580.00      0.160673
       5590.00      0.155374
       5600.00      0.156126
       5610.00      0.162605
       5620.00      0.161582
       5630.00      0.162466
       5640.00      0.164224
       5650.00      0.165100
       5660.00      0.163498
       5670.00      0.163355
       5680.00      0.169450
       5690.00      0.169298
       5700.00      0.167989
       5710.00      0.159613
       5720.00      0.168410
       5730.00      0.176601
       5740.00      0.173709
       5760.00      0.173964
       5780.00      0.170368
       5800.00      0.176316
       5820.00      0.183922
       5840.00      0.186820
       5860.00      0.182526
       5880.00      0.175038
       5900.00      0.172769
       5920.00      0.185966
       5940.00      0.190056
       5960.00      0.191631
       5980.00      0.188923
       6000.00      0.189667
       6020.00      0.191637
       6040.00      0.194823
       6060.00      0.197579
       6080.00      0.188526
       6100.00      0.187098
       6120.00      0.188237
       6140.00      0.190979
       6160.00      0.197716
       6180.00      0.193876
       6200.00      0.199232
       6220.00      0.195014
       6240.00      0.191087
       6260.00      0.190345
       6280.00      0.197875
       6300.00      0.199993
       6320.00      0.199360
       6340.00      0.200161
       6360.00      0.201734
       6380.00      0.202135
       6400.00      0.203950
       6420.00      0.202929
       6440.00      0.202171
       6460.00      0.203459
       6480.00      0.200415
       6500.00      0.201573
       6520.00      0.210054
       6540.00      0.205884
       6560.00      0.203246
       6580.00      0.209767
       6600.00      0.213252
       6620.00      0.214972
       6640.00      0.212587
       6660.00      0.214052
       6680.00      0.217606
       6700.00      0.215849
       6720.00      0.219376
       6740.00      0.220804
       6760.00      0.220150
       6780.00      0.225213
       6800.00      0.226975
       6820.00      0.226913
       6840.00      0.232996
       6860.00      0.219944
       6880.00      0.222299
       6900.00      0.226790
       6920.00      0.228278
       6940.00      0.226789
       6960.00      0.225664
       6980.00      0.231865
       7000.00      0.230378
       7020.00      0.229839
       7040.00      0.232815
       7060.00      0.234723
       7080.00      0.229521
       7100.00      0.226089
       7120.00      0.226032
       7140.00      0.227246
       7160.00      0.228107
       7180.00      0.225865
       7200.00      0.223292
       7220.00      0.226782
       7240.00      0.228091
       7260.00      0.227008
       7280.00      0.228762
       7300.00      0.230957
       7320.00      0.234379
       7340.00      0.228688
       7360.00      0.231089
       7380.00      0.233366
       7400.00      0.235185
       7420.00      0.234774
       7440.00      0.237022
       7460.00      0.238817
       7480.00      0.233992
       7500.00      0.235016
       7520.00      0.237021
       7540.00      0.234862
       7560.00      0.239037
       7580.00      0.227209
       7600.00      0.198962
       7620.00      0.219203
       7640.00      0.230170
       7660.00      0.247104
       7680.00      0.231439
       7700.00      0.236724
       7720.00      0.238353
       7740.00      0.240505
       7760.00      0.239991
       7780.00      0.242763
       7800.00      0.243726
       7820.00      0.242049
       7840.00      0.237017
       7860.00      0.237147
       7880.00      0.234036
       7900.00      0.229167
       7920.00      0.223594
       7940.00      0.223757
       7960.00      0.229717
       7980.00      0.232652
       8000.00      0.232791
       8020.00      0.229848
       8040.00      0.232761
       8060.00      0.229423
       8080.00      0.233138
       8100.00      0.226560
       8120.00      0.230467
       8140.00      0.227978
       8160.00      0.230448
       8180.00      0.231497
       8200.00      0.238972
       8220.00      0.228766
       8240.00      0.231511
       8260.00      0.243920
       8280.00      0.236563
       8300.00      0.234504
       8320.00      0.233544
       8340.00      0.228439
       8360.00      0.227104
       8380.00      0.238165
       8400.00      0.230829
       8420.00      0.233706
       8440.00      0.231102
       8460.00      0.245848
       8480.00      0.239341
       8500.00      0.235966
       8520.00      0.234058
       8540.00      0.226756
       8560.00      0.238259
       8580.00      0.241546
       8600.00      0.245008
       8620.00      0.243293
       8640.00      0.237675
       8660.00      0.223328
       8680.00      0.235250
       8700.00      0.239445
       8720.00      0.248062
       8740.00      0.248626
       8760.00      0.240439
       8780.00      0.239234
       8800.00      0.255359
       8820.00      0.248894
       8840.00      0.250102
       8860.00      0.252141
       8880.00      0.251295
       8900.00      0.250545
       8920.00      0.254141
       8940.00      0.248410
       8960.00      0.249971
       8980.00      0.243266
       9000.00      0.240162
       9020.00      0.248765
       9040.00      0.270001
       9060.00      0.251032
       9080.00      0.246304
       9100.00      0.251559
       9120.00      0.241339
       9140.00      0.237385
       9160.00      0.225801
       9180.00      0.232939
       9200.00      0.239330
       9220.00      0.232465
       9240.00      0.235351
       9260.00      0.221494
       9280.00      0.223414
       9300.00      0.209820
       9320.00      0.199290
       9340.00      0.209274
       9360.00      0.208035
       9380.00      0.225864
       9400.00      0.233624
       9420.00      0.218082
       9440.00      0.195535
       9460.00      0.224390
       9480.00      0.212442
       9500.00      0.214511
       9520.00      0.226611
       9540.00      0.226050
       9560.00      0.223508
       9580.00      0.228890
       9600.00      0.220002
       9620.00      0.233764
       9640.00      0.221568
       9660.00      0.225033
       9680.00      0.234102
       9700.00      0.234044
       9720.00      0.225678
       9740.00      0.226907
       9760.00      0.228384
       9780.00      0.216542
       9800.00      0.238047
       9820.00      0.246037
       9840.00      0.240513
       9860.00      0.234425
       9880.00      0.244043
       9900.00      0.246047
       9920.00      0.235333
       9940.00      0.240912
       9960.00      0.238442
       9980.00      0.237551
       10000.0      0.238230
       10020.0      0.235863
       10040.0      0.244175
       10060.0      0.238447
       10080.0      0.230453
       10100.0      0.239135
       10120.0      0.241675
       10140.0      0.237866
       10160.0      0.243076
       10180.0      0.236446
       10200.0      0.236952
       10220.0      0.240439
       10240.0      0.242303
       10260.0      0.237092
       10280.0      0.236471
       10300.0      0.234411
       10320.0      0.235394
       10340.0      0.234302
       10360.0      0.234247
       10380.0      0.234431
       10400.0      0.242062
       10420.0      0.237959
       10440.0      0.233162
       10460.0      0.236183
       10480.0      0.235024
       10500.0      0.252784
       10520.0      0.237891
       10540.0      0.240723
       10560.0      0.248148
       10580.0      0.244798
       10600.0      0.238972
       10620.0      0.233400
