       3160.00      0.723304
       3170.00      0.737885
       3180.00      0.734926
       3190.00      0.723502
       3200.00      0.722932
       3210.00      0.728479
       3220.00      0.678096
       3230.00      0.661124
       3240.00      0.690826
       3250.00      0.681830
       3260.00      0.698004
       3270.00      0.689455
       3280.00      0.678895
       3290.00      0.680533
       3300.00      0.698565
       3310.00      0.696863
       3320.00      0.687835
       3330.00      0.687395
       3340.00      0.680677
       3350.00      0.694400
       3360.00      0.692736
       3370.00      0.679437
       3380.00      0.687636
       3390.00      0.699978
       3400.00      0.693939
       3410.00      0.700833
       3420.00      0.705313
       3430.00      0.703059
       3440.00      0.699835
       3450.00      0.690158
       3460.00      0.698137
       3470.00      0.680720
       3480.00      0.688680
       3490.00      0.680697
       3500.00      0.661547
       3510.00      0.693782
       3520.00      0.685468
       3530.00      0.697902
       3540.00      0.692299
       3550.00      0.728278
       3560.00      0.695252
       3570.00      0.683070
       3580.00      0.685131
       3590.00      0.687934
       3600.00      0.710081
       3610.00      0.687309
       3620.00      0.693822
       3630.00      0.691351
       3640.00      0.686106
       3650.00      0.694607
       3660.00      0.710642
       3670.00      0.714421
       3680.00      0.697770
       3690.00      0.700463
       3700.00      0.714114
       3710.00      0.716931
       3720.00      0.757930
       3730.00      0.757349
       3740.00      0.816112
       3750.00      0.873659
       3760.00      0.923702
       3770.00      0.900432
       3780.00       1.07168
       3790.00       1.09742
       3800.00      0.977190
       3810.00       1.23693
       3820.00       1.37220
       3830.00       1.02289
       3840.00      0.967716
       3850.00       1.37680
       3860.00       1.62004
       3870.00       1.59663
       3880.00       1.23571
       3890.00      0.955277
       3900.00       1.17906
       3910.00       1.62131
       3920.00       1.81757
       3930.00       1.63699
       3940.00       1.62304
       3950.00       1.74381
       3960.00       1.39580
       3970.00       1.02141
       3980.00       1.30004
       3990.00       1.80264
       4000.00       2.00450
       4010.00       2.08050
       4020.00       2.10730
       4030.00       2.09368
       4040.00       2.06002
       4050.00       2.05494
       4060.00       2.03154
       4070.00       1.93844
       4080.00       1.78278
       4090.00       1.48179
       4100.00       1.09267
       4110.00       1.22665
       4120.00       1.68007
       4130.00       1.87587
       4140.00       1.94979
       4150.00       1.98259
       4160.00       1.97458
       4170.00       1.94063
       4180.00       1.93113
       4190.00       1.97336
       4200.00       1.98960
       4210.00       1.99130
       4220.00       1.97216
       4230.00       1.95150
       4240.00       1.95168
       4250.00       1.95823
       4260.00       1.97905
       4270.00       1.92212
       4280.00       1.85598
       4290.00       1.82326
       4300.00       1.63020
       4310.00       1.61856
       4320.00       1.65554
       4330.00       1.44388
       4340.00       1.13966
       4350.00       1.35418
       4360.00       1.57207
       4370.00       1.70782
       4380.00       1.76417
       4390.00       1.75553
       4400.00       1.73924
       4410.00       1.75063
       4420.00       1.74820
       4430.00       1.81910
       4440.00       1.79214
       4450.00       1.77595
       4460.00       1.76742
       4470.00       1.76498
       4480.00       1.72328
       4490.00       1.73753
       4500.00       1.76674
       4510.00       1.76583
       4520.00       1.73348
       4530.00       1.72517
       4540.00       1.72584
       4550.00       1.71164
       4560.00       1.71531
       4570.00       1.72932
       4580.00       1.70338
       4590.00       1.69820
       4600.00       1.71951
       4610.00       1.72312
       4620.00       1.71060
       4630.00       1.71275
       4640.00       1.70031
       4650.00       1.70393
       4660.00       1.69882
       4670.00       1.69519
       4680.00       1.69735
       4690.00       1.69950
       4700.00       1.69300
       4710.00       1.67935
       4720.00       1.68726
       4730.00       1.68084
       4740.00       1.67301
       4750.00       1.66521
       4760.00       1.64039
       4770.00       1.63128
       4780.00       1.63919
       4790.00       1.63435
       4800.00       1.60981
       4810.00       1.58958
       4820.00       1.55259
       4830.00       1.48914
       4840.00       1.38401
       4850.00       1.14803
       4860.00      0.911774
       4870.00       1.02967
       4880.00       1.32219
       4890.00       1.42105
       4900.00       1.48581
       4910.00       1.49795
       4920.00       1.48253
       4930.00       1.48364
       4940.00       1.50255
       4950.00       1.49404
       4960.00       1.48558
       4970.00       1.50165
       4980.00       1.49727
       4990.00       1.47664
       5000.00       1.47234
       5010.00       1.44374
       5020.00       1.44760
       5030.00       1.44203
       5040.00       1.42843
       5050.00       1.40149
       5060.00       1.40808
       5070.00       1.40263
       5080.00       1.41452
       5090.00       1.42238
       5100.00       1.40101
       5110.00       1.39562
       5120.00       1.39818
       5130.00       1.37699
       5140.00       1.37826
       5150.00       1.37164
       5160.00       1.35587
       5170.00       1.32708
       5180.00       1.33496
       5190.00       1.32848
       5200.00       1.33894
       5210.00       1.34026
       5220.00       1.34159
       5230.00       1.31056
       5240.00       1.30677
       5250.00       1.32747
       5260.00       1.30051
       5270.00       1.27455
       5280.00       1.28533
       5290.00       1.30720
       5300.00       1.30474
       5310.00       1.29336
       5320.00       1.27312
       5330.00       1.26337
       5340.00       1.26494
       5350.00       1.27610
       5360.00       1.27498
       5370.00       1.26883
       5380.00       1.26899
       5390.00       1.26914
       5400.00       1.26554
       5410.00       1.24819
       5420.00       1.28209
       5430.00       1.26727
       5440.00       1.28484
       5450.00       1.26635
       5460.00       1.26403
       5470.00       1.25429
       5480.00       1.24583
       5490.00       1.24726
       5500.00       1.24622
       5510.00       1.25133
       5520.00       1.25642
       5530.00       1.25170
       5540.00       1.23356
       5550.00       1.23865
       5560.00       1.23521
       5570.00       1.23785
       5580.00       1.22957
       5590.00       1.21647
       5600.00       1.20125
       5610.00       1.21214
       5620.00       1.21118
       5630.00       1.19882
       5640.00       1.20809
       5650.00       1.19877
       5660.00       1.19497
       5670.00       1.19072
       5680.00       1.18517
       5690.00       1.17892
       5700.00       1.18148
       5710.00       1.17515
       5720.00       1.16280
       5730.00       1.17447
       5740.00       1.16912
       5760.00       1.15884
       5780.00       1.14757
       5800.00       1.13661
       5820.00       1.12573
       5840.00       1.11481
       5860.00       1.10419
       5880.00       1.09353
       5900.00       1.08294
       5920.00       1.07254
       5940.00       1.06221
       5960.00       1.05195
       5980.00       1.04153
       6000.00       1.03558
       6020.00       1.02730
       6040.00       1.01976
       6060.00       1.02197
       6080.00       1.02673
       6100.00       1.03757
       6120.00       1.02787
       6140.00       1.00403
       6160.00      0.985501
       6180.00      0.977932
       6200.00      0.979252
       6220.00      0.971099
       6240.00      0.962131
       6260.00      0.961435
       6280.00      0.953633
       6300.00      0.947491
       6320.00      0.952308
       6340.00      0.939592
       6360.00      0.937807
       6380.00      0.930625
       6400.00      0.931100
       6420.00      0.923879
       6440.00      0.917647
       6460.00      0.910512
       6480.00      0.898304
       6500.00      0.885339
       6520.00      0.868198
       6540.00      0.822297
       6560.00      0.696739
       6580.00      0.719095
       6600.00      0.835838
       6620.00      0.854470
       6640.00      0.864328
       6660.00      0.857466
       6680.00      0.859659
       6700.00      0.853558
       6720.00      0.851823
       6740.00      0.846184
       6760.00      0.841678
       6780.00      0.842688
       6800.00      0.836230
       6820.00      0.837250
       6840.00      0.857257
       6860.00      0.820828
       6880.00      0.791101
       6900.00      0.791652
       6920.00      0.791711
       6940.00      0.799081
       6960.00      0.785313
       6980.00      0.776762
       7000.00      0.773963
       7020.00      0.776577
       7040.00      0.772064
       7060.00      0.772561
       7080.00      0.769423
       7100.00      0.763729
       7120.00      0.759398
       7140.00      0.760209
       7160.00      0.788231
       7180.00      0.786601
       7200.00      0.744382
       7220.00      0.741945
       7240.00      0.736625
       7260.00      0.724250
       7280.00      0.721796
       7300.00      0.717408
       7320.00      0.713877
       7340.00      0.702437
       7360.00      0.714134
       7380.00      0.720450
       7400.00      0.712651
       7420.00      0.701612
       7440.00      0.700817
       7460.00      0.700117
       7480.00      0.684315
       7500.00      0.681136
       7520.00      0.675186
       7540.00      0.660562
       7560.00      0.651207
       7580.00      0.698674
       7600.00      0.611723
       7620.00      0.576109
       7640.00      0.624816
       7660.00      0.639703
       7680.00      0.608434
       7700.00      0.641037
       7720.00      0.639551
       7740.00      0.642270
       7760.00      0.636516
       7780.00      0.632793
       7800.00      0.637069
       7820.00      0.642189
       7840.00      0.629417
       7860.00      0.629795
       7880.00      0.626651
       7900.00      0.618727
       7920.00      0.602812
       7940.00      0.613735
       7960.00      0.611003
       7980.00      0.602519
       8000.00      0.595853
       8020.00      0.604070
       8040.00      0.597602
       8060.00      0.596539
       8080.00      0.583590
       8100.00      0.585991
       8120.00      0.598380
       8140.00      0.607799
       8160.00      0.590140
       8180.00      0.574222
       8200.00      0.581485
       8220.00      0.572992
       8240.00      0.584821
       8260.00      0.591843
       8280.00      0.576603
       8300.00      0.559235
       8320.00      0.568626
       8340.00      0.556959
       8360.00      0.576184
       8380.00      0.561244
       8400.00      0.554672
       8420.00      0.577944
       8440.00      0.567035
       8460.00      0.552897
       8480.00      0.571222
       8500.00      0.552843
       8520.00      0.557819
       8540.00      0.521572
       8560.00      0.546596
       8580.00      0.539408
       8600.00      0.534220
       8620.00      0.576231
       8640.00      0.560096
       8660.00      0.501687
       8680.00      0.509964
       8700.00      0.561988
       8720.00      0.553638
       8740.00      0.503056
       8760.00      0.508319
       8780.00      0.555172
       8800.00      0.583051
       8820.00      0.547284
       8840.00      0.528135
       8860.00      0.466077
       8880.00      0.482172
       8900.00      0.531493
       8920.00      0.535763
       8940.00      0.545917
       8960.00      0.548474
       8980.00      0.544239
       9000.00      0.453490
       9020.00      0.463661
       9040.00      0.515702
       9060.00      0.529725
       9080.00      0.512015
       9100.00      0.518994
       9120.00      0.503760
       9140.00      0.513910
       9160.00      0.516777
       9180.00      0.502605
       9200.00      0.483125
       9220.00      0.429606
       9240.00      0.432630
       9260.00      0.456540
       9280.00      0.495220
       9300.00      0.519910
       9320.00      0.518359
       9340.00      0.533042
       9360.00      0.508409
       9380.00      0.535169
       9400.00      0.510780
       9420.00      0.497557
       9440.00      0.480447
       9460.00      0.513120
       9480.00      0.478848
       9500.00      0.474635
       9520.00      0.460205
       9540.00      0.414061
       9560.00      0.410364
       9580.00      0.441007
       9600.00      0.456722
       9620.00      0.456828
       9640.00      0.462618
       9660.00      0.471747
       9680.00      0.464831
       9700.00      0.452921
       9720.00      0.446907
       9740.00      0.474819
       9760.00      0.465596
       9780.00      0.459109
       9800.00      0.439323
       9820.00      0.440634
       9840.00      0.448127
       9860.00      0.443787
       9880.00      0.457681
       9900.00      0.448418
       9920.00      0.444308
       9940.00      0.450970
       9960.00      0.434032
       9980.00      0.429840
       10000.0      0.429793
       10020.0      0.410095
       10040.0      0.379759
       10060.0      0.369925
       10080.0      0.405505
       10100.0      0.398539
       10120.0      0.410789
       10140.0      0.410046
       10160.0      0.421093
       10180.0      0.391951
       10200.0      0.407037
       10220.0      0.427757
       10240.0      0.416746
       10260.0      0.409602
       10280.0      0.398604
       10300.0      0.421282
       10320.0      0.412794
       10340.0      0.400086
       10360.0      0.407216
       10380.0      0.401738
       10400.0      0.399534
       10420.0      0.405586
       10440.0      0.388023
       10460.0      0.392715
       10480.0      0.375630
       10500.0      0.413515
       10520.0      0.364555
       10540.0      0.394741
       10560.0      0.377783
       10580.0      0.394272
       10600.0      0.374761
       10620.0      0.398903
