       3160.00       9.94099
       3170.00       9.84925
       3180.00       9.84235
       3190.00       10.2871
       3200.00       9.89151
       3210.00       10.0813
       3220.00       10.1749
       3230.00       10.2708
       3240.00       10.1904
       3250.00       10.0545
       3260.00       9.84158
       3270.00       9.78806
       3280.00       9.66630
       3290.00       9.50455
       3300.00       9.57291
       3310.00       9.44278
       3320.00       9.51957
       3330.00       9.54272
       3340.00       9.51558
       3350.00       9.47003
       3360.00       9.37633
       3370.00       9.43371
       3380.00       9.48792
       3390.00       9.45147
       3400.00       9.43915
       3410.00       9.34270
       3420.00       9.22583
       3430.00       9.13335
       3440.00       9.18053
       3450.00       9.11647
       3460.00       9.14822
       3470.00       9.11082
       3480.00       9.06814
       3490.00       9.03530
       3500.00       9.06554
       3510.00       9.00563
       3520.00       8.94877
       3530.00       8.99799
       3540.00       9.06855
       3550.00       8.97830
       3560.00       8.96518
       3570.00       8.93873
       3580.00       8.90440
       3590.00       8.77162
       3600.00       8.72731
       3610.00       8.73363
       3620.00       8.73065
       3630.00       8.73824
       3640.00       8.71292
       3650.00       8.73363
       3660.00       8.76992
       3670.00       8.65735
       3680.00       8.51028
       3690.00       8.58967
       3700.00       8.62208
       3710.00       8.94583
       3720.00       9.36434
       3730.00       9.79343
       3740.00       10.3047
       3750.00       11.0123
       3760.00       11.5468
       3770.00       11.7143
       3780.00       13.2304
       3790.00       13.1955
       3800.00       12.3799
       3810.00       14.7340
       3820.00       15.3845
       3830.00       12.8328
       3840.00       12.5376
       3850.00       15.2770
       3860.00       16.6633
       3870.00       16.2245
       3880.00       13.8021
       3890.00       11.7896
       3900.00       13.9277
       3910.00       16.0096
       3920.00       16.3472
       3930.00       16.4274
       3940.00       16.5436
       3950.00       16.2351
       3960.00       13.6442
       3970.00       11.8281
       3980.00       14.1287
       3990.00       16.5162
       4000.00       16.9774
       4010.00       16.8157
       4020.00       16.5715
       4030.00       16.4591
       4040.00       16.8330
       4050.00       16.7796
       4060.00       16.6204
       4070.00       16.2150
       4080.00       15.8938
       4090.00       13.8540
       4100.00       11.6270
       4110.00       12.9715
       4120.00       15.4375
       4130.00       15.9447
       4140.00       16.1143
       4150.00       16.0754
       4160.00       15.9218
       4170.00       15.9410
       4180.00       15.9486
       4190.00       15.9334
       4200.00       15.8841
       4210.00       15.8918
       4220.00       15.7407
       4230.00       15.4999
       4240.00       15.4633
       4250.00       15.5058
       4260.00       15.4132
       4270.00       15.3211
       4280.00       15.2405
       4290.00       15.1381
       4300.00       14.9359
       4310.00       14.5682
       4320.00       13.9362
       4330.00       11.9699
       4340.00       10.5584
       4350.00       12.2999
       4360.00       14.1486
       4370.00       14.5324
       4380.00       14.2807
       4390.00       14.0738
       4400.00       14.0853
       4410.00       14.1510
       4420.00       13.9782
       4430.00       13.9143
       4440.00       13.7859
       4450.00       13.8195
       4460.00       13.6705
       4470.00       13.2437
       4480.00       12.9898
       4490.00       13.2594
       4500.00       13.3681
       4510.00       13.2748
       4520.00       13.0549
       4530.00       13.1951
       4540.00       13.0712
       4550.00       12.8321
       4560.00       12.8564
       4570.00       13.0272
       4580.00       12.9570
       4590.00       12.9079
       4600.00       12.9215
       4610.00       12.8934
       4620.00       13.0416
       4630.00       12.8171
       4640.00       12.7791
       4650.00       12.7002
       4660.00       12.6011
       4670.00       12.5228
       4680.00       12.5165
       4690.00       12.5511
       4700.00       12.3818
       4710.00       12.2844
       4720.00       12.1975
       4730.00       12.2932
       4740.00       12.2874
       4750.00       12.2918
       4760.00       12.1051
       4770.00       12.0797
       4780.00       12.1245
       4790.00       11.9793
       4800.00       11.8646
       4810.00       11.8101
       4820.00       11.6764
       4830.00       11.4937
       4840.00       11.0843
       4850.00       9.47476
       4860.00       8.30216
       4870.00       9.24815
       4880.00       10.7679
       4890.00       11.2352
       4900.00       11.2709
       4910.00       11.1700
       4920.00       11.0597
       4930.00       11.1246
       4940.00       11.2862
       4950.00       11.1377
       4960.00       11.0767
       4970.00       11.0351
       4980.00       10.9361
       4990.00       10.9142
       5000.00       10.9402
       5010.00       10.8133
       5020.00       10.7917
       5030.00       10.7322
       5040.00       10.6255
       5050.00       10.6518
       5060.00       10.5929
       5070.00       10.5060
       5080.00       10.5135
       5090.00       10.2954
       5100.00       10.3597
       5110.00       10.2739
       5120.00       10.2632
       5130.00       10.2898
       5140.00       10.2232
       5150.00       10.2498
       5160.00       10.1465
       5170.00       10.0528
       5180.00       9.99645
       5190.00       9.88498
       5200.00       9.84756
       5210.00       9.86540
       5220.00       9.75482
       5230.00       9.67212
       5240.00       9.60799
       5250.00       9.60792
       5260.00       9.64425
       5270.00       9.53514
       5280.00       9.53521
       5290.00       9.49004
       5300.00       9.46311
       5310.00       9.36417
       5320.00       9.31958
       5330.00       9.27516
       5340.00       9.25779
       5350.00       9.21365
       5360.00       9.23217
       5370.00       9.04566
       5380.00       9.03774
       5390.00       9.02097
       5400.00       8.98654
       5410.00       8.96993
       5420.00       8.81034
       5430.00       8.78706
       5440.00       8.76739
       5450.00       8.65120
       5460.00       8.70547
       5470.00       8.60469
       5480.00       8.54794
       5490.00       8.59514
       5500.00       8.52817
       5510.00       8.53267
       5520.00       8.47647
       5530.00       8.44989
       5540.00       8.43118
       5550.00       8.42892
       5560.00       8.35868
       5570.00       8.39436
       5580.00       8.29527
       5590.00       8.32751
       5600.00       8.21009
       5610.00       8.17413
       5620.00       8.04803
       5630.00       8.13319
       5640.00       8.10689
       5650.00       8.08069
       5660.00       8.05373
       5670.00       8.02686
       5680.00       8.00093
       5690.00       7.97510
       5700.00       7.94935
       5710.00       7.92370
       5720.00       7.89813
       5730.00       7.87265
       5740.00       7.84726
       5760.00       7.64886
       5780.00       7.80538
       5800.00       7.74876
       5820.00       7.71226
       5840.00       7.63177
       5860.00       7.56652
       5880.00       7.50009
       5900.00       7.45357
       5920.00       7.45749
       5940.00       7.40580
       5960.00       7.28459
       5980.00       7.25782
       6000.00       7.23283
       6020.00       7.17224
       6040.00       7.12076
       6060.00       7.08778
       6080.00       7.08178
       6100.00       7.04758
       6120.00       7.00265
       6140.00       6.89644
       6160.00       6.84453
       6180.00       6.77669
       6200.00       6.74942
       6220.00       6.70849
       6240.00       6.67088
       6260.00       6.61516
       6280.00       6.51789
       6300.00       6.46985
       6320.00       6.48421
       6340.00       6.41469
       6360.00       6.34636
       6380.00       6.30921
       6400.00       6.26632
       6420.00       6.20729
       6440.00       6.12633
       6460.00       6.07106
       6480.00       6.02574
       6500.00       6.14120
       6520.00       6.07024
       6540.00       5.56359
       6560.00       5.31099
       6580.00       5.81779
       6600.00       6.01262
       6620.00       6.11880
       6640.00       5.94396
       6660.00       5.90528
       6680.00       5.82240
       6700.00       5.71859
       6720.00       5.68092
       6740.00       5.61720
       6760.00       5.48164
       6780.00       5.42242
       6800.00       5.42547
       6820.00       5.38851
       6840.00       5.43572
       6860.00       5.34174
       6880.00       5.23787
       6900.00       5.26222
       6920.00       5.39847
       6940.00       5.22707
       6960.00       5.27531
       6980.00       5.20945
       7000.00       5.10432
       7020.00       5.15318
       7040.00       5.08756
       7060.00       5.04535
       7080.00       5.07977
       7100.00       4.97042
       7120.00       4.93293
       7140.00       4.78640
       7160.00       4.79709
       7180.00       4.82239
       7200.00       4.78507
       7220.00       4.80230
       7240.00       4.70971
       7260.00       4.66971
       7280.00       4.69370
       7300.00       4.74705
       7320.00       4.68766
       7340.00       4.64816
       7360.00       4.58156
       7380.00       4.60156
       7400.00       4.59171
       7420.00       4.48969
       7440.00       4.46089
       7460.00       4.39440
       7480.00       4.36090
       7500.00       4.36331
       7520.00       4.38162
       7540.00       4.44108
       7560.00       4.44073
       7580.00       4.16447
       7600.00       3.48981
       7620.00       4.26885
       7640.00       4.27584
       7660.00       4.29466
       7680.00       3.99621
       7700.00       4.22387
       7720.00       4.21231
       7740.00       4.23420
       7760.00       4.16716
       7780.00       4.16199
       7800.00       4.16297
       7820.00       4.10092
       7840.00       4.00561
       7860.00       3.92905
       7880.00       3.86259
       7900.00       3.87462
       7920.00       3.83946
       7940.00       3.87861
       7960.00       3.85143
       7980.00       3.84118
       8000.00       3.85192
       8020.00       3.84708
       8040.00       3.88275
       8060.00       3.88262
       8080.00       3.81496
       8100.00       3.74587
       8120.00       3.83271
       8140.00       3.69336
       8160.00       3.62390
       8180.00       3.60100
       8200.00       3.63365
       8220.00       3.47635
       8240.00       3.41855
       8260.00       3.57597
       8280.00       3.48699
       8300.00       3.61063
       8320.00       3.52948
       8340.00       3.49117
       8360.00       3.52404
       8380.00       3.56417
       8400.00       3.58474
       8420.00       3.50859
       8440.00       3.41409
       8460.00       3.44109
       8480.00       3.39629
       8500.00       3.47838
       8520.00       3.40506
       8540.00       3.37803
       8560.00       3.46798
       8580.00       3.27750
       8600.00       3.24985
       8620.00       3.33669
       8640.00       3.30459
       8660.00       3.23728
       8680.00       3.48399
       8700.00       3.62065
       8720.00       3.41203
       8740.00       3.18355
       8760.00       3.35602
       8780.00       3.47483
       8800.00       3.60561
       8820.00       3.45473
       8840.00       3.04576
       8860.00       2.98271
       8880.00       3.21689
       8900.00       3.39948
       8920.00       3.37791
       8940.00       3.34305
       8960.00       3.27096
       8980.00       3.02119
       9000.00       2.76881
       9020.00       2.92025
       9040.00       3.31137
       9060.00       3.26180
       9080.00       3.22615
       9100.00       3.29058
       9120.00       3.27602
       9140.00       3.22801
       9160.00       3.13267
       9180.00       3.20717
       9200.00       2.90213
       9220.00       2.73493
       9240.00       2.81706
       9260.00       2.94121
       9280.00       3.14476
       9300.00       2.98671
       9320.00       2.85295
       9340.00       3.03284
       9360.00       2.95989
       9380.00       3.13419
       9400.00       3.19931
       9420.00       2.75307
       9440.00       2.81719
       9460.00       2.94378
       9480.00       2.97796
       9500.00       2.75507
       9520.00       2.68544
       9540.00       2.57496
       9560.00       2.72176
       9580.00       2.92589
       9600.00       2.87991
       9620.00       2.79731
       9640.00       2.82428
       9660.00       2.88184
       9680.00       2.81706
       9700.00       2.77720
       9720.00       2.84337
       9740.00       2.80363
       9760.00       2.71453
       9780.00       2.68892
       9800.00       2.67122
       9820.00       2.70477
       9840.00       2.72261
       9860.00       2.77339
       9880.00       2.70433
       9900.00       2.61668
       9920.00       2.56413
       9940.00       2.53971
       9960.00       2.57113
       9980.00       2.54536
       10000.0       2.40292
       10020.0       2.20659
       10040.0       2.05777
       10060.0       2.24825
       10080.0       2.28841
       10100.0       2.41419
       10120.0       2.41887
       10140.0       2.38343
       10160.0       2.32928
       10180.0       2.28239
       10200.0       2.44495
       10220.0       2.32356
       10240.0       2.35267
       10260.0       2.33689
       10280.0       2.18849
       10300.0       2.25162
       10320.0       2.22314
       10340.0       2.17765
       10360.0       2.15265
       10380.0       2.20844
       10400.0       2.02565
       10420.0       2.02360
       10440.0       2.13112
       10460.0       2.03142
       10480.0       2.13303
       10500.0       2.16816
       10520.0       1.98162
       10540.0       2.05369
       10560.0       2.01807
       10580.0       1.95138
       10600.0       1.91745
       10620.0       2.11888
