       3160.00       1.99241
       3170.00       2.31206
       3180.00       1.67213
       3190.00       1.58247
       3200.00       1.44222
       3210.00       1.49585
       3220.00       1.02547
       3230.00       1.09314
       3240.00       1.17397
       3250.00       1.35612
       3260.00       1.46589
       3270.00       1.37097
       3280.00       1.23425
       3290.00       1.59055
       3300.00       1.90362
       3310.00       1.59051
       3320.00       1.55656
       3330.00       1.53550
       3340.00       1.71324
       3350.00       1.75751
       3360.00       1.53122
       3370.00       1.32246
       3380.00       1.49039
       3390.00       1.58569
       3400.00       1.91182
       3410.00       1.75395
       3420.00       1.87285
       3430.00       1.93102
       3440.00       1.38509
       3450.00       1.50964
       3460.00       1.81763
       3470.00       1.62724
       3480.00       1.70906
       3490.00       1.62649
       3500.00       1.93163
       3510.00       2.06553
       3520.00       1.70914
       3530.00       1.78707
       3540.00       2.08731
       3550.00       1.94905
       3560.00       1.58660
       3570.00       1.45890
       3580.00       1.11066
       3590.00       1.30564
       3600.00       2.00021
       3610.00       2.04489
       3620.00       2.36987
       3630.00       2.69355
       3640.00       2.68808
       3650.00       3.17067
       3660.00       3.82807
       3670.00       3.90541
       3680.00       3.26966
       3690.00       3.36764
       3700.00       3.47366
       3710.00       3.30489
       3720.00       2.82522
       3730.00       1.86443
       3740.00       1.79120
       3750.00       2.12531
       3760.00       2.21188
       3770.00       2.82977
       3780.00       3.47046
       3790.00       2.73774
       3800.00       2.45725
       3810.00       2.44341
       3820.00       1.67398
       3830.00       1.37457
       3840.00       1.59559
       3850.00       1.71168
       3860.00       1.71910
       3870.00       1.73649
       3880.00       2.03913
       3890.00       3.00491
       3900.00       3.75181
       3910.00       4.15592
       3920.00       3.67295
       3930.00       2.12068
       3940.00       2.26897
       3950.00       4.15661
       3960.00       3.69763
       3970.00       2.91997
       3980.00       5.38657
       3990.00       7.36701
       4000.00       8.24627
       4010.00       9.13430
       4020.00       9.43121
       4030.00       8.50371
       4040.00       7.84222
       4050.00       8.08362
       4060.00       7.88162
       4070.00       7.60710
       4080.00       8.70149
       4090.00       9.45054
       4100.00       8.85652
       4110.00       8.23113
       4120.00       8.11716
       4130.00       7.63296
       4140.00       6.88751
       4150.00       6.17110
       4160.00       6.89248
       4170.00       6.98570
       4180.00       7.29322
       4190.00       7.73790
       4200.00       7.99188
       4210.00       9.06828
       4220.00       8.93418
       4230.00       9.42071
       4240.00       11.4824
       4250.00       11.2608
       4260.00       11.2839
       4270.00       11.1750
       4280.00       10.5938
       4290.00       10.5075
       4300.00       9.04222
       4310.00       10.8467
       4320.00       13.1277
       4330.00       14.0730
       4340.00       15.9264
       4350.00       15.9627
       4360.00       16.4468
       4370.00       16.3729
       4380.00       12.9841
       4390.00       12.5656
       4400.00       14.3532
       4410.00       15.0311
       4420.00       16.6497
       4430.00       16.6677
       4440.00       17.5856
       4450.00       17.1149
       4460.00       16.0386
       4470.00       18.1645
       4480.00       19.3773
       4490.00       18.5854
       4500.00       20.2103
       4510.00       21.3520
       4520.00       19.5757
       4530.00       18.2736
       4540.00       18.9351
       4550.00       19.9883
       4560.00       21.3263
       4570.00       21.4029
       4580.00       21.0986
       4590.00       20.8303
       4600.00       21.4278
       4610.00       23.2026
       4620.00       24.3639
       4630.00       23.3342
       4640.00       21.2014
       4650.00       21.1141
       4660.00       21.3181
       4670.00       21.2385
       4680.00       21.8701
       4690.00       20.8590
       4700.00       20.7060
       4710.00       21.7009
       4720.00       22.9266
       4730.00       22.9488
       4740.00       24.2001
       4750.00       24.3085
       4760.00       23.4735
       4770.00       24.7379
       4780.00       25.3600
       4790.00       25.2556
       4800.00       26.2041
       4810.00       26.6327
       4820.00       26.3291
       4830.00       25.6952
       4840.00       25.3875
       4850.00       25.1174
       4860.00       23.9937
       4870.00       23.5722
       4880.00       24.0144
       4890.00       24.8076
       4900.00       26.3339
       4910.00       25.4808
       4920.00       24.8996
       4930.00       25.2097
       4940.00       26.7727
       4950.00       27.4760
       4960.00       27.1261
       4970.00       27.5815
       4980.00       26.2678
       4990.00       25.7319
       5000.00       25.1172
       5010.00       23.2824
       5020.00       23.6883
       5030.00       25.2824
       5040.00       25.8154
       5050.00       25.9525
       5060.00       26.7500
       5070.00       26.0515
       5080.00       24.8360
       5090.00       24.8737
       5100.00       24.5557
       5110.00       24.6661
       5120.00       24.2020
       5130.00       23.7533
       5140.00       23.8475
       5150.00       23.8012
       5160.00       22.3122
       5170.00       20.8425
       5180.00       21.2984
       5190.00       23.5533
       5200.00       24.6318
       5210.00       25.0237
       5220.00       26.1459
       5230.00       26.8834
       5240.00       28.5015
       5250.00       28.5143
       5260.00       25.9905
       5270.00       24.8357
       5280.00       28.1756
       5290.00       29.8525
       5300.00       30.9619
       5310.00       32.2030
       5320.00       30.6503
       5330.00       29.4370
       5340.00       30.2784
       5350.00       31.8240
       5360.00       33.1340
       5370.00       31.4924
       5380.00       31.4176
       5390.00       30.6898
       5400.00       28.4980
       5410.00       29.5775
       5420.00       31.5104
       5430.00       30.9694
       5440.00       31.3719
       5450.00       32.4900
       5460.00       32.2370
       5470.00       32.1170
       5480.00       30.9599
       5490.00       30.9932
       5500.00       32.1946
       5510.00       31.5388
       5520.00       32.0461
       5530.00       32.5292
       5540.00       32.6611
       5550.00       33.6806
       5560.00       33.9049
       5570.00       32.9276
       5580.00       33.0263
       5590.00       31.8022
       5600.00       31.4311
       5610.00       34.0106
       5620.00       33.1984
       5630.00       32.8893
       5640.00       33.0183
       5650.00       33.3337
       5660.00       33.3992
       5670.00       33.3713
       5680.00       34.6760
       5690.00       35.2956
       5700.00       34.3382
       5710.00       33.0450
       5720.00       34.9874
       5730.00       36.0629
       5740.00       35.8468
       5760.00       36.0279
       5780.00       36.1773
       5800.00       38.0858
       5820.00       39.1949
       5840.00       38.7593
       5860.00       37.7259
       5880.00       34.4545
       5900.00       35.0238
       5920.00       39.3653
       5940.00       40.2403
       5960.00       40.3120
       5980.00       40.4715
       6000.00       40.1899
       6020.00       41.1090
       6040.00       41.9054
       6060.00       41.7671
       6080.00       41.8613
       6100.00       41.6375
       6120.00       40.7249
       6140.00       39.5029
       6160.00       39.6318
       6180.00       40.4434
       6200.00       40.1426
       6220.00       39.2778
       6240.00       38.1928
       6260.00       38.4082
       6280.00       39.5752
       6300.00       39.8965
       6320.00       40.1324
       6340.00       39.5616
       6360.00       40.5442
       6380.00       41.7965
       6400.00       41.5559
       6420.00       41.8925
       6440.00       41.9810
       6460.00       41.7693
       6480.00       41.0971
       6500.00       41.1061
       6520.00       42.8427
       6540.00       41.8505
       6560.00       41.6156
       6580.00       42.9068
       6600.00       43.4968
       6620.00       43.1793
       6640.00       42.8107
       6660.00       43.1578
       6680.00       43.4502
       6700.00       43.3993
       6720.00       43.6892
       6740.00       43.7946
       6760.00       44.1858
       6780.00       44.0295
       6800.00       45.1942
       6820.00       45.1907
       6840.00       45.8563
       6860.00       43.7213
       6880.00       43.5942
       6900.00       45.2280
       6920.00       44.1307
       6940.00       42.9891
       6960.00       42.4103
       6980.00       41.7845
       7000.00       41.6651
       7020.00       42.3487
       7040.00       43.5285
       7060.00       43.6046
       7080.00       43.0588
       7100.00       42.0203
       7120.00       41.9023
       7140.00       41.4644
       7160.00       41.3486
       7180.00       40.6205
       7200.00       41.3144
       7220.00       42.4189
       7240.00       41.7912
       7260.00       41.3609
       7280.00       41.2473
       7300.00       41.5442
       7320.00       42.3925
       7340.00       41.8693
       7360.00       42.3295
       7380.00       43.1926
       7400.00       42.9808
       7420.00       43.1970
       7440.00       43.9799
       7460.00       43.6496
       7480.00       43.7447
       7500.00       44.0740
       7520.00       46.4846
       7540.00       48.2755
       7560.00       50.0337
       7580.00       43.6552
       7600.00       35.8050
       7620.00       46.4520
       7640.00       45.2476
       7660.00       45.3363
       7680.00       43.4535
       7700.00       43.9578
       7720.00       44.9383
       7740.00       46.1867
       7760.00       46.7254
       7780.00       47.2161
       7800.00       47.3884
       7820.00       47.3348
       7840.00       47.1018
       7860.00       45.7279
       7880.00       44.2046
       7900.00       42.5108
       7920.00       41.9367
       7940.00       42.3409
       7960.00       43.4729
       7980.00       43.7168
       8000.00       44.3336
       8020.00       44.4205
       8040.00       44.3976
       8060.00       43.3921
       8080.00       41.7162
       8100.00       40.5485
       8120.00       41.3156
       8140.00       41.1276
       8160.00       40.1856
       8180.00       40.8620
       8200.00       42.4366
       8220.00       42.8901
       8240.00       43.8540
       8260.00       43.9396
       8280.00       42.9619
       8300.00       41.8193
       8320.00       41.7822
       8340.00       41.3865
       8360.00       42.7403
       8380.00       43.0164
       8400.00       43.1444
       8420.00       43.4391
       8440.00       43.6073
       8460.00       44.5445
       8480.00       43.0903
       8500.00       43.0510
       8520.00       40.6155
       8540.00       41.0769
       8560.00       44.7232
       8580.00       45.7062
       8600.00       45.7023
       8620.00       46.2701
       8640.00       43.6369
       8660.00       42.5402
       8680.00       45.2405
       8700.00       46.5325
       8720.00       47.0717
       8740.00       46.7223
       8760.00       46.4147
       8780.00       45.6675
       8800.00       46.0837
       8820.00       46.4981
       8840.00       46.4924
       8860.00       47.7781
       8880.00       48.7805
       8900.00       47.8403
       8920.00       47.3778
       8940.00       46.8781
       8960.00       45.6930
       8980.00       45.3952
       9000.00       44.3165
       9020.00       47.3794
       9040.00       50.0200
       9060.00       46.3349
       9080.00       44.6239
       9100.00       45.7830
       9120.00       44.0614
       9140.00       42.0393
       9160.00       40.6408
       9180.00       41.0891
       9200.00       42.0521
       9220.00       42.2090
       9240.00       42.9368
       9260.00       42.4449
       9280.00       42.4293
       9300.00       40.2562
       9320.00       37.3747
       9340.00       38.2558
       9360.00       36.3311
       9380.00       40.2506
       9400.00       39.4159
       9420.00       34.4367
       9440.00       34.7553
       9460.00       39.1846
       9480.00       38.2107
       9500.00       38.0561
       9520.00       40.2133
       9540.00       41.7342
       9560.00       42.3097
       9580.00       41.3762
       9600.00       40.7766
       9620.00       41.1493
       9640.00       40.1144
       9660.00       41.0153
       9680.00       42.7125
       9700.00       41.3543
       9720.00       41.2330
       9740.00       41.2567
       9760.00       42.2542
       9780.00       42.9597
       9800.00       44.0754
       9820.00       45.2941
       9840.00       44.3792
       9860.00       44.3427
       9880.00       44.2351
       9900.00       44.7503
       9920.00       44.1810
       9940.00       44.7296
       9960.00       45.5940
       9980.00       45.6085
       10000.0       45.9221
       10020.0       45.2859
       10040.0       45.0204
       10060.0       44.4935
       10080.0       45.1735
       10100.0       45.2583
       10120.0       44.3688
       10140.0       44.9235
       10160.0       45.4415
       10180.0       44.8508
       10200.0       44.2797
       10220.0       44.3824
       10240.0       44.1239
       10260.0       44.8099
       10280.0       44.9281
       10300.0       45.7124
       10320.0       44.3788
       10340.0       44.8717
       10360.0       45.8724
       10380.0       45.7840
       10400.0       45.4591
       10420.0       45.8786
       10440.0       45.9930
       10460.0       45.8546
       10480.0       46.4892
       10500.0       45.5625
       10520.0       45.8775
       10540.0       46.2914
       10560.0       45.3036
       10580.0       45.2679
       10600.0       45.2157
       10620.0       45.5781
