       3160.00     0.0136122
       3170.00     0.0349994
       3180.00     0.0302838
       3190.00     0.0352278
       3200.00       0.00000
       3210.00     0.0273079
       3220.00       0.00000
       3230.00     0.0110148
       3240.00     0.0496119
       3250.00     0.0133188
       3260.00       0.00000
       3270.00    0.00723150
       3280.00     0.0195635
       3290.00     0.0193803
       3300.00    0.00878725
       3310.00     0.0117651
       3320.00     0.0116608
       3330.00     0.0153437
       3340.00     0.0127524
       3350.00     0.0104816
       3360.00    0.00281299
       3370.00     0.0185450
       3380.00    0.00498819
       3390.00     0.0295458
       3400.00     0.0166857
       3410.00     0.0137477
       3420.00     0.0130683
       3430.00     0.0172042
       3440.00     0.0163567
       3450.00     0.0187031
       3460.00     0.0200840
       3470.00     0.0133370
       3480.00     0.0146967
       3490.00     0.0148368
       3500.00     0.0158171
       3510.00     0.0135046
       3520.00     0.0113514
       3530.00     0.0241443
       3540.00     0.0239146
       3550.00     0.0273891
       3560.00     0.0138427
       3570.00     0.0140321
       3580.00     0.0187104
       3590.00     0.0205567
       3600.00     0.0216705
       3610.00     0.0215313
       3620.00     0.0276292
       3630.00     0.0259786
       3640.00     0.0279484
       3650.00     0.0327650
       3660.00     0.0301575
       3670.00     0.0344358
       3680.00     0.0389237
       3690.00     0.0352559
       3700.00     0.0317816
       3710.00     0.0243978
       3720.00     0.0246395
       3730.00     0.0214323
       3740.00     0.0235908
       3750.00     0.0286145
       3760.00     0.0334215
       3770.00     0.0266625
       3780.00     0.0406912
       3790.00     0.0365122
       3800.00     0.0412290
       3810.00     0.0356643
       3820.00     0.0306897
       3830.00     0.0248272
       3840.00     0.0369484
       3850.00     0.0372793
       3860.00     0.0350172
       3870.00     0.0438615
       3880.00     0.0375250
       3890.00     0.0411199
       3900.00     0.0458322
       3910.00     0.0443994
       3920.00     0.0397664
       3930.00     0.0269222
       3940.00     0.0376607
       3950.00     0.0493396
       3960.00     0.0406817
       3970.00     0.0346588
       3980.00     0.0655714
       3990.00     0.0844580
       4000.00     0.0940165
       4010.00      0.110493
       4020.00     0.0983115
       4030.00      0.104822
       4040.00     0.0988681
       4050.00     0.0998940
       4060.00      0.123192
       4070.00      0.120362
       4080.00      0.128419
       4090.00      0.129659
       4100.00      0.125736
       4110.00      0.133391
       4120.00      0.139865
       4130.00      0.134648
       4140.00      0.131993
       4150.00      0.154760
       4160.00      0.152345
       4170.00      0.137588
       4180.00      0.162076
       4190.00      0.160632
       4200.00      0.150196
       4210.00      0.154981
       4220.00      0.128780
       4230.00      0.132630
       4240.00      0.178266
       4250.00      0.186587
       4260.00      0.193528
       4270.00      0.201273
       4280.00      0.193125
       4290.00      0.178186
       4300.00      0.190233
       4310.00      0.222943
       4320.00      0.254509
       4330.00      0.264976
       4340.00      0.277698
       4350.00      0.290363
       4360.00      0.299692
       4370.00      0.301459
       4380.00      0.283318
       4390.00      0.311965
       4400.00      0.300377
       4410.00      0.295646
       4420.00      0.334577
       4430.00      0.334306
       4440.00      0.365572
       4450.00      0.345968
       4460.00      0.326130
       4470.00      0.375106
       4480.00      0.417324
       4490.00      0.417827
       4500.00      0.415152
       4510.00      0.443537
       4520.00      0.409680
       4530.00      0.382596
       4540.00      0.418103
       4550.00      0.475751
       4560.00      0.506824
       4570.00      0.536512
       4580.00      0.512098
       4590.00      0.482033
       4600.00      0.528509
       4610.00      0.570909
       4620.00      0.574931
       4630.00      0.510271
       4640.00      0.478378
       4650.00      0.537114
       4660.00      0.535195
       4670.00      0.499323
       4680.00      0.521917
       4690.00      0.568482
       4700.00      0.607705
       4710.00      0.626588
       4720.00      0.606492
       4730.00      0.621522
       4740.00      0.668441
       4750.00      0.659815
       4760.00      0.536258
       4770.00      0.478970
       4780.00      0.520862
       4790.00      0.595094
       4800.00      0.561408
       4810.00      0.536477
       4820.00      0.574641
       4830.00      0.605400
       4840.00      0.600607
       4850.00      0.569614
       4860.00      0.594019
       4870.00      0.637249
       4880.00      0.664783
       4890.00      0.695272
       4900.00      0.785998
       4910.00      0.802730
       4920.00      0.849307
       4930.00      0.848019
       4940.00      0.901257
       4950.00      0.760018
       4960.00      0.555685
       4970.00      0.591078
       4980.00      0.626472
       4990.00      0.649985
       5000.00      0.601105
       5010.00      0.582509
       5020.00      0.662324
       5030.00      0.701202
       5040.00      0.747722
       5050.00      0.793491
       5060.00      0.817478
       5070.00      0.788952
       5080.00      0.830151
       5090.00      0.834976
       5100.00      0.807004
       5110.00      0.852540
       5120.00      0.903339
       5130.00      0.902692
       5140.00      0.877725
       5150.00      0.913475
       5160.00      0.784606
       5170.00      0.541405
       5180.00      0.611525
       5190.00      0.720468
       5200.00      0.682812
       5210.00      0.756645
       5220.00      0.902867
       5230.00      0.966299
       5240.00      0.950821
       5250.00      0.936219
       5260.00      0.916646
       5270.00      0.957067
       5280.00       1.14279
       5290.00       1.15494
       5300.00       1.16152
       5310.00       1.25984
       5320.00       1.13769
       5330.00       1.14038
       5340.00       1.22146
       5350.00       1.32747
       5360.00       1.34085
       5370.00       1.27330
       5380.00       1.38235
       5390.00       1.31921
       5400.00       1.26834
       5410.00       1.35223
       5420.00       1.43409
       5430.00       1.40251
       5440.00       1.38286
       5450.00       1.13624
       5460.00      0.991670
       5470.00       1.06130
       5480.00       1.15818
       5490.00       1.19719
       5500.00       1.19242
       5510.00       1.18247
       5520.00       1.27054
       5530.00       1.30609
       5540.00       1.40948
       5550.00       1.42625
       5560.00       1.41854
       5570.00       1.36341
       5580.00       1.36993
       5590.00       1.37770
       5600.00       1.29232
       5610.00       1.27473
       5620.00       1.26865
       5630.00       1.23341
       5640.00       1.28442
       5650.00       1.37066
       5660.00       1.43513
       5670.00       1.38976
       5680.00       1.50429
       5690.00       1.53303
       5700.00       1.55917
       5710.00       1.63276
       5720.00       1.63490
       5730.00       1.66571
       5740.00       1.67650
       5760.00       1.66448
       5780.00       1.76131
       5800.00       1.77001
       5820.00       1.73815
       5840.00       1.59274
       5860.00       1.42395
       5880.00       1.29031
       5900.00       1.21571
       5920.00       1.31780
       5940.00       1.32659
       5960.00       1.45040
       5980.00       1.59727
       6000.00       1.71935
       6020.00       1.84892
       6040.00       2.00603
       6060.00       2.12319
       6080.00       2.19376
       6100.00       2.32711
       6120.00       2.35452
       6140.00       2.11764
       6160.00       1.66193
       6180.00       1.43576
       6200.00       1.35853
       6220.00       1.32660
       6240.00       1.40592
       6260.00       1.56691
       6280.00       1.71436
       6300.00       1.88922
       6320.00       2.28114
       6340.00       2.35170
       6360.00       2.46337
       6380.00       2.66616
       6400.00       2.82304
       6420.00       2.78865
       6440.00       2.93641
       6460.00       2.93284
       6480.00       2.81134
       6500.00       2.81698
       6520.00       2.98803
       6540.00       2.98545
       6560.00       2.94150
       6580.00       2.99987
       6600.00       3.06764
       6620.00       2.96880
       6640.00       2.73284
       6660.00       2.48649
       6680.00       2.56033
       6700.00       2.46952
       6720.00       2.38775
       6740.00       2.45910
       6760.00       2.62092
       6780.00       2.63531
       6800.00       2.77990
       6820.00       3.03048
       6840.00       3.29736
       6860.00       3.27213
       6880.00       3.33946
       6900.00       3.69112
       6920.00       3.86112
       6940.00       4.02808
       6960.00       4.27928
       6980.00       4.32331
       7000.00       4.35587
       7020.00       4.32107
       7040.00       4.09569
       7060.00       3.50527
       7080.00       3.09982
       7100.00       2.88884
       7120.00       2.75630
       7140.00       2.61951
       7160.00       2.96141
       7180.00       3.19296
       7200.00       3.39544
       7220.00       3.66210
       7240.00       3.87894
       7260.00       4.16543
       7280.00       4.48469
       7300.00       4.83842
       7320.00       5.14532
       7340.00       5.22182
       7360.00       5.39108
       7380.00       5.39293
       7400.00       5.76935
       7420.00       5.87126
       7440.00       6.01968
       7460.00       6.08973
       7480.00       6.18328
       7500.00       6.32301
       7520.00       6.50570
       7540.00       6.89208
       7560.00       6.96551
       7580.00       6.44289
       7600.00       5.27066
       7620.00       6.46439
       7640.00       5.96215
       7660.00       5.68731
       7680.00       4.94599
       7700.00       5.28571
       7720.00       5.52003
       7740.00       5.38393
       7760.00       5.72726
       7780.00       5.94394
       7800.00       6.22728
       7820.00       6.25612
       7840.00       6.26750
       7860.00       6.32517
       7880.00       6.40431
       7900.00       6.45773
       7920.00       6.47209
       7940.00       6.63484
       7960.00       6.64689
       7980.00       6.85942
       8000.00       6.82173
       8020.00       7.00247
       8040.00       7.30849
       8060.00       7.42420
       8080.00       7.21307
       8100.00       6.81072
       8120.00       7.49164
       8140.00       7.55222
       8160.00       7.41289
       8180.00       7.37642
       8200.00       7.84806
       8220.00       7.63690
       8240.00       7.76402
       8260.00       8.00123
       8280.00       7.73341
       8300.00       7.60116
       8320.00       7.51334
       8340.00       7.24690
       8360.00       7.43380
       8380.00       7.71615
       8400.00       7.98609
       8420.00       7.63113
       8440.00       7.45476
       8460.00       6.89584
       8480.00       7.44234
       8500.00       7.48114
       8520.00       7.12231
       8540.00       7.24366
       8560.00       8.30085
       8580.00       8.31148
       8600.00       8.40679
       8620.00       8.66078
       8640.00       8.20001
       8660.00       8.08951
       8680.00       8.37869
       8700.00       8.76180
       8720.00       9.11857
       8740.00       9.25301
       8760.00       9.33790
       8780.00       9.29222
       8800.00       9.18992
       8820.00       8.78839
       8840.00       9.43119
       8860.00       9.12769
       8880.00       9.23585
       8900.00       8.91810
       8920.00       9.28254
       8940.00       9.26177
       8960.00       9.28096
       8980.00       9.17278
       9000.00       9.06508
       9020.00       9.74989
       9040.00       10.1393
       9060.00       9.39931
       9080.00       8.93800
       9100.00       9.53071
       9120.00       9.49414
       9140.00       9.03566
       9160.00       8.85994
       9180.00       8.73947
       9200.00       9.76103
       9220.00       9.73211
       9240.00       9.87341
       9260.00       9.34289
       9280.00       10.4082
       9300.00       9.66375
       9320.00       8.83049
       9340.00       10.2190
       9360.00       9.21254
       9380.00       9.81744
       9400.00       10.7694
       9420.00       8.75191
       9440.00       8.68796
       9460.00       9.80238
       9480.00       9.51794
       9500.00       9.91151
       9520.00       10.2059
       9540.00       9.99726
       9560.00       10.2753
       9580.00       10.2165
       9600.00       9.85292
       9620.00       9.98096
       9640.00       9.76016
       9660.00       10.2059
       9680.00       10.4800
       9700.00       10.2964
       9720.00       10.4148
       9740.00       10.2541
       9760.00       10.0867
       9780.00       10.3948
       9800.00       10.4537
       9820.00       10.5779
       9840.00       10.8904
       9860.00       10.9625
       9880.00       10.5643
       9900.00       9.95124
       9920.00       10.7954
       9940.00       10.7665
       9960.00       10.8740
       9980.00       10.7376
       10000.0       10.8662
       10020.0       10.7589
       10040.0       10.7019
       10060.0       10.7730
       10080.0       10.8296
       10100.0       11.0486
       10120.0       10.5891
       10140.0       10.5893
       10160.0       10.6810
       10180.0       10.6109
       10200.0       10.7582
       10220.0       10.8700
       10240.0       10.7720
       10260.0       10.3610
       10280.0       10.9872
       10300.0       10.7370
       10320.0       10.9238
       10340.0       10.7922
       10360.0       11.1713
       10380.0       10.6336
       10400.0       10.7368
       10420.0       10.9630
       10440.0       11.1541
       10460.0       11.0713
       10480.0       10.6684
       10500.0       10.8522
       10520.0       10.6686
       10540.0       10.5060
       10560.0       10.6688
       10580.0       10.3920
       10600.0       10.4331
       10620.0       10.1309
