       3160.00      0.376606
       3170.00      0.411960
       3180.00      0.384038
       3190.00      0.384626
       3200.00      0.394462
       3210.00      0.381096
       3220.00      0.382655
       3230.00      0.359760
       3240.00      0.362497
       3250.00      0.386316
       3260.00      0.387521
       3270.00      0.359330
       3280.00      0.354117
       3290.00      0.410197
       3300.00      0.396518
       3310.00      0.392495
       3320.00      0.392721
       3330.00      0.393102
       3340.00      0.382282
       3350.00      0.397113
       3360.00      0.405052
       3370.00      0.382733
       3380.00      0.394817
       3390.00      0.397024
       3400.00      0.399217
       3410.00      0.405816
       3420.00      0.403566
       3430.00      0.384670
       3440.00      0.401220
       3450.00      0.409392
       3460.00      0.405806
       3470.00      0.400146
       3480.00      0.407206
       3490.00      0.393983
       3500.00      0.400427
       3510.00      0.422373
       3520.00      0.425010
       3530.00      0.431605
       3540.00      0.454157
       3550.00      0.449366
       3560.00      0.443435
       3570.00      0.442193
       3580.00      0.428479
       3590.00      0.416578
       3600.00      0.434467
       3610.00      0.432976
       3620.00      0.422453
       3630.00      0.429732
       3640.00      0.432262
       3650.00      0.442178
       3660.00      0.431177
       3670.00      0.440476
       3680.00      0.443514
       3690.00      0.432599
       3700.00      0.443082
       3710.00      0.454349
       3720.00      0.476447
       3730.00      0.491046
       3740.00      0.526817
       3750.00      0.538849
       3760.00      0.583974
       3770.00      0.644291
       3780.00      0.686836
       3790.00      0.718741
       3800.00      0.631686
       3810.00      0.777139
       3820.00      0.867437
       3830.00      0.678412
       3840.00      0.626459
       3850.00      0.847051
       3860.00       1.06327
       3870.00       1.07005
       3880.00      0.859513
       3890.00      0.653260
       3900.00      0.760138
       3910.00       1.02284
       3920.00       1.18680
       3930.00       1.14280
       3940.00       1.11736
       3950.00       1.16713
       3960.00      0.953648
       3970.00      0.699630
       3980.00      0.872765
       3990.00       1.21102
       4000.00       1.35838
       4010.00       1.37960
       4020.00       1.42527
       4030.00       1.40111
       4040.00       1.38093
       4050.00       1.41985
       4060.00       1.36645
       4070.00       1.27171
       4080.00       1.21410
       4090.00      0.928290
       4100.00      0.770189
       4110.00      0.835806
       4120.00       1.14381
       4130.00       1.24481
       4140.00       1.30617
       4150.00       1.34433
       4160.00       1.34609
       4170.00       1.29054
       4180.00       1.27751
       4190.00       1.32282
       4200.00       1.33203
       4210.00       1.35848
       4220.00       1.34911
       4230.00       1.31767
       4240.00       1.34029
       4250.00       1.40925
       4260.00       1.37424
       4270.00       1.28708
       4280.00       1.29985
       4290.00       1.23628
       4300.00       1.12154
       4310.00       1.14136
       4320.00       1.15194
       4330.00       1.05163
       4340.00      0.803481
       4350.00      0.954964
       4360.00       1.09777
       4370.00       1.24099
       4380.00       1.20613
       4390.00       1.18232
       4400.00       1.25496
       4410.00       1.28745
       4420.00       1.26456
       4430.00       1.28985
       4440.00       1.25886
       4450.00       1.23269
       4460.00       1.21711
       4470.00       1.23531
       4480.00       1.23835
       4490.00       1.20782
       4500.00       1.24092
       4510.00       1.27042
       4520.00       1.23313
       4530.00       1.23844
       4540.00       1.23228
       4550.00       1.19190
       4560.00       1.19270
       4570.00       1.23101
       4580.00       1.20564
       4590.00       1.20414
       4600.00       1.22863
       4610.00       1.23160
       4620.00       1.22668
       4630.00       1.22852
       4640.00       1.22811
       4650.00       1.20983
       4660.00       1.19497
       4670.00       1.20576
       4680.00       1.24203
       4690.00       1.26154
       4700.00       1.22127
       4710.00       1.20986
       4720.00       1.22270
       4730.00       1.21023
       4740.00       1.20001
       4750.00       1.20076
       4760.00       1.18842
       4770.00       1.18811
       4780.00       1.18345
       4790.00       1.18640
       4800.00       1.17419
       4810.00       1.14583
       4820.00       1.10896
       4830.00       1.08086
       4840.00       1.01906
       4850.00      0.871722
       4860.00      0.671231
       4870.00      0.735452
       4880.00      0.944176
       4890.00       1.06133
       4900.00       1.07178
       4910.00       1.07911
       4920.00       1.06636
       4930.00       1.06209
       4940.00       1.08097
       4950.00       1.09558
       4960.00       1.08604
       4970.00       1.08595
       4980.00       1.06916
       4990.00       1.07014
       5000.00       1.06800
       5010.00       1.05861
       5020.00       1.05340
       5030.00       1.05544
       5040.00       1.06056
       5050.00       1.04508
       5060.00       1.04302
       5070.00       1.04404
       5080.00       1.03687
       5090.00       1.03891
       5100.00       1.03586
       5110.00       1.05009
       5120.00       1.04500
       5130.00       1.01066
       5140.00       1.01163
       5150.00       1.02580
       5160.00       1.02180
       5170.00       1.00877
       5180.00       1.00111
       5190.00      0.994673
       5200.00      0.990163
       5210.00      0.991653
       5220.00      0.986270
       5230.00      0.967301
       5240.00      0.974476
       5250.00      0.996366
       5260.00      0.966129
       5270.00      0.931867
       5280.00      0.936989
       5290.00      0.957312
       5300.00      0.957270
       5310.00      0.951065
       5320.00      0.952792
       5330.00      0.954220
       5340.00      0.955644
       5350.00      0.959780
       5360.00      0.951593
       5370.00      0.948274
       5380.00      0.948056
       5390.00      0.948321
       5400.00      0.936656
       5410.00      0.920810
       5420.00      0.938280
       5430.00      0.952336
       5440.00      0.951159
       5450.00      0.947317
       5460.00      0.929313
       5470.00      0.938345
       5480.00      0.933220
       5490.00      0.944388
       5500.00      0.945410
       5510.00      0.938321
       5520.00      0.936903
       5530.00      0.944039
       5540.00      0.943272
       5550.00      0.951868
       5560.00      0.954828
       5570.00      0.940990
       5580.00      0.945820
       5590.00      0.945986
       5600.00      0.937804
       5610.00      0.944466
       5620.00      0.953877
       5630.00      0.961409
       5640.00      0.956941
       5650.00      0.953409
       5660.00      0.948053
       5670.00      0.943633
       5680.00      0.940142
       5690.00      0.934839
       5700.00      0.931376
       5710.00      0.926106
       5720.00      0.922670
       5730.00      0.918340
       5740.00      0.914026
       5760.00      0.915361
       5780.00      0.920282
       5800.00      0.925169
       5820.00      0.918420
       5840.00      0.908159
       5860.00      0.897968
       5880.00      0.895797
       5900.00      0.885717
       5920.00      0.883602
       5940.00      0.883250
       5960.00      0.877672
       5980.00      0.878211
       6000.00      0.868358
       6020.00      0.864610
       6040.00      0.860887
       6060.00      0.856160
       6080.00      0.850524
       6100.00      0.857529
       6120.00      0.848021
       6140.00      0.839167
       6160.00      0.826239
       6180.00      0.824237
       6200.00      0.824679
       6220.00      0.825701
       6240.00      0.819142
       6260.00      0.820508
       6280.00      0.814173
       6300.00      0.805817
       6320.00      0.802363
       6340.00      0.794342
       6360.00      0.794539
       6380.00      0.790013
       6400.00      0.784703
       6420.00      0.780802
       6440.00      0.777652
       6460.00      0.763182
       6480.00      0.763633
       6500.00      0.759045
       6520.00      0.747953
       6540.00      0.703569
       6560.00      0.599988
       6580.00      0.611664
       6600.00      0.725822
       6620.00      0.745051
       6640.00      0.743667
       6660.00      0.744242
       6680.00      0.726072
       6700.00      0.717082
       6720.00      0.718890
       6740.00      0.715447
       6760.00      0.698576
       6780.00      0.700193
       6800.00      0.688738
       6820.00      0.692887
       6840.00      0.714556
       6860.00      0.694148
       6880.00      0.659362
       6900.00      0.661290
       6920.00      0.670789
       6940.00      0.673946
       6960.00      0.669919
       6980.00      0.667851
       7000.00      0.656889
       7020.00      0.654648
       7040.00      0.647844
       7060.00      0.656972
       7080.00      0.656290
       7100.00      0.654881
       7120.00      0.647132
       7140.00      0.649102
       7160.00      0.669126
       7180.00      0.680864
       7200.00      0.654082
       7220.00      0.650759
       7240.00      0.643509
       7260.00      0.636226
       7280.00      0.635620
       7300.00      0.626478
       7320.00      0.625689
       7340.00      0.616200
       7360.00      0.614737
       7380.00      0.615746
       7400.00      0.602920
       7420.00      0.597025
       7440.00      0.605194
       7460.00      0.600578
       7480.00      0.594458
       7500.00      0.596821
       7520.00      0.583974
       7540.00      0.572711
       7560.00      0.568585
       7580.00      0.603611
       7600.00      0.524036
       7620.00      0.499278
       7640.00      0.542573
       7660.00      0.549159
       7680.00      0.536230
       7700.00      0.569041
       7720.00      0.575237
       7740.00      0.565227
       7760.00      0.558750
       7780.00      0.541423
       7800.00      0.558216
       7820.00      0.552935
       7840.00      0.540990
       7860.00      0.547412
       7880.00      0.537980
       7900.00      0.527347
       7920.00      0.527720
       7940.00      0.527503
       7960.00      0.527483
       7980.00      0.527723
       8000.00      0.519781
       8020.00      0.524379
       8040.00      0.531538
       8060.00      0.520810
       8080.00      0.511484
       8100.00      0.518430
       8120.00      0.521823
       8140.00      0.536431
       8160.00      0.521748
       8180.00      0.520853
       8200.00      0.495194
       8220.00      0.510167
       8240.00      0.500103
       8260.00      0.495496
       8280.00      0.504274
       8300.00      0.500117
       8320.00      0.489051
       8340.00      0.471248
       8360.00      0.480062
       8380.00      0.494785
       8400.00      0.494658
       8420.00      0.488918
       8440.00      0.470834
       8460.00      0.475247
       8480.00      0.480987
       8500.00      0.475822
       8520.00      0.482936
       8540.00      0.477486
       8560.00      0.487112
       8580.00      0.480164
       8600.00      0.451685
       8620.00      0.497882
       8640.00      0.477010
       8660.00      0.450115
       8680.00      0.461885
       8700.00      0.504589
       8720.00      0.498726
       8740.00      0.435951
       8760.00      0.430152
       8780.00      0.499045
       8800.00      0.488702
       8820.00      0.477405
       8840.00      0.442302
       8860.00      0.446345
       8880.00      0.435045
       8900.00      0.471946
       8920.00      0.484748
       8940.00      0.478260
       8960.00      0.522819
       8980.00      0.499326
       9000.00      0.443385
       9020.00      0.416314
       9040.00      0.460385
       9060.00      0.483163
       9080.00      0.472888
       9100.00      0.480925
       9120.00      0.490237
       9140.00      0.505362
       9160.00      0.494561
       9180.00      0.482449
       9200.00      0.450064
       9220.00      0.402043
       9240.00      0.385151
       9260.00      0.429084
       9280.00      0.478874
       9300.00      0.531130
       9320.00      0.509925
       9340.00      0.597875
       9360.00      0.540101
       9380.00      0.526655
       9400.00      0.540456
       9420.00      0.483171
       9440.00      0.500087
       9460.00      0.490024
       9480.00      0.559457
       9500.00      0.493975
       9520.00      0.483062
       9540.00      0.403858
       9560.00      0.414750
       9580.00      0.453901
       9600.00      0.449005
       9620.00      0.451959
       9640.00      0.423217
       9660.00      0.434009
       9680.00      0.422756
       9700.00      0.422687
       9720.00      0.425131
       9740.00      0.431085
       9760.00      0.409870
       9780.00      0.414396
       9800.00      0.401730
       9820.00      0.431752
       9840.00      0.429238
       9860.00      0.407926
       9880.00      0.401106
       9900.00      0.394577
       9920.00      0.405354
       9940.00      0.394870
       9960.00      0.402944
       9980.00      0.388551
       10000.0      0.401488
       10020.0      0.368907
       10040.0      0.334180
       10060.0      0.314720
       10080.0      0.366969
       10100.0      0.385632
       10120.0      0.367418
       10140.0      0.383855
       10160.0      0.371697
       10180.0      0.374794
       10200.0      0.383023
       10220.0      0.379579
       10240.0      0.346879
       10260.0      0.384428
       10280.0      0.358111
       10300.0      0.370024
       10320.0      0.376102
       10340.0      0.378289
       10360.0      0.378862
       10380.0      0.380935
       10400.0      0.370612
       10420.0      0.364816
       10440.0      0.358246
       10460.0      0.368039
       10480.0      0.369319
       10500.0      0.344968
       10520.0      0.346386
       10540.0      0.351150
       10560.0      0.385854
       10580.0      0.361557
       10600.0      0.368373
       10620.0      0.356380
