       3160.00       1.68150
       3170.00       1.89414
       3180.00       1.78469
       3190.00       1.76407
       3200.00       1.85459
       3210.00       1.78906
       3220.00       1.76726
       3230.00       1.76112
       3240.00       1.81891
       3250.00       1.87970
       3260.00       1.92608
       3270.00       1.86021
       3280.00       1.72829
       3290.00       1.87407
       3300.00       1.97869
       3310.00       1.88382
       3320.00       1.89522
       3330.00       1.86203
       3340.00       1.79969
       3350.00       1.91663
       3360.00       1.87784
       3370.00       1.84252
       3380.00       1.86866
       3390.00       1.91844
       3400.00       1.91408
       3410.00       1.97302
       3420.00       1.98956
       3430.00       2.00028
       3440.00       1.93427
       3450.00       1.90529
       3460.00       1.93632
       3470.00       1.89682
       3480.00       1.92895
       3490.00       1.89470
       3500.00       1.90859
       3510.00       1.95158
       3520.00       1.96338
       3530.00       2.02264
       3540.00       1.97137
       3550.00       2.01063
       3560.00       1.98478
       3570.00       1.96396
       3580.00       1.86533
       3590.00       1.91599
       3600.00       1.96636
       3610.00       1.94039
       3620.00       1.99523
       3630.00       1.99694
       3640.00       1.99684
       3650.00       2.05049
       3660.00       2.08955
       3670.00       2.10701
       3680.00       2.05568
       3690.00       2.07551
       3700.00       2.06224
       3710.00       2.10956
       3720.00       2.27262
       3730.00       2.28990
       3740.00       2.34438
       3750.00       2.57002
       3760.00       2.65941
       3770.00       2.74601
       3780.00       3.25997
       3790.00       3.18869
       3800.00       2.95547
       3810.00       3.84181
       3820.00       4.01033
       3830.00       3.01711
       3840.00       3.00811
       3850.00       4.17042
       3860.00       4.84790
       3870.00       4.70809
       3880.00       3.58544
       3890.00       2.87252
       3900.00       3.70509
       3910.00       4.79203
       3920.00       5.17956
       3930.00       4.54804
       3940.00       4.51437
       3950.00       4.88255
       3960.00       3.71830
       3970.00       2.95188
       3980.00       3.99422
       3990.00       5.33122
       4000.00       5.89545
       4010.00       6.15794
       4020.00       6.16431
       4030.00       6.15983
       4040.00       6.14997
       4050.00       6.09712
       4060.00       5.88885
       4070.00       5.52631
       4080.00       5.01490
       4090.00       4.06851
       4100.00       3.19371
       4110.00       3.85357
       4120.00       4.93765
       4130.00       5.48824
       4140.00       5.88561
       4150.00       5.97121
       4160.00       6.04592
       4170.00       5.95302
       4180.00       5.82929
       4190.00       5.97662
       4200.00       6.07136
       4210.00       6.11389
       4220.00       6.00644
       4230.00       5.95617
       4240.00       5.96269
       4250.00       5.97942
       4260.00       6.04725
       4270.00       6.03819
       4280.00       5.88150
       4290.00       5.55789
       4300.00       5.34729
       4310.00       5.06182
       4320.00       4.69140
       4330.00       3.66533
       4340.00       3.14315
       4350.00       4.08888
       4360.00       5.11874
       4370.00       5.49105
       4380.00       5.49344
       4390.00       5.54547
       4400.00       5.63193
       4410.00       5.64387
       4420.00       5.65576
       4430.00       5.75123
       4440.00       5.64501
       4450.00       5.59314
       4460.00       5.46821
       4470.00       5.44622
       4480.00       5.42434
       4490.00       5.49477
       4500.00       5.51162
       4510.00       5.52356
       4520.00       5.46795
       4530.00       5.39333
       4540.00       5.37665
       4550.00       5.31214
       4560.00       5.40565
       4570.00       5.46058
       4580.00       5.32018
       4590.00       5.37506
       4600.00       5.48183
       4610.00       5.46048
       4620.00       5.44394
       4630.00       5.40394
       4640.00       5.43457
       4650.00       5.43694
       4660.00       5.28497
       4670.00       5.25498
       4680.00       5.37881
       4690.00       5.37198
       4700.00       5.28636
       4710.00       5.35380
       4720.00       5.33784
       4730.00       5.30812
       4740.00       5.26474
       4750.00       5.25366
       4760.00       5.19683
       4770.00       5.21335
       4780.00       5.17053
       4790.00       5.13698
       4800.00       5.11266
       4810.00       5.03406
       4820.00       4.77040
       4830.00       4.56198
       4840.00       4.13873
       4850.00       3.21662
       4860.00       2.78084
       4870.00       3.41554
       4880.00       4.10927
       4890.00       4.46144
       4900.00       4.64804
       4910.00       4.66965
       4920.00       4.67787
       4930.00       4.75238
       4940.00       4.78688
       4950.00       4.79482
       4960.00       4.81152
       4970.00       4.82815
       4980.00       4.71342
       4990.00       4.70834
       5000.00       4.71200
       5010.00       4.60689
       5020.00       4.67152
       5030.00       4.70123
       5040.00       4.63136
       5050.00       4.63945
       5060.00       4.63028
       5070.00       4.51798
       5080.00       4.56486
       5090.00       4.54305
       5100.00       4.49995
       5110.00       4.61910
       5120.00       4.65265
       5130.00       4.60109
       5140.00       4.50734
       5150.00       4.54937
       5160.00       4.43496
       5170.00       4.38422
       5180.00       4.45149
       5190.00       4.37993
       5200.00       4.45952
       5210.00       4.38403
       5220.00       4.35058
       5230.00       4.26725
       5240.00       4.30486
       5250.00       4.39629
       5260.00       4.23877
       5270.00       4.14801
       5280.00       4.22271
       5290.00       4.32597
       5300.00       4.26024
       5310.00       4.17423
       5320.00       4.12951
       5330.00       4.11767
       5340.00       4.17935
       5350.00       4.24079
       5360.00       4.15155
       5370.00       4.07483
       5380.00       4.10371
       5390.00       4.05971
       5400.00       4.01344
       5410.00       4.00522
       5420.00       3.92907
       5430.00       3.96960
       5440.00       4.00116
       5450.00       4.04301
       5460.00       3.96615
       5470.00       3.91666
       5480.00       3.92105
       5490.00       3.94408
       5500.00       3.94126
       5510.00       3.95072
       5520.00       3.93843
       5530.00       3.89978
       5540.00       3.91281
       5550.00       3.90419
       5560.00       3.91128
       5570.00       3.89291
       5580.00       3.79219
       5590.00       3.79008
       5600.00       3.84014
       5610.00       3.80959
       5620.00       3.82492
       5630.00       3.75503
       5640.00       3.75648
       5650.00       3.76488
       5660.00       3.74937
       5670.00       3.69394
       5680.00       3.70432
       5690.00       3.67291
       5700.00       3.70624
       5710.00       3.64669
       5720.00       3.64108
       5730.00       3.68265
       5740.00       3.64548
       5760.00       3.65893
       5780.00       3.60630
       5800.00       3.61941
       5820.00       3.60361
       5840.00       3.59462
       5860.00       3.51057
       5880.00       3.41783
       5900.00       3.45427
       5920.00       3.47499
       5940.00       3.44385
       5960.00       3.43887
       5980.00       3.46455
       6000.00       3.44319
       6020.00       3.44116
       6040.00       3.52972
       6060.00       3.47204
       6080.00       3.48535
       6100.00       3.47821
       6120.00       3.44548
       6140.00       3.30576
       6160.00       3.31342
       6180.00       3.29283
       6200.00       3.30013
       6220.00       3.23801
       6240.00       3.20249
       6260.00       3.23891
       6280.00       3.20707
       6300.00       3.18548
       6320.00       3.16505
       6340.00       3.13685
       6360.00       3.14652
       6380.00       3.10420
       6400.00       3.09859
       6420.00       3.06483
       6440.00       3.03128
       6460.00       3.04956
       6480.00       2.98230
       6500.00       2.92417
       6520.00       2.83665
       6540.00       2.40608
       6560.00       2.34890
       6580.00       2.69452
       6600.00       2.88449
       6620.00       2.90376
       6640.00       2.87532
       6660.00       2.88566
       6680.00       2.88224
       6700.00       2.87787
       6720.00       2.84920
       6740.00       2.81002
       6760.00       2.79204
       6780.00       2.79666
       6800.00       2.78651
       6820.00       2.78441
       6840.00       2.76990
       6860.00       2.68875
       6880.00       2.60142
       6900.00       2.68958
       6920.00       2.70134
       6940.00       2.64205
       6960.00       2.61598
       6980.00       2.58788
       7000.00       2.58142
       7020.00       2.57469
       7040.00       2.52341
       7060.00       2.59251
       7080.00       2.57842
       7100.00       2.56471
       7120.00       2.56301
       7140.00       2.51249
       7160.00       2.48660
       7180.00       2.46419
       7200.00       2.47581
       7220.00       2.42428
       7240.00       2.37423
       7260.00       2.38150
       7280.00       2.38873
       7300.00       2.39741
       7320.00       2.39711
       7340.00       2.37989
       7360.00       2.35803
       7380.00       2.35252
       7400.00       2.36060
       7420.00       2.33015
       7440.00       2.34497
       7460.00       2.31356
       7480.00       2.33506
       7500.00       2.33406
       7520.00       2.35742
       7540.00       2.40001
       7560.00       2.38213
       7580.00       2.06963
       7600.00       1.74357
       7620.00       2.27957
       7640.00       2.28359
       7660.00       2.25202
       7680.00       2.09632
       7700.00       2.19616
       7720.00       2.20770
       7740.00       2.17383
       7760.00       2.13284
       7780.00       2.14585
       7800.00       2.16074
       7820.00       2.16246
       7840.00       2.18725
       7860.00       2.13122
       7880.00       2.08875
       7900.00       2.09118
       7920.00       2.08177
       7940.00       2.08257
       7960.00       2.05543
       7980.00       2.01641
       8000.00       2.03290
       8020.00       2.00473
       8040.00       1.99920
       8060.00       2.02885
       8080.00       1.98013
       8100.00       1.97766
       8120.00       1.94568
       8140.00       1.88896
       8160.00       1.84026
       8180.00       1.87652
       8200.00       1.77121
       8220.00       1.71759
       8240.00       1.67427
       8260.00       1.70083
       8280.00       1.79016
       8300.00       1.79189
       8320.00       1.70035
       8340.00       1.72136
       8360.00       1.70707
       8380.00       1.78622
       8400.00       1.77626
       8420.00       1.67860
       8440.00       1.63899
       8460.00       1.70802
       8480.00       1.64745
       8500.00       1.76383
       8520.00       1.66171
       8540.00       1.74230
       8560.00       1.85025
       8580.00       1.88734
       8600.00       1.82492
       8620.00       1.91044
       8640.00       1.78898
       8660.00       1.80926
       8680.00       1.84978
       8700.00       1.89939
       8720.00       1.80831
       8740.00       1.67350
       8760.00       1.83637
       8780.00       1.97194
       8800.00       1.92239
       8820.00       1.81054
       8840.00       1.67084
       8860.00       1.60877
       8880.00       1.80002
       8900.00       1.79353
       8920.00       1.83740
       8940.00       1.83499
       8960.00       1.78687
       8980.00       1.54189
       9000.00       1.41399
       9020.00       1.60609
       9040.00       1.67510
       9060.00       1.68415
       9080.00       1.66364
       9100.00       1.75076
       9120.00       1.73306
       9140.00       1.71543
       9160.00       1.71216
       9180.00       1.67140
       9200.00       1.48843
       9220.00       1.41783
       9240.00       1.61549
       9260.00       1.58094
       9280.00       1.72243
       9300.00       1.53547
       9320.00       1.43185
       9340.00       1.49856
       9360.00       1.44180
       9380.00       1.56001
       9400.00       1.51821
       9420.00       1.45436
       9440.00       1.46652
       9460.00       1.39937
       9480.00       1.46746
       9500.00       1.37375
       9520.00       1.26052
       9540.00       1.22840
       9560.00       1.25661
       9580.00       1.47603
       9600.00       1.49815
       9620.00       1.44339
       9640.00       1.49556
       9660.00       1.60256
       9680.00       1.63617
       9700.00       1.56539
       9720.00       1.52383
       9740.00       1.55404
       9760.00       1.52853
       9780.00       1.49821
       9800.00       1.51362
       9820.00       1.46171
       9840.00       1.50724
       9860.00       1.43809
       9880.00       1.42680
       9900.00       1.47697
       9920.00       1.45620
       9940.00       1.44932
       9960.00       1.41972
       9980.00       1.47955
       10000.0       1.41622
       10020.0       1.22133
       10040.0       1.12381
       10060.0       1.30400
       10080.0       1.36822
       10100.0       1.35494
       10120.0       1.33697
       10140.0       1.44502
       10160.0       1.38297
       10180.0       1.34472
       10200.0       1.32434
       10220.0       1.31877
       10240.0       1.33748
       10260.0       1.31957
       10280.0       1.35199
       10300.0       1.34175
       10320.0       1.31929
       10340.0       1.35026
       10360.0       1.37037
       10380.0       1.33015
       10400.0       1.32843
       10420.0       1.35223
       10440.0       1.30434
       10460.0       1.35519
       10480.0       1.26629
       10500.0       1.31017
       10520.0       1.21818
       10540.0       1.19457
       10560.0       1.17642
       10580.0       1.17151
       10600.0       1.24147
       10620.0       1.22087
