       3160.00       32.9470
       3170.00       33.7106
       3180.00       33.3884
       3190.00       32.6910
       3200.00       31.4744
       3210.00       32.1929
       3220.00       32.3064
       3230.00       31.3018
       3240.00       31.4041
       3250.00       30.8051
       3260.00       30.2493
       3270.00       30.0516
       3280.00       29.8814
       3290.00       28.7719
       3300.00       28.6717
       3310.00       28.7408
       3320.00       28.4472
       3330.00       29.2908
       3340.00       28.1482
       3350.00       27.8589
       3360.00       27.7760
       3370.00       27.0433
       3380.00       27.2303
       3390.00       27.0232
       3400.00       26.4130
       3410.00       26.3355
       3420.00       26.5223
       3430.00       25.9314
       3440.00       25.6811
       3450.00       25.4697
       3460.00       25.2346
       3470.00       25.1743
       3480.00       24.7069
       3490.00       24.8700
       3500.00       24.7621
       3510.00       24.8874
       3520.00       24.4627
       3530.00       24.4664
       3540.00       24.1546
       3550.00       23.5419
       3560.00       23.4516
       3570.00       23.8192
       3580.00       23.4646
       3590.00       23.6027
       3600.00       23.7043
       3610.00       23.6029
       3620.00       23.1697
       3630.00       23.1177
       3640.00       22.8299
       3650.00       23.2854
       3660.00       22.5526
       3670.00       22.1750
       3680.00       21.9396
       3690.00       21.5774
       3700.00       21.1591
       3710.00       20.7314
       3720.00       20.7565
       3730.00       20.7585
       3740.00       20.8753
       3750.00       20.7853
       3760.00       20.1815
       3770.00       20.6978
       3780.00       20.8363
       3790.00       20.5772
       3800.00       20.3987
       3810.00       20.8978
       3820.00       20.7306
       3830.00       20.0033
       3840.00       19.9065
       3850.00       19.9217
       3860.00       20.1373
       3870.00       19.5412
       3880.00       18.7489
       3890.00       18.5018
       3900.00       18.9281
       3910.00       19.1874
       3920.00       19.0070
       3930.00       18.7071
       3940.00       18.7142
       3950.00       19.0040
       3960.00       18.3267
       3970.00       17.8043
       3980.00       18.6233
       3990.00       19.0827
       4000.00       19.1747
       4010.00       19.0518
       4020.00       18.4914
       4030.00       18.2962
       4040.00       18.6019
       4050.00       18.8425
       4060.00       18.7114
       4070.00       18.6760
       4080.00       18.4090
       4090.00       17.6706
       4100.00       16.9987
       4110.00       17.8042
       4120.00       18.6370
       4130.00       19.0601
       4140.00       18.2564
       4150.00       17.8707
       4160.00       17.7348
       4170.00       17.5892
       4180.00       17.4546
       4190.00       17.0541
       4200.00       16.5224
       4210.00       17.1261
       4220.00       17.0856
       4230.00       16.7506
       4240.00       16.6503
       4250.00       16.7526
       4260.00       16.4309
       4270.00       16.4830
       4280.00       16.5549
       4290.00       16.5464
       4300.00       16.4579
       4310.00       16.1107
       4320.00       16.2325
       4330.00       15.5699
       4340.00       14.8805
       4350.00       15.2118
       4360.00       15.6697
       4370.00       15.6142
       4380.00       15.3431
       4390.00       14.9068
       4400.00       14.9315
       4410.00       15.0633
       4420.00       14.7473
       4430.00       14.5200
       4440.00       14.4873
       4450.00       14.6575
       4460.00       14.2586
       4470.00       13.9287
       4480.00       14.1566
       4490.00       14.2494
       4500.00       14.2846
       4510.00       13.6146
       4520.00       13.3944
       4530.00       13.4502
       4540.00       13.3070
       4550.00       13.3816
       4560.00       13.4842
       4570.00       13.3136
       4580.00       13.2377
       4590.00       13.1995
       4600.00       13.1334
       4610.00       13.4684
       4620.00       13.4114
       4630.00       13.7907
       4640.00       13.9925
       4650.00       13.5189
       4660.00       13.1487
       4670.00       12.9641
       4680.00       13.0650
       4690.00       12.9821
       4700.00       12.7808
       4710.00       12.4891
       4720.00       12.4536
       4730.00       12.4363
       4740.00       12.3466
       4750.00       12.2754
       4760.00       12.2316
       4770.00       12.2600
       4780.00       12.1085
       4790.00       11.7423
       4800.00       11.7179
       4810.00       11.6667
       4820.00       11.5712
       4830.00       11.3871
       4840.00       11.1594
       4850.00       10.9414
       4860.00       10.5476
       4870.00       10.6936
       4880.00       10.8830
       4890.00       10.9310
       4900.00       10.8386
       4910.00       10.7115
       4920.00       10.5849
       4930.00       10.7465
       4940.00       10.5595
       4950.00       10.4687
       4960.00       10.3609
       4970.00       10.2882
       4980.00       10.2589
       4990.00       10.2039
       5000.00       10.1749
       5010.00       10.1032
       5020.00       9.98032
       5030.00       9.96048
       5040.00       9.86398
       5050.00       9.78489
       5060.00       9.78254
       5070.00       9.72087
       5080.00       9.71865
       5090.00       9.57293
       5100.00       9.46991
       5110.00       9.36729
       5120.00       9.40774
       5130.00       9.40615
       5140.00       9.37113
       5150.00       9.32791
       5160.00       9.32648
       5170.00       9.15053
       5180.00       9.22411
       5190.00       9.03248
       5200.00       9.13906
       5210.00       8.89059
       5220.00       8.84886
       5230.00       8.80730
       5240.00       8.70849
       5250.00       8.83922
       5260.00       8.77340
       5270.00       8.69968
       5280.00       8.64252
       5290.00       8.58557
       5300.00       8.52072
       5310.00       8.55323
       5320.00       8.48061
       5330.00       8.47276
       5340.00       8.39252
       5350.00       8.35274
       5360.00       8.22493
       5370.00       8.32163
       5380.00       8.24227
       5390.00       8.22698
       5400.00       8.13217
       5410.00       7.95035
       5420.00       7.92379
       5430.00       8.07933
       5440.00       8.06448
       5450.00       7.88254
       5460.00       7.84056
       5470.00       7.76810
       5480.00       7.68884
       5490.00       7.73041
       5500.00       7.68276
       5510.00       7.73354
       5520.00       7.66738
       5530.00       7.69236
       5540.00       7.65831
       5550.00       7.58645
       5560.00       7.60758
       5570.00       7.62863
       5580.00       7.62651
       5590.00       7.48450
       5600.00       7.36065
       5610.00       7.42565
       5620.00       7.39944
       5630.00       7.45422
       5640.00       7.41129
       5650.00       7.36700
       5660.00       7.32437
       5670.00       7.28114
       5680.00       7.23882
       5690.00       7.19665
       5700.00       7.15538
       5710.00       7.11350
       5720.00       7.07176
       5730.00       7.03168
       5740.00       6.99098
       5760.00       6.82348
       5780.00       6.61104
       5800.00       6.64233
       5820.00       6.65125
       5840.00       6.52620
       5860.00       6.32795
       5880.00       6.30277
       5900.00       6.36661
       5920.00       6.38938
       5940.00       6.28829
       5960.00       6.19654
       5980.00       6.10037
       6000.00       6.00699
       6020.00       5.95777
       6040.00       5.95227
       6060.00       5.92695
       6080.00       5.89827
       6100.00       5.86766
       6120.00       5.87305
       6140.00       5.74755
       6160.00       5.62356
       6180.00       5.52054
       6200.00       5.53115
       6220.00       5.60800
       6240.00       5.53563
       6260.00       5.38822
       6280.00       5.27937
       6300.00       5.27489
       6320.00       5.26363
       6340.00       5.25855
       6360.00       5.25147
       6380.00       5.20874
       6400.00       5.12869
       6420.00       5.06720
       6440.00       5.00876
       6460.00       4.95268
       6480.00       4.86976
       6500.00       4.86799
       6520.00       4.84318
       6540.00       5.09051
       6560.00       5.26887
       6580.00       5.05761
       6600.00       4.88278
       6620.00       4.75963
       6640.00       4.66893
       6660.00       4.44523
       6680.00       4.44543
       6700.00       4.57005
       6720.00       4.49186
       6740.00       4.40522
       6760.00       4.37820
       6780.00       4.38557
       6800.00       4.28610
       6820.00       4.29369
       6840.00       4.32448
       6860.00       4.10956
       6880.00       3.98395
       6900.00       4.00603
       6920.00       4.13292
       6940.00       4.10801
       6960.00       4.08077
       6980.00       4.06353
       7000.00       3.92486
       7020.00       3.92225
       7040.00       3.82382
       7060.00       3.76613
       7080.00       3.75003
       7100.00       3.78183
       7120.00       3.73258
       7140.00       3.69143
       7160.00       3.59831
       7180.00       3.60265
       7200.00       3.63620
       7220.00       3.55650
       7240.00       3.54549
       7260.00       3.47831
       7280.00       3.47997
       7300.00       3.55108
       7320.00       3.48561
       7340.00       3.42050
       7360.00       3.37150
       7380.00       3.30647
       7400.00       3.27721
       7420.00       3.30081
       7440.00       3.22379
       7460.00       3.21111
       7480.00       3.21344
       7500.00       3.25815
       7520.00       3.19635
       7540.00       3.20611
       7560.00       3.29425
       7580.00       3.01176
       7600.00       2.58037
       7620.00       3.02414
       7640.00       3.18664
       7660.00       3.09754
       7680.00       2.85002
       7700.00       2.88726
       7720.00       2.98441
       7740.00       2.96949
       7760.00       2.93581
       7780.00       2.92163
       7800.00       2.89321
       7820.00       2.91218
       7840.00       2.85378
       7860.00       2.83340
       7880.00       2.76350
       7900.00       2.69831
       7920.00       2.78590
       7940.00       2.72909
       7960.00       2.76110
       7980.00       2.59588
       8000.00       2.69197
       8020.00       2.67562
       8040.00       2.66415
       8060.00       2.63248
       8080.00       2.65309
       8100.00       2.57917
       8120.00       2.53842
       8140.00       2.63564
       8160.00       2.54599
       8180.00       2.48776
       8200.00       2.61007
       8220.00       2.53367
       8240.00       2.46651
       8260.00       2.48135
       8280.00       2.52258
       8300.00       2.41866
       8320.00       2.35448
       8340.00       2.48382
       8360.00       2.35298
       8380.00       2.41608
       8400.00       2.33257
       8420.00       2.44542
       8440.00       2.38006
       8460.00       2.40034
       8480.00       2.15248
       8500.00       2.24346
       8520.00       2.32847
       8540.00       2.22440
       8560.00       2.21870
       8580.00       2.25159
       8600.00       2.12994
       8620.00       2.11203
       8640.00       2.28668
       8660.00       2.23972
       8680.00       2.17911
       8700.00       2.12669
       8720.00       2.11245
       8740.00       2.14154
       8760.00       2.08073
       8780.00       2.14500
       8800.00       2.12059
       8820.00       2.17424
       8840.00       2.05315
       8860.00       2.02718
       8880.00       1.96987
       8900.00       2.07407
       8920.00       1.99138
       8940.00       2.09027
       8960.00       2.01702
       8980.00       1.92497
       9000.00       1.87342
       9020.00       1.92310
       9040.00       2.02056
       9060.00       1.93690
       9080.00       1.93737
       9100.00       1.91422
       9120.00       1.93169
       9140.00       1.81041
       9160.00       1.75673
       9180.00       1.80252
       9200.00       1.88034
       9220.00       1.77233
       9240.00       1.71037
       9260.00       1.73219
       9280.00       1.86135
       9300.00       1.78250
       9320.00       1.54170
       9340.00       1.91196
       9360.00       1.73710
       9380.00       1.77508
       9400.00       1.90935
       9420.00       1.65898
       9440.00       1.33958
       9460.00       1.73146
       9480.00       1.77449
       9500.00       1.53601
       9520.00       1.62982
       9540.00       1.60569
       9560.00       1.35378
       9580.00       1.72322
       9600.00       1.58625
       9620.00       1.68256
       9640.00       1.62558
       9660.00       1.71384
       9680.00       1.66281
       9700.00       1.69216
       9720.00       1.59452
       9740.00       1.57007
       9760.00       1.60559
       9780.00       1.58605
       9800.00       1.56089
       9820.00       1.60672
       9840.00       1.48818
       9860.00       1.53484
       9880.00       1.47737
       9900.00       1.45745
       9920.00       1.57103
       9940.00       1.46456
       9960.00       1.49915
       9980.00       1.40918
       10000.0       1.46479
       10020.0       1.35423
       10040.0       1.35282
       10060.0       1.41078
       10080.0       1.39264
       10100.0       1.32947
       10120.0       1.32429
       10140.0       1.29414
       10160.0       1.29032
       10180.0       1.23545
       10200.0       1.33160
       10220.0       1.23860
       10240.0       1.34318
       10260.0       1.25932
       10280.0       1.19543
       10300.0       1.25985
       10320.0       1.22160
       10340.0       1.16397
       10360.0       1.18122
       10380.0       1.18763
       10400.0       1.16965
       10420.0       1.19421
       10440.0       1.10755
       10460.0       1.20238
       10480.0       1.20336
       10500.0       1.22767
       10520.0       1.19266
       10540.0       1.08726
       10560.0       1.10798
       10580.0       1.13066
       10600.0       1.15042
       10620.0       1.12721
