       3160.00      0.189415
       3170.00      0.201052
       3180.00      0.172532
       3190.00      0.178883
       3200.00      0.172843
       3210.00      0.191082
       3220.00      0.178520
       3230.00      0.167108
       3240.00      0.170557
       3250.00      0.168664
       3260.00      0.189288
       3270.00      0.183572
       3280.00      0.167347
       3290.00      0.171343
       3300.00      0.181304
       3310.00      0.182174
       3320.00      0.182667
       3330.00      0.181154
       3340.00      0.177875
       3350.00      0.176755
       3360.00      0.187110
       3370.00      0.174239
       3380.00      0.178036
       3390.00      0.181810
       3400.00      0.180622
       3410.00      0.182917
       3420.00      0.184766
       3430.00      0.186172
       3440.00      0.186564
       3450.00      0.184376
       3460.00      0.185914
       3470.00      0.187016
       3480.00      0.188182
       3490.00      0.185448
       3500.00      0.188377
       3510.00      0.189600
       3520.00      0.196711
       3530.00      0.197133
       3540.00      0.202857
       3550.00      0.201520
       3560.00      0.197692
       3570.00      0.197485
       3580.00      0.194518
       3590.00      0.197348
       3600.00      0.203593
       3610.00      0.194201
       3620.00      0.193801
       3630.00      0.196126
       3640.00      0.195316
       3650.00      0.198977
       3660.00      0.197015
       3670.00      0.197623
       3680.00      0.195878
       3690.00      0.196217
       3700.00      0.201295
       3710.00      0.209408
       3720.00      0.225513
       3730.00      0.229876
       3740.00      0.262418
       3750.00      0.274103
       3760.00      0.297945
       3770.00      0.286933
       3780.00      0.339501
       3790.00      0.386186
       3800.00      0.316587
       3810.00      0.397385
       3820.00      0.477114
       3830.00      0.375122
       3840.00      0.311423
       3850.00      0.440288
       3860.00      0.554535
       3870.00      0.568868
       3880.00      0.454647
       3890.00      0.327297
       3900.00      0.388405
       3910.00      0.555783
       3920.00      0.638367
       3930.00      0.590040
       3940.00      0.577320
       3950.00      0.629141
       3960.00      0.517450
       3970.00      0.351751
       3980.00      0.405797
       3990.00      0.625311
       4000.00      0.687357
       4010.00      0.693652
       4020.00      0.714048
       4030.00      0.704307
       4040.00      0.695838
       4050.00      0.701439
       4060.00      0.690585
       4070.00      0.667038
       4080.00      0.624232
       4090.00      0.546000
       4100.00      0.384340
       4110.00      0.399273
       4120.00      0.566007
       4130.00      0.639403
       4140.00      0.662920
       4150.00      0.666084
       4160.00      0.668046
       4170.00      0.657558
       4180.00      0.647711
       4190.00      0.656778
       4200.00      0.662860
       4210.00      0.658939
       4220.00      0.652694
       4230.00      0.656407
       4240.00      0.656024
       4250.00      0.653318
       4260.00      0.657583
       4270.00      0.654886
       4280.00      0.643544
       4290.00      0.631103
       4300.00      0.606656
       4310.00      0.580030
       4320.00      0.566336
       4330.00      0.474432
       4340.00      0.343734
       4350.00      0.399619
       4360.00      0.542103
       4370.00      0.592417
       4380.00      0.609676
       4390.00      0.599284
       4400.00      0.589500
       4410.00      0.597686
       4420.00      0.604717
       4430.00      0.606698
       4440.00      0.599211
       4450.00      0.593979
       4460.00      0.605386
       4470.00      0.597400
       4480.00      0.591656
       4490.00      0.591438
       4500.00      0.600005
       4510.00      0.602509
       4520.00      0.597897
       4530.00      0.593305
       4540.00      0.590366
       4550.00      0.579839
       4560.00      0.573150
       4570.00      0.589193
       4580.00      0.581974
       4590.00      0.579629
       4600.00      0.590184
       4610.00      0.594798
       4620.00      0.587094
       4630.00      0.578357
       4640.00      0.588290
       4650.00      0.589150
       4660.00      0.582585
       4670.00      0.582924
       4680.00      0.585901
       4690.00      0.589392
       4700.00      0.582357
       4710.00      0.573778
       4720.00      0.583553
       4730.00      0.579186
       4740.00      0.581091
       4750.00      0.577787
       4760.00      0.566713
       4770.00      0.566043
       4780.00      0.566409
       4790.00      0.570899
       4800.00      0.563019
       4810.00      0.555686
       4820.00      0.548896
       4830.00      0.534462
       4840.00      0.496456
       4850.00      0.427945
       4860.00      0.317732
       4870.00      0.343507
       4880.00      0.458775
       4890.00      0.503504
       4900.00      0.526322
       4910.00      0.532797
       4920.00      0.521672
       4930.00      0.522117
       4940.00      0.526061
       4950.00      0.525497
       4960.00      0.526928
       4970.00      0.526862
       4980.00      0.530764
       4990.00      0.523265
       5000.00      0.519748
       5010.00      0.508849
       5020.00      0.510296
       5030.00      0.502897
       5040.00      0.507781
       5050.00      0.495036
       5060.00      0.498451
       5070.00      0.500391
       5080.00      0.502324
       5090.00      0.501822
       5100.00      0.499385
       5110.00      0.492607
       5120.00      0.497917
       5130.00      0.492131
       5140.00      0.495018
       5150.00      0.488781
       5160.00      0.486876
       5170.00      0.478767
       5180.00      0.477366
       5190.00      0.476922
       5200.00      0.478856
       5210.00      0.487893
       5220.00      0.482700
       5230.00      0.470110
       5240.00      0.470722
       5250.00      0.474765
       5260.00      0.472924
       5270.00      0.460870
       5280.00      0.462009
       5290.00      0.471643
       5300.00      0.477278
       5310.00      0.467075
       5320.00      0.459789
       5330.00      0.455311
       5340.00      0.460010
       5350.00      0.462659
       5360.00      0.463179
       5370.00      0.465536
       5380.00      0.467426
       5390.00      0.462892
       5400.00      0.458833
       5410.00      0.454469
       5420.00      0.468990
       5430.00      0.466306
       5440.00      0.467720
       5450.00      0.468221
       5460.00      0.467364
       5470.00      0.453864
       5480.00      0.453938
       5490.00      0.448476
       5500.00      0.463066
       5510.00      0.464468
       5520.00      0.464969
       5530.00      0.465468
       5540.00      0.459723
       5550.00      0.455334
       5560.00      0.454959
       5570.00      0.460795
       5580.00      0.455542
       5590.00      0.454285
       5600.00      0.454797
       5610.00      0.450904
       5620.00      0.447465
       5630.00      0.446670
       5640.00      0.445878
       5650.00      0.445089
       5660.00      0.445175
       5670.00      0.437419
       5680.00      0.438389
       5690.00      0.445867
       5700.00      0.442918
       5710.00      0.437816
       5720.00      0.437914
       5730.00      0.438012
       5740.00      0.435098
       5760.00      0.430156
       5780.00      0.424693
       5800.00      0.419352
       5820.00      0.414006
       5840.00      0.408782
       5860.00      0.403550
       5880.00      0.398355
       5900.00      0.393194
       5920.00      0.388069
       5940.00      0.382978
       5960.00      0.377962
       5980.00      0.372774
       6000.00      0.363832
       6020.00      0.378463
       6040.00      0.385839
       6060.00      0.388683
       6080.00      0.386267
       6100.00      0.385527
       6120.00      0.388142
       6140.00      0.378308
       6160.00      0.376598
       6180.00      0.376779
       6200.00      0.371619
       6220.00      0.372886
       6240.00      0.367613
       6260.00      0.364939
       6280.00      0.364289
       6300.00      0.361838
       6320.00      0.363546
       6340.00      0.353828
       6360.00      0.350462
       6380.00      0.353429
       6400.00      0.355142
       6420.00      0.353266
       6440.00      0.350597
       6460.00      0.347982
       6480.00      0.342905
       6500.00      0.339113
       6520.00      0.339475
       6540.00      0.328843
       6560.00      0.274179
       6580.00      0.277551
       6600.00      0.322822
       6620.00      0.336175
       6640.00      0.335758
       6660.00      0.330188
       6680.00      0.332379
       6700.00      0.324861
       6720.00      0.326541
       6740.00      0.325902
       6760.00      0.326070
       6780.00      0.329554
       6800.00      0.332145
       6820.00      0.323129
       6840.00      0.336739
       6860.00      0.324666
       6880.00      0.312628
       6900.00      0.309824
       6920.00      0.313498
       6940.00      0.316154
       6960.00      0.312867
       6980.00      0.312537
       7000.00      0.306739
       7020.00      0.305408
       7040.00      0.304786
       7060.00      0.300213
       7080.00      0.300586
       7100.00      0.300262
       7120.00      0.299869
       7140.00      0.298752
       7160.00      0.309579
       7180.00      0.310988
       7200.00      0.293895
       7220.00      0.290070
       7240.00      0.292715
       7260.00      0.286601
       7280.00      0.286119
       7300.00      0.288414
       7320.00      0.287289
       7340.00      0.282064
       7360.00      0.283311
       7380.00      0.284518
       7400.00      0.282113
       7420.00      0.275860
       7440.00      0.275317
       7460.00      0.277526
       7480.00      0.272095
       7500.00      0.271534
       7520.00      0.271173
       7540.00      0.268488
       7560.00      0.261929
       7580.00      0.287505
       7600.00      0.257430
       7620.00      0.233964
       7640.00      0.246641
       7660.00      0.251544
       7680.00      0.239759
       7700.00      0.262075
       7720.00      0.261524
       7740.00      0.264519
       7760.00      0.252377
       7780.00      0.256618
       7800.00      0.256656
       7820.00      0.257864
       7840.00      0.264579
       7860.00      0.261014
       7880.00      0.263330
       7900.00      0.256097
       7920.00      0.249680
       7940.00      0.251913
       7960.00      0.254073
       7980.00      0.247895
       8000.00      0.247183
       8020.00      0.251680
       8040.00      0.244816
       8060.00      0.248745
       8080.00      0.246050
       8100.00      0.249529
       8120.00      0.248337
       8140.00      0.252400
       8160.00      0.240671
       8180.00      0.233741
       8200.00      0.243835
       8220.00      0.237232
       8240.00      0.225564
       8260.00      0.235006
       8280.00      0.228591
       8300.00      0.237296
       8320.00      0.222593
       8340.00      0.232367
       8360.00      0.225310
       8380.00      0.233056
       8400.00      0.239383
       8420.00      0.234443
       8440.00      0.227038
       8460.00      0.221070
       8480.00      0.232988
       8500.00      0.225000
       8520.00      0.223051
       8540.00      0.224061
       8560.00      0.226453
       8580.00      0.239572
       8600.00      0.218333
       8620.00      0.209516
       8640.00      0.241253
       8660.00      0.214253
       8680.00      0.210344
       8700.00      0.235501
       8720.00      0.245216
       8740.00      0.214836
       8760.00      0.206506
       8780.00      0.238419
       8800.00      0.234368
       8820.00      0.240027
       8840.00      0.230374
       8860.00      0.196173
       8880.00      0.186134
       8900.00      0.225601
       8920.00      0.230246
       8940.00      0.247554
       8960.00      0.234043
       8980.00      0.232972
       9000.00      0.208163
       9020.00      0.186997
       9040.00      0.218227
       9060.00      0.219299
       9080.00      0.213130
       9100.00      0.222706
       9120.00      0.221974
       9140.00      0.223839
       9160.00      0.216689
       9180.00      0.222918
       9200.00      0.223776
       9220.00      0.189049
       9240.00      0.174604
       9260.00      0.205226
       9280.00      0.228901
       9300.00      0.223016
       9320.00      0.253098
       9340.00      0.226796
       9360.00      0.200737
       9380.00      0.223406
       9400.00      0.219934
       9420.00      0.208139
       9440.00      0.209137
       9460.00      0.207494
       9480.00      0.194392
       9500.00      0.210520
       9520.00      0.213244
       9540.00      0.183019
       9560.00      0.187623
       9580.00      0.182822
       9600.00      0.190958
       9620.00      0.197289
       9640.00      0.208027
       9660.00      0.202686
       9680.00      0.203518
       9700.00      0.199329
       9720.00      0.205324
       9740.00      0.201224
       9760.00      0.203216
       9780.00      0.204140
       9800.00      0.198304
       9820.00      0.196491
       9840.00      0.207564
       9860.00      0.204538
       9880.00      0.189722
       9900.00      0.198496
       9920.00      0.198245
       9940.00      0.190739
       9960.00      0.195440
       9980.00      0.189950
       10000.0      0.186655
       10020.0      0.187589
       10040.0      0.171124
       10060.0      0.163073
       10080.0      0.169930
       10100.0      0.188989
       10120.0      0.179804
       10140.0      0.184906
       10160.0      0.188821
       10180.0      0.177846
       10200.0      0.184230
       10220.0      0.176425
       10240.0      0.173957
       10260.0      0.190279
       10280.0      0.168138
       10300.0      0.174479
       10320.0      0.180221
       10340.0      0.182882
       10360.0      0.178953
       10380.0      0.168827
       10400.0      0.175272
       10420.0      0.178041
       10440.0      0.168637
       10460.0      0.170322
       10480.0      0.167687
       10500.0      0.157298
       10520.0      0.171558
       10540.0      0.166733
       10560.0      0.169762
       10580.0      0.164001
       10600.0      0.182172
       10620.0      0.176851
