       3160.00     0.0841799
       3170.00     0.0891339
       3180.00     0.0882933
       3190.00     0.0881362
       3200.00     0.0902472
       3210.00     0.0871112
       3220.00     0.0811488
       3230.00     0.0810552
       3240.00     0.0854404
       3250.00     0.0937540
       3260.00     0.0975268
       3270.00     0.0950100
       3280.00     0.0996096
       3290.00      0.105381
       3300.00      0.105485
       3310.00      0.103283
       3320.00      0.101860
       3330.00      0.101095
       3340.00      0.102431
       3350.00      0.103189
       3360.00      0.100761
       3370.00      0.100688
       3380.00      0.105060
       3390.00      0.106252
       3400.00      0.104180
       3410.00      0.104509
       3420.00      0.105915
       3430.00      0.103751
       3440.00      0.101081
       3450.00      0.104256
       3460.00      0.106272
       3470.00      0.104096
       3480.00      0.103248
       3490.00      0.106489
       3500.00      0.111349
       3510.00      0.110705
       3520.00      0.108800
       3530.00      0.114044
       3540.00      0.120733
       3550.00      0.120787
       3560.00      0.113191
       3570.00      0.105529
       3580.00      0.106799
       3590.00      0.115684
       3600.00      0.114196
       3610.00      0.110741
       3620.00      0.114162
       3630.00      0.113883
       3640.00      0.115528
       3650.00      0.122674
       3660.00      0.124599
       3670.00      0.123254
       3680.00      0.124026
       3690.00      0.124690
       3700.00      0.123665
       3710.00      0.123126
       3720.00      0.123103
       3730.00      0.118541
       3740.00      0.121423
       3750.00      0.132266
       3760.00      0.138481
       3770.00      0.147027
       3780.00      0.147580
       3790.00      0.144034
       3800.00      0.153034
       3810.00      0.157409
       3820.00      0.134940
       3830.00      0.122192
       3840.00      0.145838
       3850.00      0.169295
       3860.00      0.174330
       3870.00      0.162303
       3880.00      0.146696
       3890.00      0.155415
       3900.00      0.171563
       3910.00      0.167478
       3920.00      0.135329
       3930.00      0.126532
       3940.00      0.159031
       3950.00      0.157565
       3960.00      0.128530
       3970.00      0.148885
       3980.00      0.198174
       3990.00      0.215286
       4000.00      0.222989
       4010.00      0.227448
       4020.00      0.226660
       4030.00      0.225024
       4040.00      0.224782
       4050.00      0.224196
       4060.00      0.225995
       4070.00      0.231444
       4080.00      0.219864
       4090.00      0.195272
       4100.00      0.197900
       4110.00      0.213398
       4120.00      0.220973
       4130.00      0.228852
       4140.00      0.235216
       4150.00      0.232012
       4160.00      0.230628
       4170.00      0.227603
       4180.00      0.228459
       4190.00      0.233928
       4200.00      0.235765
       4210.00      0.234540
       4220.00      0.229520
       4230.00      0.231806
       4240.00      0.237323
       4250.00      0.240538
       4260.00      0.241139
       4270.00      0.237742
       4280.00      0.229068
       4290.00      0.216964
       4300.00      0.220574
       4310.00      0.232465
       4320.00      0.219611
       4330.00      0.199469
       4340.00      0.203232
       4350.00      0.223890
       4360.00      0.236717
       4370.00      0.232273
       4380.00      0.227820
       4390.00      0.232722
       4400.00      0.236185
       4410.00      0.240123
       4420.00      0.241509
       4430.00      0.240820
       4440.00      0.239074
       4450.00      0.234790
       4460.00      0.237403
       4470.00      0.241598
       4480.00      0.243815
       4490.00      0.247524
       4500.00      0.253111
       4510.00      0.251082
       4520.00      0.242417
       4530.00      0.241264
       4540.00      0.244741
       4550.00      0.250861
       4560.00      0.251511
       4570.00      0.247869
       4580.00      0.246522
       4590.00      0.247538
       4600.00      0.251178
       4610.00      0.253891
       4620.00      0.255545
       4630.00      0.253317
       4640.00      0.249314
       4650.00      0.247793
       4660.00      0.244584
       4670.00      0.244442
       4680.00      0.247863
       4690.00      0.247199
       4700.00      0.247215
       4710.00      0.254040
       4720.00      0.256738
       4730.00      0.255011
       4740.00      0.255359
       4750.00      0.252035
       4760.00      0.251505
       4770.00      0.257115
       4780.00      0.259453
       4790.00      0.256786
       4800.00      0.259592
       4810.00      0.264556
       4820.00      0.261789
       4830.00      0.255660
       4840.00      0.236093
       4850.00      0.206503
       4860.00      0.206105
       4870.00      0.226746
       4880.00      0.237236
       4890.00      0.243023
       4900.00      0.245462
       4910.00      0.242785
       4920.00      0.242317
       4930.00      0.244717
       4940.00      0.247030
       4950.00      0.245631
       4960.00      0.244879
       4970.00      0.245616
       4980.00      0.243998
       4990.00      0.241928
       5000.00      0.238211
       5010.00      0.236415
       5020.00      0.239772
       5030.00      0.242787
       5040.00      0.244503
       5050.00      0.246010
       5060.00      0.240870
       5070.00      0.236429
       5080.00      0.236164
       5090.00      0.234249
       5100.00      0.236785
       5110.00      0.236795
       5120.00      0.228999
       5130.00      0.226468
       5140.00      0.230683
       5150.00      0.231594
       5160.00      0.224239
       5170.00      0.223116
       5180.00      0.224725
       5190.00      0.227651
       5200.00      0.233284
       5210.00      0.231932
       5220.00      0.229049
       5230.00      0.229926
       5240.00      0.232207
       5250.00      0.229632
       5260.00      0.221307
       5270.00      0.223882
       5280.00      0.231605
       5290.00      0.236076
       5300.00      0.238056
       5310.00      0.235019
       5320.00      0.229648
       5330.00      0.231940
       5340.00      0.236272
       5350.00      0.238138
       5360.00      0.234845
       5370.00      0.234360
       5380.00      0.236148
       5390.00      0.232262
       5400.00      0.227543
       5410.00      0.229004
       5420.00      0.233795
       5430.00      0.234630
       5440.00      0.236538
       5450.00      0.237739
       5460.00      0.231802
       5470.00      0.228796
       5480.00      0.232257
       5490.00      0.233457
       5500.00      0.231412
       5510.00      0.232378
       5520.00      0.235416
       5530.00      0.236831
       5540.00      0.237782
       5550.00      0.238271
       5560.00      0.237156
       5570.00      0.239472
       5580.00      0.239955
       5590.00      0.233379
       5600.00      0.233189
       5610.00      0.234362
       5620.00      0.239380
       5630.00      0.231268
       5640.00      0.236049
       5650.00      0.231576
       5660.00      0.234315
       5670.00      0.225147
       5680.00      0.237748
       5690.00      0.227488
       5700.00      0.235350
       5710.00      0.231818
       5720.00      0.240535
       5730.00      0.233230
       5740.00      0.232380
       5760.00      0.230247
       5780.00      0.228790
       5800.00      0.228659
       5820.00      0.230935
       5840.00      0.231016
       5860.00      0.223929
       5880.00      0.217972
       5900.00      0.221548
       5920.00      0.225314
       5940.00      0.224984
       5960.00      0.225511
       5980.00      0.224118
       6000.00      0.224007
       6020.00      0.225589
       6040.00      0.224631
       6060.00      0.224730
       6080.00      0.228177
       6100.00      0.225968
       6120.00      0.221694
       6140.00      0.219729
       6160.00      0.217569
       6180.00      0.218718
       6200.00      0.220271
       6220.00      0.218949
       6240.00      0.217023
       6260.00      0.216127
       6280.00      0.216046
       6300.00      0.217583
       6320.00      0.219109
       6340.00      0.218820
       6360.00      0.220133
       6380.00      0.219642
       6400.00      0.216371
       6420.00      0.218670
       6440.00      0.220363
       6460.00      0.215149
       6480.00      0.213896
       6500.00      0.215391
       6520.00      0.206727
       6540.00      0.191733
       6560.00      0.187442
       6580.00      0.197492
       6600.00      0.207693
       6620.00      0.210910
       6640.00      0.210658
       6660.00      0.212892
       6680.00      0.215494
       6700.00      0.214851
       6720.00      0.214211
       6740.00      0.215275
       6760.00      0.215391
       6780.00      0.217760
       6800.00      0.222734
       6820.00      0.225254
       6840.00      0.221618
       6860.00      0.212994
       6880.00      0.213115
       6900.00      0.217662
       6920.00      0.213538
       6940.00      0.209071
       6960.00      0.210482
       6980.00      0.206962
       7000.00      0.202916
       7020.00      0.205238
       7040.00      0.206463
       7060.00      0.205157
       7080.00      0.204038
       7100.00      0.202926
       7120.00      0.201462
       7140.00      0.195550
       7160.00      0.184160
       7180.00      0.181697
       7200.00      0.191092
       7220.00      0.191797
       7240.00      0.187223
       7260.00      0.186883
       7280.00      0.188293
       7300.00      0.191787
       7320.00      0.195610
       7340.00      0.196637
       7360.00      0.193682
       7380.00      0.191605
       7400.00      0.191947
       7420.00      0.193660
       7440.00      0.194679
       7460.00      0.193304
       7480.00      0.192106
       7500.00      0.194479
       7520.00      0.199208
       7540.00      0.199862
       7560.00      0.184686
       7580.00      0.154260
       7600.00      0.144761
       7620.00      0.171540
       7640.00      0.195247
       7660.00      0.197229
       7680.00      0.189755
       7700.00      0.185791
       7720.00      0.188937
       7740.00      0.187791
       7760.00      0.186651
       7780.00      0.188298
       7800.00      0.188468
       7820.00      0.186683
       7840.00      0.185071
       7860.00      0.183952
       7880.00      0.183485
       7900.00      0.182215
       7920.00      0.183201
       7940.00      0.182900
       7960.00      0.181961
       7980.00      0.181824
       8000.00      0.180733
       8020.00      0.179330
       8040.00      0.180784
       8060.00      0.184599
       8080.00      0.182251
       8100.00      0.179602
       8120.00      0.177749
       8140.00      0.172152
       8160.00      0.170326
       8180.00      0.178623
       8200.00      0.177567
       8220.00      0.169083
       8240.00      0.177786
       8260.00      0.177509
       8280.00      0.172469
       8300.00      0.167607
       8320.00      0.165215
       8340.00      0.165734
       8360.00      0.165186
       8380.00      0.169196
       8400.00      0.169248
       8420.00      0.168392
       8440.00      0.165128
       8460.00      0.162331
       8480.00      0.164949
       8500.00      0.165160
       8520.00      0.158947
       8540.00      0.157978
       8560.00      0.162218
       8580.00      0.163620
       8600.00      0.165608
       8620.00      0.164781
       8640.00      0.160569
       8660.00      0.157553
       8680.00      0.161882
       8700.00      0.162388
       8720.00      0.155593
       8740.00      0.156111
       8760.00      0.159387
       8780.00      0.155689
       8800.00      0.155625
       8820.00      0.158735
       8840.00      0.155497
       8860.00      0.155146
       8880.00      0.158379
       8900.00      0.161170
       8920.00      0.159524
       8940.00      0.152903
       8960.00      0.143613
       8980.00      0.135186
       9000.00      0.135253
       9020.00      0.149712
       9040.00      0.157406
       9060.00      0.149052
       9080.00      0.146480
       9100.00      0.149795
       9120.00      0.146954
       9140.00      0.145658
       9160.00      0.150203
       9180.00      0.154451
       9200.00      0.155499
       9220.00      0.152953
       9240.00      0.155652
       9260.00      0.161639
       9280.00      0.152513
       9300.00      0.130055
       9320.00      0.114549
       9340.00      0.118297
       9360.00      0.138155
       9380.00      0.155772
       9400.00      0.148941
       9420.00      0.127993
       9440.00      0.129609
       9460.00      0.138578
       9480.00      0.144193
       9500.00      0.144426
       9520.00      0.141849
       9540.00      0.145688
       9560.00      0.147114
       9580.00      0.140828
       9600.00      0.135364
       9620.00      0.134289
       9640.00      0.134406
       9660.00      0.143615
       9680.00      0.151733
       9700.00      0.148796
       9720.00      0.143383
       9740.00      0.139429
       9760.00      0.136536
       9780.00      0.133784
       9800.00      0.132342
       9820.00      0.134665
       9840.00      0.136978
       9860.00      0.135538
       9880.00      0.131657
       9900.00      0.129462
       9920.00      0.134333
       9940.00      0.137136
       9960.00      0.135966
       9980.00      0.135694
       10000.0      0.133386
       10020.0      0.128801
       10040.0      0.129178
       10060.0      0.132337
       10080.0      0.130433
       10100.0      0.129797
       10120.0      0.130547
       10140.0      0.131544
       10160.0      0.131787
       10180.0      0.132653
       10200.0      0.134514
       10220.0      0.128522
       10240.0      0.127650
       10260.0      0.134596
       10280.0      0.132353
       10300.0      0.125053
       10320.0      0.126537
       10340.0      0.126907
       10360.0      0.124820
       10380.0      0.124947
       10400.0      0.128133
       10420.0      0.131796
       10440.0      0.126180
       10460.0      0.122410
       10480.0      0.125455
       10500.0      0.125943
       10520.0      0.124373
       10540.0      0.121843
       10560.0      0.119226
       10580.0      0.120781
       10600.0      0.121273
       10620.0      0.122603
