       3160.00      0.119643
       3170.00      0.118487
       3180.00      0.117892
       3190.00      0.121005
       3200.00      0.120958
       3210.00      0.114318
       3220.00      0.107501
       3230.00      0.109734
       3240.00      0.110049
       3250.00      0.119314
       3260.00      0.122356
       3270.00      0.117829
       3280.00      0.124781
       3290.00      0.129976
       3300.00      0.128781
       3310.00      0.127326
       3320.00      0.125562
       3330.00      0.126032
       3340.00      0.127186
       3350.00      0.126543
       3360.00      0.126796
       3370.00      0.128147
       3380.00      0.131211
       3390.00      0.132540
       3400.00      0.131476
       3410.00      0.134866
       3420.00      0.137101
       3430.00      0.133257
       3440.00      0.132357
       3450.00      0.134427
       3460.00      0.133019
       3470.00      0.131365
       3480.00      0.130988
       3490.00      0.131471
       3500.00      0.136436
       3510.00      0.139212
       3520.00      0.139568
       3530.00      0.146416
       3540.00      0.151731
       3550.00      0.146982
       3560.00      0.140081
       3570.00      0.137910
       3580.00      0.138559
       3590.00      0.142791
       3600.00      0.143667
       3610.00      0.142195
       3620.00      0.143410
       3630.00      0.145783
       3640.00      0.149210
       3650.00      0.155082
       3660.00      0.156730
       3670.00      0.153228
       3680.00      0.154536
       3690.00      0.157558
       3700.00      0.160135
       3710.00      0.166358
       3720.00      0.171504
       3730.00      0.168397
       3740.00      0.174878
       3750.00      0.189459
       3760.00      0.199413
       3770.00      0.217080
       3780.00      0.221590
       3790.00      0.214213
       3800.00      0.241817
       3810.00      0.250485
       3820.00      0.217239
       3830.00      0.206865
       3840.00      0.247426
       3850.00      0.289929
       3860.00      0.296213
       3870.00      0.262276
       3880.00      0.223696
       3890.00      0.247192
       3900.00      0.284358
       3910.00      0.283631
       3920.00      0.249124
       3930.00      0.246112
       3940.00      0.272028
       3950.00      0.254866
       3960.00      0.218554
       3970.00      0.256602
       3980.00      0.318784
       3990.00      0.336326
       4000.00      0.347256
       4010.00      0.356988
       4020.00      0.357811
       4030.00      0.360336
       4040.00      0.357261
       4050.00      0.355421
       4060.00      0.349725
       4070.00      0.341500
       4080.00      0.315379
       4090.00      0.278607
       4100.00      0.282229
       4110.00      0.316638
       4120.00      0.333418
       4130.00      0.350543
       4140.00      0.361623
       4150.00      0.362876
       4160.00      0.354798
       4170.00      0.353228
       4180.00      0.361495
       4190.00      0.363452
       4200.00      0.368297
       4210.00      0.364029
       4220.00      0.361913
       4230.00      0.368395
       4240.00      0.372225
       4250.00      0.372221
       4260.00      0.372548
       4270.00      0.370560
       4280.00      0.360136
       4290.00      0.345033
       4300.00      0.344312
       4310.00      0.346050
       4320.00      0.308185
       4330.00      0.268174
       4340.00      0.292869
       4350.00      0.345382
       4360.00      0.365742
       4370.00      0.362161
       4380.00      0.361656
       4390.00      0.362520
       4400.00      0.363259
       4410.00      0.362555
       4420.00      0.363131
       4430.00      0.364779
       4440.00      0.359827
       4450.00      0.355611
       4460.00      0.357700
       4470.00      0.359109
       4480.00      0.364014
       4490.00      0.376360
       4500.00      0.383205
       4510.00      0.371329
       4520.00      0.362471
       4530.00      0.365330
       4540.00      0.365302
       4550.00      0.369808
       4560.00      0.372516
       4570.00      0.366299
       4580.00      0.363382
       4590.00      0.369621
       4600.00      0.375794
       4610.00      0.376356
       4620.00      0.376877
       4630.00      0.375911
       4640.00      0.370084
       4650.00      0.367013
       4660.00      0.367020
       4670.00      0.370577
       4680.00      0.373666
       4690.00      0.371252
       4700.00      0.372151
       4710.00      0.374131
       4720.00      0.373189
       4730.00      0.372586
       4740.00      0.372024
       4750.00      0.369644
       4760.00      0.370460
       4770.00      0.375229
       4780.00      0.377395
       4790.00      0.373294
       4800.00      0.372149
       4810.00      0.374308
       4820.00      0.373898
       4830.00      0.362098
       4840.00      0.312419
       4850.00      0.270435
       4860.00      0.282651
       4870.00      0.317121
       4880.00      0.334249
       4890.00      0.344240
       4900.00      0.346848
       4910.00      0.341473
       4920.00      0.344435
       4930.00      0.351570
       4940.00      0.355927
       4950.00      0.352928
       4960.00      0.347879
       4970.00      0.347817
       4980.00      0.347686
       4990.00      0.345646
       5000.00      0.339347
       5010.00      0.343281
       5020.00      0.347831
       5030.00      0.347665
       5040.00      0.346800
       5050.00      0.344228
       5060.00      0.337240
       5070.00      0.329619
       5080.00      0.331677
       5090.00      0.333659
       5100.00      0.335874
       5110.00      0.332318
       5120.00      0.323059
       5130.00      0.324045
       5140.00      0.331717
       5150.00      0.328984
       5160.00      0.321648
       5170.00      0.326688
       5180.00      0.325547
       5190.00      0.322881
       5200.00      0.325074
       5210.00      0.323943
       5220.00      0.319843
       5230.00      0.323277
       5240.00      0.328146
       5250.00      0.318284
       5260.00      0.309365
       5270.00      0.314265
       5280.00      0.324424
       5290.00      0.330178
       5300.00      0.330985
       5310.00      0.326078
       5320.00      0.317311
       5330.00      0.317278
       5340.00      0.323685
       5350.00      0.326079
       5360.00      0.323530
       5370.00      0.324930
       5380.00      0.326260
       5390.00      0.321893
       5400.00      0.316790
       5410.00      0.319073
       5420.00      0.326650
       5430.00      0.328972
       5440.00      0.328043
       5450.00      0.328411
       5460.00      0.324580
       5470.00      0.319861
       5480.00      0.323396
       5490.00      0.323770
       5500.00      0.323502
       5510.00      0.323875
       5520.00      0.323288
       5530.00      0.325574
       5540.00      0.326896
       5550.00      0.326307
       5560.00      0.325720
       5570.00      0.326085
       5580.00      0.324869
       5590.00      0.322079
       5600.00      0.322449
       5610.00      0.326589
       5620.00      0.329146
       5630.00      0.323236
       5640.00      0.325790
       5650.00      0.318659
       5660.00      0.323392
       5670.00      0.315980
       5680.00      0.322875
       5690.00      0.317349
       5700.00      0.319885
       5710.00      0.318090
       5720.00      0.323391
       5730.00      0.319442
       5740.00      0.317349
       5760.00      0.314716
       5780.00      0.314848
       5800.00      0.317715
       5820.00      0.319350
       5840.00      0.316142
       5860.00      0.307540
       5880.00      0.300796
       5900.00      0.302765
       5920.00      0.305913
       5940.00      0.305476
       5960.00      0.305931
       5980.00      0.305497
       6000.00      0.303009
       6020.00      0.304932
       6040.00      0.307718
       6060.00      0.306702
       6080.00      0.309174
       6100.00      0.307004
       6120.00      0.299373
       6140.00      0.296100
       6160.00      0.298002
       6180.00      0.299035
       6200.00      0.295226
       6220.00      0.293710
       6240.00      0.292203
       6260.00      0.289016
       6280.00      0.287815
       6300.00      0.289980
       6320.00      0.291294
       6340.00      0.290376
       6360.00      0.289462
       6380.00      0.288279
       6400.00      0.289582
       6420.00      0.289504
       6440.00      0.286688
       6460.00      0.281706
       6480.00      0.278659
       6500.00      0.279430
       6520.00      0.264941
       6540.00      0.242372
       6560.00      0.243730
       6580.00      0.261641
       6600.00      0.273326
       6620.00      0.276762
       6640.00      0.276991
       6660.00      0.277747
       6680.00      0.279028
       6700.00      0.278984
       6720.00      0.277104
       6740.00      0.277329
       6760.00      0.280943
       6780.00      0.283495
       6800.00      0.288366
       6820.00      0.291916
       6840.00      0.285907
       6860.00      0.274791
       6880.00      0.278862
       6900.00      0.284443
       6920.00      0.276486
       6940.00      0.275435
       6960.00      0.273883
       6980.00      0.265519
       7000.00      0.264761
       7020.00      0.268025
       7040.00      0.266012
       7060.00      0.264259
       7080.00      0.263512
       7100.00      0.261528
       7120.00      0.257079
       7140.00      0.246331
       7160.00      0.233452
       7180.00      0.235823
       7200.00      0.246875
       7220.00      0.244726
       7240.00      0.240859
       7260.00      0.240997
       7280.00      0.243677
       7300.00      0.250257
       7320.00      0.253909
       7340.00      0.250575
       7360.00      0.245341
       7380.00      0.244677
       7400.00      0.244968
       7420.00      0.245259
       7440.00      0.245785
       7460.00      0.244180
       7480.00      0.242584
       7500.00      0.246640
       7520.00      0.251846
       7540.00      0.252347
       7560.00      0.224016
       7580.00      0.177526
       7600.00      0.179100
       7620.00      0.228662
       7640.00      0.263355
       7660.00      0.261516
       7680.00      0.246140
       7700.00      0.235653
       7720.00      0.235500
       7740.00      0.233068
       7760.00      0.232013
       7780.00      0.234363
       7800.00      0.234215
       7820.00      0.234969
       7840.00      0.234369
       7860.00      0.230632
       7880.00      0.228480
       7900.00      0.227232
       7920.00      0.227771
       7940.00      0.229196
       7960.00      0.229728
       7980.00      0.228269
       8000.00      0.225714
       8020.00      0.226251
       8040.00      0.229197
       8060.00      0.229941
       8080.00      0.225662
       8100.00      0.219662
       8120.00      0.214647
       8140.00      0.211195
       8160.00      0.212126
       8180.00      0.219023
       8200.00      0.220424
       8220.00      0.219030
       8240.00      0.221280
       8260.00      0.217969
       8280.00      0.216590
       8300.00      0.216069
       8320.00      0.208131
       8340.00      0.201648
       8360.00      0.201588
       8380.00      0.204473
       8400.00      0.206611
       8420.00      0.206560
       8440.00      0.203521
       8460.00      0.202269
       8480.00      0.203788
       8500.00      0.202686
       8520.00      0.196788
       8540.00      0.198557
       8560.00      0.203490
       8580.00      0.204064
       8600.00      0.209762
       8620.00      0.210502
       8640.00      0.202525
       8660.00      0.200408
       8680.00      0.204984
       8700.00      0.200662
       8720.00      0.192436
       8740.00      0.196899
       8760.00      0.204119
       8780.00      0.203051
       8800.00      0.203792
       8820.00      0.200731
       8840.00      0.190063
       8860.00      0.192301
       8880.00      0.198163
       8900.00      0.198332
       8920.00      0.200260
       8940.00      0.195078
       8960.00      0.180689
       8980.00      0.167444
       9000.00      0.170657
       9020.00      0.194286
       9040.00      0.200332
       9060.00      0.187628
       9080.00      0.183680
       9100.00      0.185892
       9120.00      0.188501
       9140.00      0.183863
       9160.00      0.184752
       9180.00      0.192667
       9200.00      0.185674
       9220.00      0.185367
       9240.00      0.190366
       9260.00      0.191955
       9280.00      0.192681
       9300.00      0.162763
       9320.00      0.141223
       9340.00      0.154212
       9360.00      0.173645
       9380.00      0.197019
       9400.00      0.194348
       9420.00      0.173269
       9440.00      0.180355
       9460.00      0.187337
       9480.00      0.178627
       9500.00      0.170641
       9520.00      0.165577
       9540.00      0.169204
       9560.00      0.176837
       9580.00      0.173192
       9600.00      0.170884
       9620.00      0.173113
       9640.00      0.175022
       9660.00      0.186927
       9680.00      0.194192
       9700.00      0.183066
       9720.00      0.172257
       9740.00      0.172139
       9760.00      0.175093
       9780.00      0.173959
       9800.00      0.168206
       9820.00      0.166876
       9840.00      0.167916
       9860.00      0.165555
       9880.00      0.165452
       9900.00      0.168146
       9920.00      0.169886
       9940.00      0.167983
       9960.00      0.164920
       9980.00      0.162822
       10000.0      0.156519
       10020.0      0.152299
       10040.0      0.156334
       10060.0      0.157706
       10080.0      0.158600
       10100.0      0.162843
       10120.0      0.163096
       10140.0      0.161870
       10160.0      0.159590
       10180.0      0.157805
       10200.0      0.157893
       10220.0      0.154305
       10240.0      0.154056
       10260.0      0.159530
       10280.0      0.157230
       10300.0      0.151361
       10320.0      0.154143
       10340.0      0.156591
       10360.0      0.148799
       10380.0      0.152216
       10400.0      0.159536
       10420.0      0.154441
       10440.0      0.148503
       10460.0      0.149838
       10480.0      0.156703
       10500.0      0.159175
       10520.0      0.157096
       10540.0      0.155610
       10560.0      0.152143
       10580.0      0.149155
       10600.0      0.148557
       10620.0      0.147481
