       3160.00     0.0172644
       3170.00     0.0202483
       3180.00     0.0206268
       3190.00     0.0221159
       3200.00     0.0208165
       3210.00     0.0230513
       3220.00     0.0198029
       3230.00     0.0183051
       3240.00     0.0195939
       3250.00     0.0213290
       3260.00     0.0251023
       3270.00     0.0255307
       3280.00     0.0230952
       3290.00     0.0240614
       3300.00     0.0262680
       3310.00     0.0258594
       3320.00     0.0254956
       3330.00     0.0241312
       3340.00     0.0249009
       3350.00     0.0265894
       3360.00     0.0254850
       3370.00     0.0236779
       3380.00     0.0247519
       3390.00     0.0254980
       3400.00     0.0260330
       3410.00     0.0260494
       3420.00     0.0269703
       3430.00     0.0257848
       3440.00     0.0246676
       3450.00     0.0251972
       3460.00     0.0261708
       3470.00     0.0258624
       3480.00     0.0253335
       3490.00     0.0249487
       3500.00     0.0265647
       3510.00     0.0298540
       3520.00     0.0258545
       3530.00     0.0275439
       3540.00     0.0301173
       3550.00     0.0302900
       3560.00     0.0299284
       3570.00     0.0265460
       3580.00     0.0245473
       3590.00     0.0260554
       3600.00     0.0298009
       3610.00     0.0262908
       3620.00     0.0272572
       3630.00     0.0278600
       3640.00     0.0274937
       3650.00     0.0302980
       3660.00     0.0332886
       3670.00     0.0318282
       3680.00     0.0310157
       3690.00     0.0325702
       3700.00     0.0319501
       3710.00     0.0324420
       3720.00     0.0314098
       3730.00     0.0272261
       3740.00     0.0281496
       3750.00     0.0308680
       3760.00     0.0307672
       3770.00     0.0325317
       3780.00     0.0367048
       3790.00     0.0340759
       3800.00     0.0324044
       3810.00     0.0356223
       3820.00     0.0295846
       3830.00     0.0242575
       3840.00     0.0269039
       3850.00     0.0329240
       3860.00     0.0337767
       3870.00     0.0335986
       3880.00     0.0309118
       3890.00     0.0317360
       3900.00     0.0348003
       3910.00     0.0389726
       3920.00     0.0367749
       3930.00     0.0252860
       3940.00     0.0262033
       3950.00     0.0380084
       3960.00     0.0335451
       3970.00     0.0276876
       3980.00     0.0408927
       3990.00     0.0504019
       4000.00     0.0521741
       4010.00     0.0534027
       4020.00     0.0550799
       4030.00     0.0535040
       4040.00     0.0514661
       4050.00     0.0514258
       4060.00     0.0510307
       4070.00     0.0494457
       4080.00     0.0513406
       4090.00     0.0514041
       4100.00     0.0474721
       4110.00     0.0500507
       4120.00     0.0560466
       4130.00     0.0555024
       4140.00     0.0550457
       4150.00     0.0539644
       4160.00     0.0545782
       4170.00     0.0529637
       4180.00     0.0521979
       4190.00     0.0525767
       4200.00     0.0533805
       4210.00     0.0548067
       4220.00     0.0533608
       4230.00     0.0524368
       4240.00     0.0540873
       4250.00     0.0561932
       4260.00     0.0554507
       4270.00     0.0550492
       4280.00     0.0531548
       4290.00     0.0516625
       4300.00     0.0469399
       4310.00     0.0508355
       4320.00     0.0578296
       4330.00     0.0552930
       4340.00     0.0538049
       4350.00     0.0555318
       4360.00     0.0609674
       4370.00     0.0621471
       4380.00     0.0562348
       4390.00     0.0575480
       4400.00     0.0580085
       4410.00     0.0575820
       4420.00     0.0597978
       4430.00     0.0600437
       4440.00     0.0595443
       4450.00     0.0583994
       4460.00     0.0564005
       4470.00     0.0604186
       4480.00     0.0612959
       4490.00     0.0605644
       4500.00     0.0634295
       4510.00     0.0633823
       4520.00     0.0612357
       4530.00     0.0599210
       4540.00     0.0604626
       4550.00     0.0607006
       4560.00     0.0630651
       4570.00     0.0635809
       4580.00     0.0627974
       4590.00     0.0613740
       4600.00     0.0624174
       4610.00     0.0634715
       4620.00     0.0638895
       4630.00     0.0630986
       4640.00     0.0627126
       4650.00     0.0618672
       4660.00     0.0617419
       4670.00     0.0617753
       4680.00     0.0627099
       4690.00     0.0636630
       4700.00     0.0623907
       4710.00     0.0625791
       4720.00     0.0654926
       4730.00     0.0637712
       4740.00     0.0648751
       4750.00     0.0646201
       4760.00     0.0635538
       4770.00     0.0652114
       4780.00     0.0658692
       4790.00     0.0663334
       4800.00     0.0670154
       4810.00     0.0674461
       4820.00     0.0668686
       4830.00     0.0652601
       4840.00     0.0650018
       4850.00     0.0609322
       4860.00     0.0559970
       4870.00     0.0569647
       4880.00     0.0636766
       4890.00     0.0642796
       4900.00     0.0653393
       4910.00     0.0646120
       4920.00     0.0624159
       4930.00     0.0625745
       4940.00     0.0642979
       4950.00     0.0644094
       4960.00     0.0640528
       4970.00     0.0655012
       4980.00     0.0627015
       4990.00     0.0619770
       5000.00     0.0623944
       5010.00     0.0591125
       5020.00     0.0607804
       5030.00     0.0623298
       5040.00     0.0625967
       5050.00     0.0625772
       5060.00     0.0633219
       5070.00     0.0628642
       5080.00     0.0621246
       5090.00     0.0632180
       5100.00     0.0616190
       5110.00     0.0647866
       5120.00     0.0636028
       5130.00     0.0617863
       5140.00     0.0615293
       5150.00     0.0613484
       5160.00     0.0601191
       5170.00     0.0582894
       5180.00     0.0579055
       5190.00     0.0596158
       5200.00     0.0610357
       5210.00     0.0620183
       5220.00     0.0617917
       5230.00     0.0612098
       5240.00     0.0623139
       5250.00     0.0634942
       5260.00     0.0600922
       5270.00     0.0579238
       5280.00     0.0612627
       5290.00     0.0634327
       5300.00     0.0632998
       5310.00     0.0640610
       5320.00     0.0618328
       5330.00     0.0611430
       5340.00     0.0628585
       5350.00     0.0628067
       5360.00     0.0634241
       5370.00     0.0632536
       5380.00     0.0629661
       5390.00     0.0626406
       5400.00     0.0611055
       5410.00     0.0610511
       5420.00     0.0660231
       5430.00     0.0648657
       5440.00     0.0657804
       5450.00     0.0664982
       5460.00     0.0650888
       5470.00     0.0651626
       5480.00     0.0652361
       5490.00     0.0662057
       5500.00     0.0641680
       5510.00     0.0657102
       5520.00     0.0664827
       5530.00     0.0657904
       5540.00     0.0648468
       5550.00     0.0666301
       5560.00     0.0662573
       5570.00     0.0652549
       5580.00     0.0653899
       5590.00     0.0640152
       5600.00     0.0630849
       5610.00     0.0645389
       5620.00     0.0655500
       5630.00     0.0652462
       5640.00     0.0656915
       5650.00     0.0640198
       5660.00     0.0651488
       5670.00     0.0650959
       5680.00     0.0656002
       5690.00     0.0649907
       5700.00     0.0651233
       5710.00     0.0651940
       5720.00     0.0657560
       5730.00     0.0665001
       5740.00     0.0669966
       5760.00     0.0662148
       5780.00     0.0651950
       5800.00     0.0656975
       5820.00     0.0668005
       5840.00     0.0671736
       5860.00     0.0651448
       5880.00     0.0641460
       5900.00     0.0648819
       5920.00     0.0655533
       5940.00     0.0667529
       5960.00     0.0668238
       5980.00     0.0653659
       6000.00     0.0643278
       6020.00     0.0647564
       6040.00     0.0660551
       6060.00     0.0658371
       6080.00     0.0664878
       6100.00     0.0661545
       6120.00     0.0639855
       6140.00     0.0644068
       6160.00     0.0631705
       6180.00     0.0639330
       6200.00     0.0645206
       6220.00     0.0647087
       6240.00     0.0643323
       6260.00     0.0640706
       6280.00     0.0648741
       6300.00     0.0646123
       6320.00     0.0639629
       6340.00     0.0635394
       6360.00     0.0636712
       6380.00     0.0637471
       6400.00     0.0629986
       6420.00     0.0622001
       6440.00     0.0629348
       6460.00     0.0625767
       6480.00     0.0618954
       6500.00     0.0620294
       6520.00     0.0617852
       6540.00     0.0623487
       6560.00     0.0563715
       6580.00     0.0579631
       6600.00     0.0621015
       6620.00     0.0621263
       6640.00     0.0614627
       6660.00     0.0618059
       6680.00     0.0615156
       6700.00     0.0610697
       6720.00     0.0608879
       6740.00     0.0611766
       6760.00     0.0626076
       6780.00     0.0616971
       6800.00     0.0623944
       6820.00     0.0616445
       6840.00     0.0625949
       6860.00     0.0597990
       6880.00     0.0586034
       6900.00     0.0602165
       6920.00     0.0608553
       6940.00     0.0608318
       6960.00     0.0603035
       6980.00     0.0600804
       7000.00     0.0593563
       7020.00     0.0592874
       7040.00     0.0596682
       7060.00     0.0595489
       7080.00     0.0593807
       7100.00     0.0588669
       7120.00     0.0591952
       7140.00     0.0584386
       7160.00     0.0605337
       7180.00     0.0612953
       7200.00     0.0578540
       7220.00     0.0588622
       7240.00     0.0582141
       7260.00     0.0577632
       7280.00     0.0573148
       7300.00     0.0570133
       7320.00     0.0568575
       7340.00     0.0562716
       7360.00     0.0571217
       7380.00     0.0570621
       7400.00     0.0568129
       7420.00     0.0558070
       7440.00     0.0558460
       7460.00     0.0562617
       7480.00     0.0559233
       7500.00     0.0558679
       7520.00     0.0551117
       7540.00     0.0546391
       7560.00     0.0537041
       7580.00     0.0556029
       7600.00     0.0497213
       7620.00     0.0489911
       7640.00     0.0528657
       7660.00     0.0543797
       7680.00     0.0519954
       7700.00     0.0548277
       7720.00     0.0564159
       7740.00     0.0549985
       7760.00     0.0554456
       7780.00     0.0553483
       7800.00     0.0558823
       7820.00     0.0555596
       7840.00     0.0557317
       7860.00     0.0549191
       7880.00     0.0554488
       7900.00     0.0553529
       7920.00     0.0540148
       7940.00     0.0537017
       7960.00     0.0546266
       7980.00     0.0547099
       8000.00     0.0544413
       8020.00     0.0541303
       8040.00     0.0546951
       8060.00     0.0546903
       8080.00     0.0544244
       8100.00     0.0534220
       8120.00     0.0569269
       8140.00     0.0571325
       8160.00     0.0552262
       8180.00     0.0539309
       8200.00     0.0543138
       8220.00     0.0518724
       8240.00     0.0533249
       8260.00     0.0525575
       8280.00     0.0547655
       8300.00     0.0498901
       8320.00     0.0496435
       8340.00     0.0480914
       8360.00     0.0482706
       8380.00     0.0504206
       8400.00     0.0513467
       8420.00     0.0503898
       8440.00     0.0514366
       8460.00     0.0525199
       8480.00     0.0481265
       8500.00     0.0481373
       8520.00     0.0491795
       8540.00     0.0461419
       8560.00     0.0472660
       8580.00     0.0497369
       8600.00     0.0511336
       8620.00     0.0495469
       8640.00     0.0488626
       8660.00     0.0462331
       8680.00     0.0481110
       8700.00     0.0480408
       8720.00     0.0473662
       8740.00     0.0470165
       8760.00     0.0500391
       8780.00     0.0480034
       8800.00     0.0464962
       8820.00     0.0515719
       8840.00     0.0495465
       8860.00     0.0480857
       8880.00     0.0475816
       8900.00     0.0475537
       8920.00     0.0481564
       8940.00     0.0462399
       8960.00     0.0479414
       8980.00     0.0504182
       9000.00     0.0497203
       9020.00     0.0480512
       9040.00     0.0497336
       9060.00     0.0479554
       9080.00     0.0460303
       9100.00     0.0470107
       9120.00     0.0456357
       9140.00     0.0464973
       9160.00     0.0469714
       9180.00     0.0464861
       9200.00     0.0499767
       9220.00     0.0455601
       9240.00     0.0469071
       9260.00     0.0449077
       9280.00     0.0464776
       9300.00     0.0480408
       9320.00     0.0496727
       9340.00     0.0531040
       9360.00     0.0462682
       9380.00     0.0529151
       9400.00     0.0538870
       9420.00     0.0460108
       9440.00     0.0463974
       9460.00     0.0487146
       9480.00     0.0470545
       9500.00     0.0466224
       9520.00     0.0496999
       9540.00     0.0453583
       9560.00     0.0513672
       9580.00     0.0478475
       9600.00     0.0467958
       9620.00     0.0439946
       9640.00     0.0444502
       9660.00     0.0456318
       9680.00     0.0441576
       9700.00     0.0459148
       9720.00     0.0439759
       9740.00     0.0439217
       9760.00     0.0424991
       9780.00     0.0439577
       9800.00     0.0442267
       9820.00     0.0445304
       9840.00     0.0426180
       9860.00     0.0443141
       9880.00     0.0423031
       9900.00     0.0436024
       9920.00     0.0453571
       9940.00     0.0415173
       9960.00     0.0431280
       9980.00     0.0421962
       10000.0     0.0453107
       10020.0     0.0426242
       10040.0     0.0436947
       10060.0     0.0417209
       10080.0     0.0430330
       10100.0     0.0431219
       10120.0     0.0415778
       10140.0     0.0418771
       10160.0     0.0452545
       10180.0     0.0452346
       10200.0     0.0402522
       10220.0     0.0402079
       10240.0     0.0400264
       10260.0     0.0408391
       10280.0     0.0419223
       10300.0     0.0406123
       10320.0     0.0432585
       10340.0     0.0434468
       10360.0     0.0441773
       10380.0     0.0415184
       10400.0     0.0398162
       10420.0     0.0395373
       10440.0     0.0410778
       10460.0     0.0393189
       10480.0     0.0386737
       10500.0     0.0390017
       10520.0     0.0390278
       10540.0     0.0415552
       10560.0     0.0383474
       10580.0     0.0397700
       10600.0     0.0399271
       10620.0     0.0410435
