       3160.00       43.4995
       3170.00       46.3165
       3180.00       45.4649
       3190.00       44.6588
       3200.00       44.6796
       3210.00       45.1799
       3220.00       45.0395
       3230.00       44.9597
       3240.00       45.8702
       3250.00       43.9330
       3260.00       42.4997
       3270.00       42.7816
       3280.00       40.3632
       3290.00       40.5719
       3300.00       41.0515
       3310.00       39.4160
       3320.00       40.5144
       3330.00       41.2210
       3340.00       40.5599
       3350.00       40.6494
       3360.00       39.5930
       3370.00       39.8753
       3380.00       39.4726
       3390.00       38.8264
       3400.00       38.2971
       3410.00       37.3948
       3420.00       37.5480
       3430.00       37.2329
       3440.00       36.4907
       3450.00       37.5748
       3460.00       37.2623
       3470.00       37.0440
       3480.00       36.5136
       3490.00       36.5744
       3500.00       37.5145
       3510.00       37.2614
       3520.00       36.3902
       3530.00       36.6142
       3540.00       36.0216
       3550.00       35.8117
       3560.00       35.1525
       3570.00       33.9221
       3580.00       34.2574
       3590.00       34.0726
       3600.00       33.5147
       3610.00       32.6223
       3620.00       32.1424
       3630.00       32.0892
       3640.00       31.9482
       3650.00       32.3175
       3660.00       31.9488
       3670.00       31.4423
       3680.00       30.7120
       3690.00       30.4549
       3700.00       30.2512
       3710.00       29.6164
       3720.00       29.9851
       3730.00       29.8703
       3740.00       30.0477
       3750.00       29.4203
       3760.00       28.8473
       3770.00       29.3322
       3780.00       30.3407
       3790.00       29.9729
       3800.00       29.6239
       3810.00       30.8425
       3820.00       30.7114
       3830.00       29.2244
       3840.00       28.3131
       3850.00       29.5724
       3860.00       29.7949
       3870.00       29.1710
       3880.00       27.8725
       3890.00       26.1189
       3900.00       27.2032
       3910.00       28.5609
       3920.00       27.8662
       3930.00       27.1751
       3940.00       27.5782
       3950.00       27.7033
       3960.00       26.5157
       3970.00       25.3502
       3980.00       26.7853
       3990.00       28.4062
       4000.00       28.2710
       4010.00       28.2005
       4020.00       27.2847
       4030.00       27.3921
       4040.00       28.1340
       4050.00       28.0012
       4060.00       28.0112
       4070.00       27.4538
       4080.00       27.1507
       4090.00       26.3943
       4100.00       24.9375
       4110.00       26.0005
       4120.00       27.3386
       4130.00       28.1111
       4140.00       27.1601
       4150.00       26.9092
       4160.00       26.4127
       4170.00       26.2110
       4180.00       25.9641
       4190.00       25.1367
       4200.00       25.1838
       4210.00       25.0630
       4220.00       25.4140
       4230.00       25.3084
       4240.00       25.1277
       4250.00       24.7667
       4260.00       24.6785
       4270.00       24.5456
       4280.00       24.4583
       4290.00       24.5358
       4300.00       24.1655
       4310.00       23.8267
       4320.00       23.4449
       4330.00       21.9094
       4340.00       21.0756
       4350.00       22.5312
       4360.00       23.3769
       4370.00       23.2940
       4380.00       23.2701
       4390.00       22.9249
       4400.00       22.9457
       4410.00       22.5882
       4420.00       22.0582
       4430.00       21.8057
       4440.00       21.8000
       4450.00       22.2987
       4460.00       21.8173
       4470.00       21.0653
       4480.00       20.6890
       4490.00       20.7429
       4500.00       20.7823
       4510.00       20.5940
       4520.00       20.4349
       4530.00       19.7526
       4540.00       19.2994
       4550.00       19.8068
       4560.00       19.6930
       4570.00       19.2990
       4580.00       19.3269
       4590.00       19.1870
       4600.00       19.1035
       4610.00       19.5351
       4620.00       19.5345
       4630.00       19.3814
       4640.00       19.1323
       4650.00       18.7877
       4660.00       18.9263
       4670.00       18.6935
       4680.00       18.2013
       4690.00       18.1625
       4700.00       18.7243
       4710.00       18.9433
       4720.00       18.4275
       4730.00       18.7276
       4740.00       18.6069
       4750.00       18.5542
       4760.00       18.4748
       4770.00       18.5974
       4780.00       18.3438
       4790.00       18.0109
       4800.00       17.8398
       4810.00       17.7493
       4820.00       17.5129
       4830.00       17.2110
       4840.00       17.0165
       4850.00       15.7514
       4860.00       14.8743
       4870.00       15.5418
       4880.00       16.2461
       4890.00       16.1997
       4900.00       16.2452
       4910.00       16.1468
       4920.00       16.0097
       4930.00       16.0683
       4940.00       15.9189
       4950.00       15.7312
       4960.00       15.6090
       4970.00       15.5260
       4980.00       15.3402
       4990.00       15.3866
       5000.00       15.2789
       5010.00       15.0947
       5020.00       14.9624
       5030.00       15.0857
       5040.00       14.8013
       5050.00       14.8228
       5060.00       14.6160
       5070.00       14.5239
       5080.00       14.4448
       5090.00       14.5046
       5100.00       14.1743
       5110.00       14.0462
       5120.00       14.1315
       5130.00       14.0664
       5140.00       13.9642
       5150.00       13.9495
       5160.00       13.8479
       5170.00       13.8832
       5180.00       13.7945
       5190.00       13.6072
       5200.00       13.5564
       5210.00       13.4565
       5220.00       13.3201
       5230.00       13.2211
       5240.00       13.1958
       5250.00       13.3173
       5260.00       13.2798
       5270.00       13.1207
       5280.00       13.0473
       5290.00       12.9256
       5300.00       12.9254
       5310.00       12.7199
       5320.00       12.7321
       5330.00       12.6842
       5340.00       12.6604
       5350.00       12.5289
       5360.00       12.4457
       5370.00       12.3986
       5380.00       12.3755
       5390.00       12.3883
       5400.00       12.2228
       5410.00       11.8042
       5420.00       11.8239
       5430.00       11.9781
       5440.00       11.9089
       5450.00       11.8988
       5460.00       11.7478
       5470.00       11.7111
       5480.00       11.5902
       5490.00       11.5142
       5500.00       11.4676
       5510.00       11.4107
       5520.00       11.5074
       5530.00       11.3694
       5540.00       11.4334
       5550.00       11.3354
       5560.00       11.3312
       5570.00       11.3580
       5580.00       11.3871
       5590.00       11.2348
       5600.00       11.0773
       5610.00       10.9958
       5620.00       11.0082
       5630.00       10.9943
       5640.00       10.9271
       5650.00       10.8612
       5660.00       10.7944
       5670.00       10.7301
       5680.00       10.6649
       5690.00       10.6011
       5700.00       10.5386
       5710.00       10.4741
       5720.00       10.4120
       5730.00       10.3491
       5740.00       10.2886
       5760.00       10.0335
       5780.00       9.90111
       5800.00       9.82826
       5820.00       9.81983
       5840.00       9.73678
       5860.00       9.47259
       5880.00       9.28656
       5900.00       9.30509
       5920.00       9.31374
       5940.00       9.24998
       5960.00       9.16728
       5980.00       8.98109
       6000.00       8.90733
       6020.00       8.79036
       6040.00       8.81860
       6060.00       8.74187
       6080.00       8.71628
       6100.00       8.71504
       6120.00       8.73267
       6140.00       8.39396
       6160.00       8.32401
       6180.00       8.19847
       6200.00       8.13996
       6220.00       8.23650
       6240.00       8.27075
       6260.00       8.12649
       6280.00       7.99234
       6300.00       7.92217
       6320.00       7.86970
       6340.00       7.90962
       6360.00       7.85147
       6380.00       7.83389
       6400.00       7.69015
       6420.00       7.63821
       6440.00       7.54378
       6460.00       7.43006
       6480.00       7.30221
       6500.00       7.25902
       6520.00       7.20723
       6540.00       6.76836
       6560.00       6.68319
       6580.00       7.09472
       6600.00       7.15778
       6620.00       7.08480
       6640.00       6.89248
       6660.00       6.58766
       6680.00       6.54585
       6700.00       6.64215
       6720.00       6.51548
       6740.00       6.50090
       6760.00       6.58604
       6780.00       6.40957
       6800.00       6.23508
       6820.00       6.33154
       6840.00       6.39086
       6860.00       5.96923
       6880.00       5.95933
       6900.00       6.06756
       6920.00       6.07134
       6940.00       6.10468
       6960.00       6.10649
       6980.00       5.99801
       7000.00       5.98821
       7020.00       5.85876
       7040.00       5.82663
       7060.00       5.70291
       7080.00       5.71579
       7100.00       5.66175
       7120.00       5.68008
       7140.00       5.51145
       7160.00       5.43513
       7180.00       5.44858
       7200.00       5.43701
       7220.00       5.31712
       7240.00       5.25636
       7260.00       5.20389
       7280.00       5.18959
       7300.00       5.23776
       7320.00       5.23046
       7340.00       5.08687
       7360.00       4.96411
       7380.00       4.95153
       7400.00       4.89394
       7420.00       4.80813
       7440.00       4.74865
       7460.00       4.75828
       7480.00       4.79186
       7500.00       4.70468
       7520.00       4.76722
       7540.00       4.77329
       7560.00       4.83109
       7580.00       4.06352
       7600.00       3.66206
       7620.00       4.71140
       7640.00       4.70074
       7660.00       4.50676
       7680.00       4.28706
       7700.00       4.48085
       7720.00       4.52075
       7740.00       4.53062
       7760.00       4.39247
       7780.00       4.46033
       7800.00       4.47768
       7820.00       4.36205
       7840.00       4.41147
       7860.00       4.31619
       7880.00       4.25070
       7900.00       4.16524
       7920.00       4.14662
       7940.00       4.11436
       7960.00       4.08549
       7980.00       4.04712
       8000.00       4.12199
       8020.00       4.06052
       8040.00       4.11664
       8060.00       4.08335
       8080.00       4.01132
       8100.00       3.86759
       8120.00       3.89914
       8140.00       3.98648
       8160.00       3.74010
       8180.00       3.87995
       8200.00       3.83685
       8220.00       3.67769
       8240.00       3.73493
       8260.00       3.69715
       8280.00       3.60456
       8300.00       3.63451
       8320.00       3.60727
       8340.00       3.48095
       8360.00       3.48106
       8380.00       3.44596
       8400.00       3.54543
       8420.00       3.58576
       8440.00       3.40703
       8460.00       3.42703
       8480.00       3.33801
       8500.00       3.50749
       8520.00       3.42774
       8540.00       3.42346
       8560.00       3.36001
       8580.00       3.28191
       8600.00       3.11019
       8620.00       3.26966
       8640.00       3.21829
       8660.00       3.10716
       8680.00       3.14655
       8700.00       3.19093
       8720.00       3.14904
       8740.00       3.20568
       8760.00       3.12734
       8780.00       2.96241
       8800.00       3.12624
       8820.00       3.07334
       8840.00       2.86902
       8860.00       2.98634
       8880.00       2.96950
       8900.00       2.90157
       8920.00       3.00652
       8940.00       2.86993
       8960.00       2.98594
       8980.00       2.68358
       9000.00       2.76813
       9020.00       2.85515
       9040.00       2.85593
       9060.00       2.98060
       9080.00       2.73950
       9100.00       2.81877
       9120.00       2.84846
       9140.00       2.88012
       9160.00       2.79680
       9180.00       2.64538
       9200.00       2.73026
       9220.00       2.61929
       9240.00       2.56156
       9260.00       2.58373
       9280.00       2.81939
       9300.00       2.56641
       9320.00       2.54439
       9340.00       2.38510
       9360.00       2.52666
       9380.00       2.77429
       9400.00       2.70970
       9420.00       2.25250
       9440.00       2.44341
       9460.00       2.63624
       9480.00       2.48317
       9500.00       2.55627
       9520.00       2.37033
       9540.00       2.31560
       9560.00       2.47313
       9580.00       2.50144
       9600.00       2.52429
       9620.00       2.39970
       9640.00       2.48388
       9660.00       2.47409
       9680.00       2.27350
       9700.00       2.26418
       9720.00       2.36775
       9740.00       2.35037
       9760.00       2.38959
       9780.00       2.18729
       9800.00       2.30457
       9820.00       2.25546
       9840.00       2.29911
       9860.00       2.23460
       9880.00       2.24306
       9900.00       2.16531
       9920.00       2.18746
       9940.00       2.17338
       9960.00       2.14905
       9980.00       2.23986
       10000.0       2.20844
       10020.0       2.16563
       10040.0       1.90129
       10060.0       1.97466
       10080.0       2.00320
       10100.0       1.89127
       10120.0       1.92746
       10140.0       1.98502
       10160.0       1.98995
       10180.0       2.05976
       10200.0       2.00919
       10220.0       1.90923
       10240.0       1.92680
       10260.0       1.76112
       10280.0       1.86751
       10300.0       1.78729
       10320.0       1.78382
       10340.0       1.82442
       10360.0       1.72493
       10380.0       1.80379
       10400.0       1.68252
       10420.0       1.70453
       10440.0       1.67054
       10460.0       1.77589
       10480.0       1.84962
       10500.0       1.62190
       10520.0       1.67979
       10540.0       1.66626
       10560.0       1.77426
       10580.0       1.61509
       10600.0       1.67861
       10620.0       1.67303
