       3160.00       33.6128
       3170.00       30.9624
       3180.00       31.9189
       3190.00       35.0773
       3200.00       32.2874
       3210.00       32.7884
       3220.00       31.4694
       3230.00       32.8492
       3240.00       33.4666
       3250.00       31.7732
       3260.00       32.3030
       3270.00       30.3108
       3280.00       29.4391
       3290.00       30.4546
       3300.00       30.5861
       3310.00       30.1505
       3320.00       29.9057
       3330.00       30.4811
       3340.00       29.5055
       3350.00       29.2818
       3360.00       29.5158
       3370.00       29.6305
       3380.00       28.9211
       3390.00       29.4557
       3400.00       28.7509
       3410.00       28.3335
       3420.00       28.2506
       3430.00       28.1020
       3440.00       27.3599
       3450.00       28.3343
       3460.00       28.4658
       3470.00       27.8436
       3480.00       26.8985
       3490.00       27.0656
       3500.00       26.6637
       3510.00       26.0698
       3520.00       26.0119
       3530.00       25.9382
       3540.00       25.9612
       3550.00       25.4881
       3560.00       25.5761
       3570.00       25.1226
       3580.00       25.3538
       3590.00       24.3181
       3600.00       24.1874
       3610.00       24.9229
       3620.00       24.3990
       3630.00       24.0188
       3640.00       23.6720
       3650.00       23.9339
       3660.00       23.6202
       3670.00       23.5094
       3680.00       23.0751
       3690.00       23.1665
       3700.00       22.4131
       3710.00       22.6589
       3720.00       22.6437
       3730.00       22.2480
       3740.00       22.7049
       3750.00       22.9776
       3760.00       22.8409
       3770.00       22.6598
       3780.00       23.6968
       3790.00       23.9190
       3800.00       22.3165
       3810.00       23.9277
       3820.00       24.6233
       3830.00       21.7561
       3840.00       21.6699
       3850.00       24.9773
       3860.00       25.4865
       3870.00       25.0244
       3880.00       22.7201
       3890.00       20.7197
       3900.00       22.3851
       3910.00       24.8846
       3920.00       24.3864
       3930.00       24.6423
       3940.00       24.8825
       3950.00       24.8483
       3960.00       22.9352
       3970.00       19.8586
       3980.00       21.5927
       3990.00       24.5565
       4000.00       24.7933
       4010.00       24.1932
       4020.00       22.9744
       4030.00       23.0584
       4040.00       24.2666
       4050.00       24.2909
       4060.00       24.0212
       4070.00       23.0690
       4080.00       22.7062
       4090.00       21.8591
       4100.00       19.1735
       4110.00       19.6244
       4120.00       22.0446
       4130.00       22.9401
       4140.00       21.8695
       4150.00       21.9673
       4160.00       22.1739
       4170.00       22.4885
       4180.00       22.2445
       4190.00       22.5168
       4200.00       22.1386
       4210.00       22.1265
       4220.00       21.9125
       4230.00       21.9144
       4240.00       21.6886
       4250.00       21.7044
       4260.00       21.5334
       4270.00       21.4298
       4280.00       20.9020
       4290.00       20.6679
       4300.00       20.9633
       4310.00       20.0844
       4320.00       19.1964
       4330.00       17.6566
       4340.00       16.0454
       4350.00       17.2229
       4360.00       18.6294
       4370.00       19.3537
       4380.00       19.3095
       4390.00       18.8127
       4400.00       19.5444
       4410.00       19.1910
       4420.00       18.6079
       4430.00       18.4761
       4440.00       18.1530
       4450.00       18.4824
       4460.00       17.9825
       4470.00       17.1036
       4480.00       17.2683
       4490.00       17.7864
       4500.00       17.8100
       4510.00       17.8083
       4520.00       17.6684
       4530.00       17.5542
       4540.00       17.3779
       4550.00       17.2398
       4560.00       17.2518
       4570.00       17.1644
       4580.00       17.2509
       4590.00       16.9411
       4600.00       16.6943
       4610.00       16.5349
       4620.00       16.7081
       4630.00       16.3776
       4640.00       15.9139
       4650.00       16.0506
       4660.00       16.0284
       4670.00       15.9089
       4680.00       15.7900
       4690.00       15.7442
       4700.00       15.4811
       4710.00       15.3879
       4720.00       15.5479
       4730.00       15.8272
       4740.00       15.5781
       4750.00       15.4975
       4760.00       15.2143
       4770.00       15.3253
       4780.00       15.1507
       4790.00       15.2258
       4800.00       14.8746
       4810.00       14.8436
       4820.00       14.7775
       4830.00       14.8057
       4840.00       14.5052
       4850.00       13.5969
       4860.00       11.8977
       4870.00       12.4214
       4880.00       13.9789
       4890.00       14.1943
       4900.00       14.0841
       4910.00       13.8935
       4920.00       13.3342
       4930.00       13.4569
       4940.00       13.8321
       4950.00       13.8386
       4960.00       13.7534
       4970.00       13.5429
       4980.00       13.4473
       4990.00       13.6594
       5000.00       13.1209
       5010.00       12.9926
       5020.00       13.0686
       5030.00       13.2120
       5040.00       13.0393
       5050.00       13.1372
       5060.00       13.0438
       5070.00       13.0069
       5080.00       12.7689
       5090.00       12.7215
       5100.00       12.5629
       5110.00       12.4494
       5120.00       12.3141
       5130.00       12.2680
       5140.00       12.2330
       5150.00       12.1652
       5160.00       12.0315
       5170.00       12.1511
       5180.00       12.0289
       5190.00       12.0386
       5200.00       11.9717
       5210.00       11.8288
       5220.00       11.7844
       5230.00       11.6424
       5240.00       11.5010
       5250.00       11.4574
       5260.00       11.5328
       5270.00       11.5648
       5280.00       11.3063
       5290.00       11.5211
       5300.00       11.1457
       5310.00       11.1140
       5320.00       11.1038
       5330.00       10.9764
       5340.00       10.9346
       5350.00       10.8504
       5360.00       10.8620
       5370.00       10.9052
       5380.00       10.9166
       5390.00       10.8015
       5400.00       10.6553
       5410.00       10.6776
       5420.00       10.6160
       5430.00       10.9207
       5440.00       10.6605
       5450.00       10.4002
       5460.00       10.3582
       5470.00       10.3476
       5480.00       10.2769
       5490.00       10.0233
       5500.00       10.3201
       5510.00       10.2106
       5520.00       10.3516
       5530.00       10.1367
       5540.00       10.1953
       5550.00       10.0961
       5560.00       9.93289
       5570.00       9.94157
       5580.00       10.0062
       5590.00       9.89381
       5600.00       9.77775
       5610.00       9.87676
       5620.00       9.67625
       5630.00       9.65301
       5640.00       9.57849
       5650.00       9.54646
       5660.00       9.46336
       5670.00       9.50277
       5680.00       9.31104
       5690.00       9.44341
       5700.00       9.24648
       5710.00       9.25217
       5720.00       9.26479
       5730.00       9.13463
       5740.00       9.08309
       5760.00       9.06733
       5780.00       8.90427
       5800.00       8.91274
       5820.00       8.90651
       5840.00       8.83905
       5860.00       8.51034
       5880.00       8.27081
       5900.00       8.37563
       5920.00       8.37228
       5940.00       8.42059
       5960.00       8.32181
       5980.00       8.25313
       6000.00       8.21994
       6020.00       8.15772
       6040.00       8.03573
       6060.00       8.06451
       6080.00       8.16410
       6100.00       8.26676
       6120.00       8.12745
       6140.00       7.86415
       6160.00       7.79712
       6180.00       7.56417
       6200.00       7.58008
       6220.00       7.59406
       6240.00       7.45230
       6260.00       7.34229
       6280.00       7.20133
       6300.00       7.20011
       6320.00       7.16114
       6340.00       7.16543
       6360.00       7.11164
       6380.00       7.07866
       6400.00       7.02459
       6420.00       6.94697
       6440.00       6.89276
       6460.00       6.80460
       6480.00       6.66088
       6500.00       6.62728
       6520.00       6.54335
       6540.00       6.32185
       6560.00       5.89562
       6580.00       6.15307
       6600.00       6.45543
       6620.00       6.35957
       6640.00       6.37891
       6660.00       6.27191
       6680.00       6.15449
       6700.00       6.22514
       6720.00       6.20661
       6740.00       6.14268
       6760.00       6.15644
       6780.00       6.00675
       6800.00       6.11104
       6820.00       6.23553
       6840.00       6.41577
       6860.00       5.98472
       6880.00       5.66764
       6900.00       5.75411
       6920.00       5.88112
       6940.00       5.63910
       6960.00       5.62208
       6980.00       5.58319
       7000.00       5.57778
       7020.00       5.55865
       7040.00       5.47993
       7060.00       5.37993
       7080.00       5.30216
       7100.00       5.37602
       7120.00       5.28115
       7140.00       5.20907
       7160.00       5.23022
       7180.00       5.12468
       7200.00       5.05917
       7220.00       5.02548
       7240.00       4.86254
       7260.00       4.79360
       7280.00       4.72113
       7300.00       4.83502
       7320.00       4.84432
       7340.00       4.71891
       7360.00       4.74390
       7380.00       4.75259
       7400.00       4.75357
       7420.00       4.67492
       7440.00       4.70052
       7460.00       4.59503
       7480.00       4.56300
       7500.00       4.50842
       7520.00       4.61880
       7540.00       4.79789
       7560.00       4.96401
       7580.00       4.82952
       7600.00       3.90427
       7620.00       4.71621
       7640.00       4.41020
       7660.00       4.26892
       7680.00       3.87765
       7700.00       4.06232
       7720.00       4.18644
       7740.00       4.14407
       7760.00       4.20000
       7780.00       4.11546
       7800.00       4.03573
       7820.00       4.03122
       7840.00       4.01876
       7860.00       4.02516
       7880.00       3.94430
       7900.00       3.92209
       7920.00       3.96884
       7940.00       3.90949
       7960.00       3.88967
       7980.00       3.90199
       8000.00       3.85035
       8020.00       3.79188
       8040.00       3.78880
       8060.00       3.87172
       8080.00       3.82417
       8100.00       3.79440
       8120.00       3.82142
       8140.00       3.66620
       8160.00       3.55698
       8180.00       3.57467
       8200.00       3.64422
       8220.00       3.58491
       8240.00       3.62102
       8260.00       3.77110
       8280.00       3.51228
       8300.00       3.52367
       8320.00       3.66812
       8340.00       3.44411
       8360.00       3.34347
       8380.00       3.42225
       8400.00       3.30050
       8420.00       3.39992
       8440.00       3.38446
       8460.00       3.49932
       8480.00       3.43950
       8500.00       3.40801
       8520.00       3.48535
       8540.00       3.34815
       8560.00       3.39342
       8580.00       3.19948
       8600.00       3.23695
       8620.00       3.17805
       8640.00       3.18778
       8660.00       3.10958
       8680.00       2.96369
       8700.00       3.38973
       8720.00       3.35590
       8740.00       3.12531
       8760.00       3.16810
       8780.00       3.18806
       8800.00       3.30410
       8820.00       3.16845
       8840.00       2.94217
       8860.00       2.99131
       8880.00       2.86624
       8900.00       2.99063
       8920.00       3.13739
       8940.00       3.10241
       8960.00       3.07140
       8980.00       2.81787
       9000.00       2.74598
       9020.00       2.74241
       9040.00       3.09134
       9060.00       2.76290
       9080.00       2.83939
       9100.00       2.94175
       9120.00       2.77150
       9140.00       2.67346
       9160.00       2.69491
       9180.00       2.89817
       9200.00       2.68937
       9220.00       2.53999
       9240.00       2.60580
       9260.00       2.83449
       9280.00       2.78921
       9300.00       2.82719
       9320.00       2.62732
       9340.00       2.99509
       9360.00       2.82970
       9380.00       2.74191
       9400.00       3.35363
       9420.00       2.49632
       9440.00       2.39656
       9460.00       2.72053
       9480.00       1.92809
       9500.00       2.67320
       9520.00       2.97545
       9540.00       2.42443
       9560.00       2.37004
       9580.00       2.64732
       9600.00       2.63056
       9620.00       2.61328
       9640.00       2.52243
       9660.00       2.49310
       9680.00       2.68158
       9700.00       2.44417
       9720.00       2.46368
       9740.00       2.54610
       9760.00       2.41634
       9780.00       2.47702
       9800.00       2.43603
       9820.00       2.45537
       9840.00       2.54735
       9860.00       2.56868
       9880.00       2.38756
       9900.00       2.47626
       9920.00       2.39740
       9940.00       2.38858
       9960.00       2.39804
       9980.00       2.36023
       10000.0       2.40151
       10020.0       2.15127
       10040.0       2.05646
       10060.0       2.07326
       10080.0       2.25060
       10100.0       2.19665
       10120.0       2.29053
       10140.0       2.27201
       10160.0       2.27592
       10180.0       2.28373
       10200.0       2.28816
       10220.0       2.17364
       10240.0       2.30917
       10260.0       2.23215
       10280.0       2.30958
       10300.0       2.08562
       10320.0       2.19606
       10340.0       2.23356
       10360.0       2.10589
       10380.0       2.35190
       10400.0       2.09069
       10420.0       2.11938
       10440.0       2.25188
       10460.0       2.15417
       10480.0       2.24491
       10500.0       2.23577
       10520.0       2.24285
       10540.0       2.03381
       10560.0       1.94444
       10580.0       2.03257
       10600.0       2.10536
       10620.0       2.16183
