       3160.00      0.197270
       3170.00      0.204860
       3180.00      0.203458
       3190.00      0.213097
       3200.00      0.218307
       3210.00      0.205611
       3220.00      0.188653
       3230.00      0.191800
       3240.00      0.217695
       3250.00      0.250847
       3260.00      0.268711
       3270.00      0.262435
       3280.00      0.274569
       3290.00      0.293810
       3300.00      0.287076
       3310.00      0.277615
       3320.00      0.272713
       3330.00      0.269144
       3340.00      0.276277
       3350.00      0.270991
       3360.00      0.258992
       3370.00      0.268381
       3380.00      0.290124
       3390.00      0.299650
       3400.00      0.290828
       3410.00      0.292378
       3420.00      0.290818
       3430.00      0.269871
       3440.00      0.264181
       3450.00      0.276970
       3460.00      0.283555
       3470.00      0.274818
       3480.00      0.272505
       3490.00      0.292307
       3500.00      0.312960
       3510.00      0.308085
       3520.00      0.306388
       3530.00      0.334611
       3540.00      0.358180
       3550.00      0.336800
       3560.00      0.291841
       3570.00      0.270091
       3580.00      0.290345
       3590.00      0.322572
       3600.00      0.313240
       3610.00      0.305828
       3620.00      0.328423
       3630.00      0.333229
       3640.00      0.345426
       3650.00      0.381464
       3660.00      0.390564
       3670.00      0.376232
       3680.00      0.380974
       3690.00      0.391700
       3700.00      0.372660
       3710.00      0.351514
       3720.00      0.337868
       3730.00      0.305683
       3740.00      0.306799
       3750.00      0.349564
       3760.00      0.396461
       3770.00      0.427124
       3780.00      0.415025
       3790.00      0.397393
       3800.00      0.401930
       3810.00      0.343426
       3820.00      0.271977
       3830.00      0.288261
       3840.00      0.345640
       3850.00      0.371540
       3860.00      0.375698
       3870.00      0.377095
       3880.00      0.377365
       3890.00      0.410602
       3900.00      0.431677
       3910.00      0.389020
       3920.00      0.298246
       3930.00      0.294665
       3940.00      0.386547
       3950.00      0.374583
       3960.00      0.322139
       3970.00      0.436088
       3980.00      0.571389
       3990.00      0.608381
       4000.00      0.626867
       4010.00      0.642136
       4020.00      0.647494
       4030.00      0.641940
       4040.00      0.623525
       4050.00      0.616509
       4060.00      0.637790
       4070.00      0.679696
       4080.00      0.686302
       4090.00      0.653033
       4100.00      0.661671
       4110.00      0.684577
       4120.00      0.678469
       4130.00      0.688616
       4140.00      0.700461
       4150.00      0.700167
       4160.00      0.684461
       4170.00      0.673686
       4180.00      0.676111
       4190.00      0.683243
       4200.00      0.702737
       4210.00      0.689731
       4220.00      0.661477
       4230.00      0.666524
       4240.00      0.672684
       4250.00      0.662820
       4260.00      0.659227
       4270.00      0.658022
       4280.00      0.620889
       4290.00      0.554936
       4300.00      0.573154
       4310.00      0.679768
       4320.00      0.698841
       4330.00      0.651688
       4340.00      0.684845
       4350.00      0.743451
       4360.00      0.719078
       4370.00      0.681578
       4380.00      0.679911
       4390.00      0.696483
       4400.00      0.721964
       4410.00      0.744706
       4420.00      0.754256
       4430.00      0.763545
       4440.00      0.753247
       4450.00      0.746138
       4460.00      0.772894
       4470.00      0.793383
       4480.00      0.803988
       4490.00      0.829041
       4500.00      0.846162
       4510.00      0.821730
       4520.00      0.789620
       4530.00      0.802670
       4540.00      0.821079
       4550.00      0.836334
       4560.00      0.841477
       4570.00      0.828137
       4580.00      0.821592
       4590.00      0.829465
       4600.00      0.846737
       4610.00      0.860483
       4620.00      0.858620
       4630.00      0.838543
       4640.00      0.829463
       4650.00      0.829545
       4660.00      0.817419
       4670.00      0.825580
       4680.00      0.835765
       4690.00      0.828432
       4700.00      0.840415
       4710.00      0.861866
       4720.00      0.867497
       4730.00      0.871065
       4740.00      0.876042
       4750.00      0.870645
       4760.00      0.879755
       4770.00      0.895901
       4780.00      0.901592
       4790.00      0.904540
       4800.00      0.911997
       4810.00      0.922429
       4820.00      0.925417
       4830.00      0.923800
       4840.00      0.866807
       4850.00      0.784303
       4860.00      0.788542
       4870.00      0.821869
       4880.00      0.840734
       4890.00      0.867508
       4900.00      0.861998
       4910.00      0.839623
       4920.00      0.853301
       4930.00      0.871128
       4940.00      0.875025
       4950.00      0.867122
       4960.00      0.858278
       4970.00      0.856551
       4980.00      0.860446
       4990.00      0.854084
       5000.00      0.832320
       5010.00      0.838357
       5020.00      0.851285
       5030.00      0.849880
       5040.00      0.857090
       5050.00      0.863030
       5060.00      0.846461
       5070.00      0.838325
       5080.00      0.853473
       5090.00      0.846965
       5100.00      0.841807
       5110.00      0.839688
       5120.00      0.821758
       5130.00      0.817055
       5140.00      0.835068
       5150.00      0.817813
       5160.00      0.751480
       5170.00      0.759351
       5180.00      0.797906
       5190.00      0.820056
       5200.00      0.838228
       5210.00      0.833102
       5220.00      0.830213
       5230.00      0.851210
       5240.00      0.857591
       5250.00      0.825010
       5260.00      0.795578
       5270.00      0.827094
       5280.00      0.864790
       5290.00      0.872725
       5300.00      0.884632
       5310.00      0.876429
       5320.00      0.844332
       5330.00      0.855230
       5340.00      0.881526
       5350.00      0.882943
       5360.00      0.873200
       5370.00      0.878577
       5380.00      0.880887
       5390.00      0.856175
       5400.00      0.848608
       5410.00      0.875289
       5420.00      0.898402
       5430.00      0.904739
       5440.00      0.904848
       5450.00      0.908495
       5460.00      0.906831
       5470.00      0.889309
       5480.00      0.892085
       5490.00      0.902754
       5500.00      0.900236
       5510.00      0.888103
       5520.00      0.890861
       5530.00      0.904943
       5540.00      0.914622
       5550.00      0.906025
       5560.00      0.894857
       5570.00      0.892385
       5580.00      0.888194
       5590.00      0.884017
       5600.00      0.896213
       5610.00      0.887741
       5620.00      0.911897
       5630.00      0.880306
       5640.00      0.910373
       5650.00      0.879749
       5660.00      0.907156
       5670.00      0.879197
       5680.00      0.914996
       5690.00      0.879496
       5700.00      0.902482
       5710.00      0.894146
       5720.00      0.927140
       5730.00      0.897757
       5740.00      0.891993
       5760.00      0.885548
       5780.00      0.894995
       5800.00      0.912690
       5820.00      0.918665
       5840.00      0.911392
       5860.00      0.892649
       5880.00      0.869935
       5900.00      0.881695
       5920.00      0.901519
       5940.00      0.904165
       5960.00      0.905984
       5980.00      0.902148
       6000.00      0.897534
       6020.00      0.909768
       6040.00      0.913939
       6060.00      0.909332
       6080.00      0.913477
       6100.00      0.907321
       6120.00      0.886237
       6140.00      0.877854
       6160.00      0.889091
       6180.00      0.901816
       6200.00      0.903573
       6220.00      0.899117
       6240.00      0.888509
       6260.00      0.885671
       6280.00      0.890527
       6300.00      0.888465
       6320.00      0.895571
       6340.00      0.907954
       6360.00      0.909647
       6380.00      0.912085
       6400.00      0.910742
       6420.00      0.907904
       6440.00      0.909577
       6460.00      0.903775
       6480.00      0.903218
       6500.00      0.908598
       6520.00      0.882148
       6540.00      0.836694
       6560.00      0.836348
       6580.00      0.863847
       6600.00      0.883143
       6620.00      0.892127
       6640.00      0.896701
       6660.00      0.899799
       6680.00      0.903601
       6700.00      0.903062
       6720.00      0.902527
       6740.00      0.906286
       6760.00      0.895047
       6780.00      0.890985
       6800.00      0.901126
       6820.00      0.904139
       6840.00      0.890217
       6860.00      0.867944
       6880.00      0.885742
       6900.00      0.909726
       6920.00      0.891073
       6940.00      0.882253
       6960.00      0.879025
       6980.00      0.857166
       7000.00      0.849208
       7020.00      0.864644
       7040.00      0.872460
       7060.00      0.871354
       7080.00      0.871617
       7100.00      0.871878
       7120.00      0.863334
       7140.00      0.825129
       7160.00      0.776363
       7180.00      0.786287
       7200.00      0.828297
       7220.00      0.826002
       7240.00      0.814398
       7260.00      0.824108
       7280.00      0.831115
       7300.00      0.851953
       7320.00      0.862798
       7340.00      0.852565
       7360.00      0.839112
       7380.00      0.831612
       7400.00      0.830016
       7420.00      0.832977
       7440.00      0.835274
       7460.00      0.823987
       7480.00      0.811471
       7500.00      0.823449
       7520.00      0.841133
       7540.00      0.840820
       7560.00      0.744852
       7580.00      0.591892
       7600.00      0.600865
       7620.00      0.755437
       7640.00      0.850008
       7660.00      0.862894
       7680.00      0.829887
       7700.00      0.805817
       7720.00      0.806852
       7740.00      0.796047
       7760.00      0.789025
       7780.00      0.788856
       7800.00      0.787451
       7820.00       0.00000
       7840.00       0.00000
       7860.00       0.00000
       7880.00       0.00000
       7900.00       0.00000
       7920.00       0.00000
       7940.00       0.00000
       7960.00       0.00000
       7980.00       0.00000
       8000.00       0.00000
       8020.00       0.00000
       8040.00       0.00000
       8060.00       0.00000
       8080.00       0.00000
       8100.00       0.00000
       8120.00       0.00000
       8140.00      0.790689
       8160.00      0.789342
       8180.00      0.796842
       8200.00      0.793135
       8220.00      0.792964
       8240.00      0.802741
       8260.00      0.794377
       8280.00      0.773826
       8300.00      0.764991
       8320.00      0.760255
       8340.00      0.761322
       8360.00      0.760654
       8380.00      0.754236
       8400.00      0.751293
       8420.00      0.746645
       8440.00      0.740877
       8460.00      0.734567
       8480.00      0.728855
       8500.00      0.712960
       8520.00      0.698837
       8540.00      0.713008
       8560.00      0.727112
       8580.00      0.727665
       8600.00      0.731018
       8620.00      0.714221
       8640.00      0.694153
       8660.00      0.702014
       8680.00      0.722058
       8700.00      0.720953
       8720.00      0.705477
       8740.00      0.707724
       8760.00      0.707759
       8780.00      0.697362
       8800.00      0.702351
       8820.00      0.714424
       8840.00      0.717170
       8860.00      0.716096
       8880.00      0.713940
       8900.00      0.722086
       8920.00      0.720467
       8940.00      0.685420
       8960.00      0.650530
       8980.00      0.645323
       9000.00      0.674422
       9020.00      0.719962
       9040.00      0.723169
       9060.00      0.684856
       9080.00      0.697683
       9100.00      0.715223
       9120.00      0.693037
       9140.00      0.673587
       9160.00      0.693169
       9180.00      0.733148
       9200.00      0.731030
       9220.00      0.724738
       9240.00      0.722648
       9260.00      0.705988
       9280.00      0.677971
       9300.00      0.597716
       9320.00      0.536428
       9340.00      0.566767
       9360.00      0.656209
       9380.00      0.727795
       9400.00      0.689319
       9420.00      0.637187
       9440.00      0.673630
       9460.00      0.709919
       9480.00      0.685028
       9500.00      0.639434
       9520.00      0.647713
       9540.00      0.663032
       9560.00      0.672235
       9580.00      0.665296
       9600.00      0.649346
       9620.00      0.634465
       9640.00      0.647652
       9660.00      0.700212
       9680.00      0.712212
       9700.00      0.686390
       9720.00      0.660177
       9740.00      0.643972
       9760.00      0.642159
       9780.00      0.644789
       9800.00      0.644949
       9820.00      0.639217
       9840.00      0.641347
       9860.00      0.641024
       9880.00      0.631431
       9900.00      0.630643
       9920.00      0.630829
       9940.00      0.629075
       9960.00      0.633620
       9980.00      0.638631
       10000.0      0.644585
       10020.0      0.634156
       10040.0      0.625690
       10060.0      0.629718
       10080.0      0.623208
       10100.0      0.618155
       10120.0      0.621221
       10140.0      0.612388
       10160.0      0.603116
       10180.0      0.602404
       10200.0      0.594606
       10220.0      0.598631
       10240.0      0.610174
       10260.0      0.616973
       10280.0      0.610614
       10300.0      0.594918
       10320.0      0.587692
       10340.0      0.575365
       10360.0      0.572858
       10380.0      0.581508
       10400.0      0.575754
       10420.0      0.576962
       10440.0      0.584169
       10460.0      0.587662
       10480.0      0.598041
       10500.0      0.598279
       10520.0      0.606766
       10540.0      0.616135
       10560.0      0.598989
       10580.0      0.587376
       10600.0      0.583084
       10620.0      0.585617
