       3160.00      0.224049
       3170.00      0.234545
       3180.00      0.241723
       3190.00      0.238147
       3200.00      0.240634
       3210.00      0.243385
       3220.00      0.223783
       3230.00      0.203467
       3240.00      0.229061
       3250.00      0.250487
       3260.00      0.283639
       3270.00      0.281535
       3280.00      0.242028
       3290.00      0.293486
       3300.00      0.314392
       3310.00      0.295787
       3320.00      0.293136
       3330.00      0.282941
       3340.00      0.288958
       3350.00      0.294537
       3360.00      0.277338
       3370.00      0.264110
       3380.00      0.283943
       3390.00      0.295570
       3400.00      0.303294
       3410.00      0.295550
       3420.00      0.288902
       3430.00      0.278231
       3440.00      0.242271
       3450.00      0.268800
       3460.00      0.285173
       3470.00      0.282408
       3480.00      0.277075
       3490.00      0.267780
       3500.00      0.308371
       3510.00      0.331441
       3520.00      0.302916
       3530.00      0.319758
       3540.00      0.347045
       3550.00      0.359236
       3560.00      0.328554
       3570.00      0.296407
       3580.00      0.257909
       3590.00      0.289997
       3600.00      0.312791
       3610.00      0.305201
       3620.00      0.312305
       3630.00      0.322342
       3640.00      0.321086
       3650.00      0.359247
       3660.00      0.385040
       3670.00      0.382031
       3680.00      0.364869
       3690.00      0.369118
       3700.00      0.371158
       3710.00      0.370279
       3720.00      0.358166
       3730.00      0.311651
       3740.00      0.295914
       3750.00      0.323175
       3760.00      0.339173
       3770.00      0.389902
       3780.00      0.430731
       3790.00      0.397215
       3800.00      0.384813
       3810.00      0.398197
       3820.00      0.335375
       3830.00      0.261144
       3840.00      0.301436
       3850.00      0.371175
       3860.00      0.383373
       3870.00      0.376807
       3880.00      0.353939
       3890.00      0.367359
       3900.00      0.402263
       3910.00      0.427562
       3920.00      0.380143
       3930.00      0.278291
       3940.00      0.289222
       3950.00      0.421753
       3960.00      0.381638
       3970.00      0.314778
       3980.00      0.471432
       3990.00      0.583813
       4000.00      0.619214
       4010.00      0.637400
       4020.00      0.647891
       4030.00      0.635240
       4040.00      0.607298
       4050.00      0.602135
       4060.00      0.596224
       4070.00      0.580842
       4080.00      0.601013
       4090.00      0.645705
       4100.00      0.601919
       4110.00      0.630532
       4120.00      0.680500
       4130.00      0.672866
       4140.00      0.672435
       4150.00      0.658683
       4160.00      0.672660
       4170.00      0.661453
       4180.00      0.629329
       4190.00      0.635444
       4200.00      0.648166
       4210.00      0.659866
       4220.00      0.642324
       4230.00      0.612963
       4240.00      0.619151
       4250.00      0.652069
       4260.00      0.649589
       4270.00      0.632803
       4280.00      0.618301
       4290.00      0.598208
       4300.00      0.515067
       4310.00      0.581456
       4320.00      0.657216
       4330.00      0.627771
       4340.00      0.628189
       4350.00      0.662190
       4360.00      0.720573
       4370.00      0.712341
       4380.00      0.647289
       4390.00      0.633527
       4400.00      0.637910
       4410.00      0.699560
       4420.00      0.728488
       4430.00      0.722581
       4440.00      0.731584
       4450.00      0.716707
       4460.00      0.706936
       4470.00      0.756039
       4480.00      0.766091
       4490.00      0.768590
       4500.00      0.799447
       4510.00      0.809934
       4520.00      0.761002
       4530.00      0.736797
       4540.00      0.751214
       4550.00      0.754898
       4560.00      0.749694
       4570.00      0.801268
       4580.00      0.785385
       4590.00      0.763499
       4600.00      0.787443
       4610.00      0.801921
       4620.00      0.821299
       4630.00      0.814283
       4640.00      0.783948
       4650.00      0.792509
       4660.00      0.781259
       4670.00      0.775447
       4680.00      0.789350
       4690.00      0.792651
       4700.00      0.769063
       4710.00      0.774111
       4720.00      0.787423
       4730.00      0.819591
       4740.00      0.821750
       4750.00      0.826550
       4760.00      0.807720
       4770.00      0.826665
       4780.00      0.845813
       4790.00      0.848458
       4800.00      0.857086
       4810.00      0.857547
       4820.00      0.861736
       4830.00      0.845341
       4840.00      0.835049
       4850.00      0.784297
       4860.00      0.707394
       4870.00      0.727448
       4880.00      0.764369
       4890.00      0.812446
       4900.00      0.831062
       4910.00      0.806757
       4920.00      0.789402
       4930.00      0.794092
       4940.00      0.815325
       4950.00      0.820216
       4960.00      0.814212
       4970.00      0.829306
       4980.00      0.798847
       4990.00      0.794453
       5000.00      0.786751
       5010.00      0.758084
       5020.00      0.760155
       5030.00      0.781254
       5040.00      0.761598
       5050.00      0.793470
       5060.00      0.804695
       5070.00      0.796547
       5080.00      0.790289
       5090.00      0.802072
       5100.00      0.786396
       5110.00      0.818022
       5120.00      0.810366
       5130.00      0.770406
       5140.00      0.780539
       5150.00      0.786443
       5160.00      0.751989
       5170.00      0.710886
       5180.00      0.719493
       5190.00      0.724603
       5200.00      0.745858
       5210.00      0.780578
       5220.00      0.770385
       5230.00      0.769600
       5240.00      0.795497
       5250.00      0.806397
       5260.00      0.756237
       5270.00      0.728701
       5280.00      0.783766
       5290.00      0.801744
       5300.00      0.821520
       5310.00      0.817349
       5320.00      0.791815
       5330.00      0.777595
       5340.00      0.793395
       5350.00      0.801155
       5360.00      0.782887
       5370.00      0.814243
       5380.00      0.815403
       5390.00      0.814308
       5400.00      0.788326
       5410.00      0.787616
       5420.00      0.833521
       5430.00      0.840264
       5440.00      0.843677
       5450.00      0.857800
       5460.00      0.847173
       5470.00      0.848912
       5480.00      0.839980
       5490.00      0.835994
       5500.00      0.841829
       5510.00      0.829696
       5520.00      0.813290
       5530.00      0.855146
       5540.00      0.848734
       5550.00      0.860164
       5560.00      0.862659
       5570.00      0.844162
       5580.00      0.845066
       5590.00      0.831492
       5600.00      0.823586
       5610.00      0.847759
       5620.00      0.856648
       5630.00      0.842352
       5640.00      0.848032
       5650.00      0.840166
       5660.00      0.840270
       5670.00      0.827689
       5680.00      0.848391
       5690.00      0.855590
       5700.00      0.849357
       5710.00      0.836848
       5720.00      0.857390
       5730.00      0.881782
       5740.00      0.871631
       5760.00      0.852996
       5780.00      0.844601
       5800.00      0.826963
       5820.00      0.849609
       5840.00      0.752639
       5860.00      0.841509
       5880.00      0.814183
       5900.00      0.808375
       5920.00      0.818552
       5940.00      0.848338
       5960.00      0.863592
       5980.00      0.865966
       6000.00      0.866076
       6020.00      0.856478
       6040.00      0.860340
       6060.00      0.863435
       6080.00      0.861334
       6100.00      0.857774
       6120.00      0.842484
       6140.00      0.821436
       6160.00      0.807094
       6180.00      0.810301
       6200.00      0.806962
       6220.00      0.831107
       6240.00      0.814035
       6260.00      0.826515
       6280.00      0.809566
       6300.00      0.830543
       6320.00      0.835027
       6340.00      0.850827
       6360.00      0.850272
       6380.00      0.848311
       6400.00      0.859006
       6420.00      0.845127
       6440.00      0.849482
       6460.00      0.851723
       6480.00      0.835220
       6500.00      0.831267
       6520.00      0.832854
       6540.00      0.819310
       6560.00      0.748972
       6580.00      0.773339
       6600.00      0.821397
       6620.00      0.826384
       6640.00      0.809002
       6660.00      0.830195
       6680.00      0.835112
       6700.00      0.833290
       6720.00      0.828135
       6740.00      0.825010
       6760.00      0.839859
       6780.00      0.832077
       6800.00      0.832274
       6820.00      0.825879
       6840.00      0.853037
       6860.00      0.805336
       6880.00      0.774247
       6900.00      0.798713
       6920.00      0.790558
       6940.00      0.803826
       6960.00      0.796995
       6980.00      0.790847
       7000.00      0.763543
       7020.00      0.775455
       7040.00      0.788576
       7060.00      0.807354
       7080.00      0.796820
       7100.00      0.792042
       7120.00      0.800551
       7140.00      0.784457
       7160.00      0.808007
       7180.00      0.798869
       7200.00      0.769804
       7220.00      0.767671
       7240.00      0.764930
       7260.00      0.760965
       7280.00      0.739115
       7300.00      0.753717
       7320.00      0.752885
       7340.00      0.750834
       7360.00      0.745740
       7380.00      0.755901
       7400.00      0.754465
       7420.00      0.762125
       7440.00      0.768535
       7460.00      0.764667
       7480.00      0.769834
       7500.00      0.757592
       7520.00      0.749599
       7540.00      0.743438
       7560.00      0.734336
       7580.00      0.732991
       7600.00      0.667774
       7620.00      0.674281
       7640.00      0.710172
       7660.00      0.718881
       7680.00      0.682475
       7700.00      0.720400
       7720.00      0.723192
       7740.00      0.735262
       7760.00      0.747849
       7780.00      0.738993
       7800.00      0.738827
       7820.00      0.730040
       7840.00      0.727031
       7860.00      0.726896
       7880.00      0.731897
       7900.00      0.719802
       7920.00      0.705498
       7940.00      0.699757
       7960.00      0.714376
       7980.00      0.709769
       8000.00      0.699004
       8020.00      0.706790
       8040.00      0.705591
       8060.00      0.702724
       8080.00      0.680957
       8100.00      0.697589
       8120.00      0.735730
       8140.00      0.736683
       8160.00      0.714495
       8180.00      0.699559
       8200.00      0.706076
       8220.00      0.697796
       8240.00      0.719560
       8260.00      0.735777
       8280.00      0.710112
       8300.00      0.708943
       8320.00      0.672120
       8340.00      0.662423
       8360.00      0.686648
       8380.00      0.682863
       8400.00      0.688195
       8420.00      0.707381
       8440.00      0.704107
       8460.00      0.692878
       8480.00      0.698665
       8500.00      0.682213
       8520.00      0.669532
       8540.00      0.625328
       8560.00      0.656426
       8580.00      0.681092
       8600.00      0.666963
       8620.00      0.694619
       8640.00      0.676362
       8660.00      0.653518
       8680.00      0.650976
       8700.00      0.674281
       8720.00      0.658300
       8740.00      0.676338
       8760.00      0.643492
       8780.00      0.658921
       8800.00      0.610428
       8820.00      0.624844
       8840.00      0.647838
       8860.00      0.659567
       8880.00      0.650489
       8900.00      0.653067
       8920.00      0.672769
       8940.00      0.652659
       8960.00      0.666254
       8980.00      0.639741
       9000.00      0.629828
       9020.00      0.668799
       9040.00      0.681740
       9060.00      0.659396
       9080.00      0.594080
       9100.00      0.627847
       9120.00      0.617105
       9140.00      0.609853
       9160.00      0.581040
       9180.00      0.618458
       9200.00      0.635192
       9220.00      0.637715
       9240.00      0.635361
       9260.00      0.602921
       9280.00      0.662655
       9300.00      0.639962
       9320.00      0.596628
       9340.00      0.659842
       9360.00      0.582552
       9380.00      0.624440
       9400.00      0.650848
       9420.00      0.577410
       9440.00      0.562853
       9460.00      0.602053
       9480.00      0.596990
       9500.00      0.606616
       9520.00      0.590704
       9540.00      0.635171
       9560.00      0.626319
       9580.00      0.622196
       9600.00      0.605448
       9620.00      0.612600
       9640.00      0.608531
       9660.00      0.625885
       9680.00      0.612983
       9700.00      0.615426
       9720.00      0.602135
       9740.00      0.589361
       9760.00      0.587232
       9780.00      0.593845
       9800.00      0.574744
       9820.00      0.587764
       9840.00      0.585199
       9860.00      0.572158
       9880.00      0.564176
       9900.00      0.587101
       9920.00      0.591355
       9940.00      0.594688
       9960.00      0.606582
       9980.00      0.605817
       10000.0      0.591569
       10020.0      0.616857
       10040.0      0.595928
       10060.0      0.583125
       10080.0      0.609172
       10100.0      0.573695
       10120.0      0.578780
       10140.0      0.576752
       10160.0      0.540663
       10180.0      0.553290
       10200.0      0.549120
       10220.0      0.543207
       10240.0      0.549170
       10260.0      0.553357
       10280.0      0.555779
       10300.0      0.562555
       10320.0      0.569741
       10340.0      0.566465
       10360.0      0.573182
       10380.0      0.580306
       10400.0      0.603395
       10420.0      0.569019
       10440.0      0.549414
       10460.0      0.551372
       10480.0      0.555467
       10500.0      0.606211
       10520.0      0.565319
       10540.0      0.541642
       10560.0      0.574245
       10580.0      0.583782
       10600.0      0.535184
       10620.0      0.560419
