       3160.00      0.144665
       3170.00      0.154689
       3180.00      0.162364
       3190.00      0.179104
       3200.00      0.183735
       3210.00      0.188660
       3220.00      0.169482
       3230.00      0.168100
       3240.00      0.171854
       3250.00      0.199116
       3260.00      0.209863
       3270.00      0.220439
       3280.00      0.206263
       3290.00      0.239084
       3300.00      0.240038
       3310.00      0.233040
       3320.00      0.230774
       3330.00      0.221144
       3340.00      0.230428
       3350.00      0.237798
       3360.00      0.224422
       3370.00      0.224783
       3380.00      0.240295
       3390.00      0.239688
       3400.00      0.246006
       3410.00      0.242139
       3420.00      0.245680
       3430.00      0.245368
       3440.00      0.230470
       3450.00      0.232811
       3460.00      0.243340
       3470.00      0.237254
       3480.00      0.231997
       3490.00      0.225086
       3500.00      0.240658
       3510.00      0.263043
       3520.00      0.252858
       3530.00      0.260768
       3540.00      0.286230
       3550.00      0.279965
       3560.00      0.261293
       3570.00      0.241852
       3580.00      0.224454
       3590.00      0.243590
       3600.00      0.269828
       3610.00      0.246650
       3620.00      0.254763
       3630.00      0.265310
       3640.00      0.258877
       3650.00      0.270399
       3660.00      0.293392
       3670.00      0.289953
       3680.00      0.283428
       3690.00      0.304980
       3700.00      0.300134
       3710.00      0.301284
       3720.00      0.311917
       3730.00      0.282320
       3740.00      0.269721
       3750.00      0.288289
       3760.00      0.307034
       3770.00      0.328433
       3780.00      0.357775
       3790.00      0.337018
       3800.00      0.340866
       3810.00      0.348600
       3820.00      0.309458
       3830.00      0.255612
       3840.00      0.297032
       3850.00      0.353158
       3860.00      0.355291
       3870.00      0.342659
       3880.00      0.314216
       3890.00      0.321237
       3900.00      0.354487
       3910.00      0.373405
       3920.00      0.333345
       3930.00      0.241447
       3940.00      0.275001
       3950.00      0.376808
       3960.00      0.307082
       3970.00      0.273969
       3980.00      0.417008
       3990.00      0.482225
       4000.00      0.502908
       4010.00      0.521588
       4020.00      0.545772
       4030.00      0.539093
       4040.00      0.550351
       4050.00      0.529937
       4060.00      0.521217
       4070.00      0.525803
       4080.00      0.527652
       4090.00      0.508763
       4100.00      0.479838
       4110.00      0.521612
       4120.00      0.542436
       4130.00      0.539447
       4140.00      0.550264
       4150.00      0.557110
       4160.00      0.547868
       4170.00      0.549376
       4180.00      0.534733
       4190.00      0.535769
       4200.00      0.557152
       4210.00      0.554185
       4220.00      0.544835
       4230.00      0.537657
       4240.00      0.553528
       4250.00      0.552389
       4260.00      0.543781
       4270.00      0.549234
       4280.00      0.529597
       4290.00      0.486416
       4300.00      0.450438
       4310.00      0.513867
       4320.00      0.570994
       4330.00      0.524680
       4340.00      0.510793
       4350.00      0.557192
       4360.00      0.594250
       4370.00      0.579507
       4380.00      0.551005
       4390.00      0.551327
       4400.00      0.575949
       4410.00      0.591436
       4420.00      0.601137
       4430.00      0.598999
       4440.00      0.597338
       4450.00      0.572511
       4460.00      0.573865
       4470.00      0.626309
       4480.00      0.627460
       4490.00      0.626834
       4500.00      0.653125
       4510.00      0.649989
       4520.00      0.621525
       4530.00      0.601742
       4540.00      0.608420
       4550.00      0.623207
       4560.00      0.639523
       4570.00      0.642364
       4580.00      0.623507
       4590.00      0.613780
       4600.00      0.627040
       4610.00      0.625755
       4620.00      0.635936
       4630.00      0.648016
       4640.00      0.634463
       4650.00      0.637713
       4660.00      0.627656
       4670.00      0.620457
       4680.00      0.635104
       4690.00      0.627920
       4700.00      0.609944
       4710.00      0.625107
       4720.00      0.637273
       4730.00      0.646973
       4740.00      0.648163
       4750.00      0.646508
       4760.00      0.629155
       4770.00      0.631971
       4780.00      0.651500
       4790.00      0.666611
       4800.00      0.663348
       4810.00      0.678732
       4820.00      0.671868
       4830.00      0.650989
       4840.00      0.654363
       4850.00      0.593149
       4860.00      0.544577
       4870.00      0.586307
       4880.00      0.605316
       4890.00      0.624884
       4900.00      0.633496
       4910.00      0.624242
       4920.00      0.625365
       4930.00      0.618410
       4940.00      0.634812
       4950.00      0.650238
       4960.00      0.651299
       4970.00      0.653470
       4980.00      0.635272
       4990.00      0.625469
       5000.00      0.631347
       5010.00      0.606878
       5020.00      0.615527
       5030.00      0.626205
       5040.00      0.621186
       5050.00      0.638184
       5060.00      0.636376
       5070.00      0.622766
       5080.00      0.616499
       5090.00      0.603254
       5100.00      0.596575
       5110.00      0.626831
       5120.00      0.618172
       5130.00      0.609007
       5140.00      0.607148
       5150.00      0.607985
       5160.00      0.593059
       5170.00      0.569488
       5180.00      0.574335
       5190.00      0.579496
       5200.00      0.593688
       5210.00      0.606762
       5220.00      0.599037
       5230.00      0.599215
       5240.00      0.607317
       5250.00      0.596602
       5260.00      0.580073
       5270.00      0.582190
       5280.00      0.610778
       5290.00      0.627809
       5300.00      0.630542
       5310.00      0.622381
       5320.00      0.618675
       5330.00      0.602711
       5340.00      0.612404
       5350.00      0.621997
       5360.00      0.623290
       5370.00      0.619101
       5380.00      0.619880
       5390.00      0.616482
       5400.00      0.597846
       5410.00      0.594758
       5420.00      0.613070
       5430.00      0.630551
       5440.00      0.647585
       5450.00      0.649571
       5460.00      0.643945
       5470.00      0.626509
       5480.00      0.626755
       5490.00      0.636014
       5500.00      0.626049
       5510.00      0.627676
       5520.00      0.627542
       5530.00      0.638923
       5540.00      0.636520
       5550.00      0.639114
       5560.00      0.636720
       5570.00      0.608862
       5580.00      0.623895
       5590.00      0.629589
       5600.00      0.625375
       5610.00      0.638448
       5620.00      0.645932
       5630.00      0.633721
       5640.00      0.644869
       5650.00      0.636378
       5660.00      0.633419
       5670.00      0.633523
       5680.00      0.643983
       5690.00      0.637378
       5700.00      0.628367
       5710.00      0.626054
       5720.00      0.640690
       5730.00      0.658898
       5740.00      0.667999
       5760.00      0.672288
       5780.00      0.668764
       5800.00      0.673021
       5820.00      0.665952
       5840.00      0.684411
       5860.00      0.657863
       5880.00      0.652094
       5900.00      0.641672
       5920.00      0.657041
       5940.00      0.661820
       5960.00      0.650309
       5980.00      0.652763
       6000.00      0.654048
       6020.00      0.653025
       6040.00      0.650862
       6060.00      0.618449
       6080.00      0.622106
       6100.00      0.624037
       6120.00      0.633873
       6140.00      0.651534
       6160.00      0.652228
       6180.00      0.646197
       6200.00      0.670346
       6220.00      0.649274
       6240.00      0.653294
       6260.00      0.650654
       6280.00      0.649133
       6300.00      0.641030
       6320.00      0.637906
       6340.00      0.640260
       6360.00      0.638791
       6380.00      0.641670
       6400.00      0.626688
       6420.00      0.598323
       6440.00      0.621183
       6460.00      0.628903
       6480.00      0.628030
       6500.00      0.632486
       6520.00      0.632669
       6540.00      0.604277
       6560.00      0.592939
       6580.00      0.599552
       6600.00      0.629195
       6620.00      0.635658
       6640.00      0.634264
       6660.00      0.626644
       6680.00      0.622177
       6700.00      0.636848
       6720.00      0.630833
       6740.00      0.635123
       6760.00      0.629660
       6780.00      0.609428
       6800.00      0.630536
       6820.00      0.631732
       6840.00      0.637980
       6860.00      0.629562
       6880.00      0.599061
       6900.00      0.614377
       6920.00      0.629604
       6940.00      0.631280
       6960.00      0.630460
       6980.00      0.617251
       7000.00      0.613510
       7020.00      0.619649
       7040.00      0.617889
       7060.00      0.628883
       7080.00      0.622219
       7100.00      0.622903
       7120.00      0.609488
       7140.00      0.588394
       7160.00      0.604150
       7180.00      0.614035
       7200.00      0.605600
       7220.00      0.609195
       7240.00      0.605122
       7260.00      0.593445
       7280.00      0.600846
       7300.00      0.598726
       7320.00      0.597090
       7340.00      0.593578
       7360.00      0.594316
       7380.00      0.588485
       7400.00      0.582218
       7420.00      0.584846
       7440.00      0.590716
       7460.00      0.588204
       7480.00      0.572752
       7500.00      0.555998
       7520.00      0.568785
       7540.00      0.579210
       7560.00      0.584086
       7580.00      0.559718
       7600.00      0.496774
       7620.00      0.529077
       7640.00      0.550792
       7660.00      0.571039
       7680.00      0.546121
       7700.00      0.568073
       7720.00      0.563463
       7740.00      0.560219
       7760.00      0.559221
       7780.00      0.571128
       7800.00      0.567889
       7820.00      0.572189
       7840.00      0.563226
       7860.00      0.549905
       7880.00      0.552901
       7900.00      0.565519
       7920.00      0.557536
       7940.00      0.559619
       7960.00      0.567342
       7980.00      0.552911
       8000.00      0.564073
       8020.00      0.556626
       8040.00      0.556963
       8060.00      0.559015
       8080.00      0.545640
       8100.00      0.546001
       8120.00      0.554458
       8140.00      0.555647
       8160.00      0.534777
       8180.00      0.528816
       8200.00      0.512333
       8220.00      0.487511
       8240.00      0.517826
       8260.00      0.522856
       8280.00      0.530788
       8300.00      0.524506
       8320.00      0.518254
       8340.00      0.500414
       8360.00      0.516602
       8380.00      0.523215
       8400.00      0.520734
       8420.00      0.521963
       8440.00      0.514986
       8460.00      0.506814
       8480.00      0.492968
       8500.00      0.497101
       8520.00      0.485780
       8540.00      0.474512
       8560.00      0.495234
       8580.00      0.480366
       8600.00      0.492930
       8620.00      0.500619
       8640.00      0.491449
       8660.00      0.490714
       8680.00      0.492374
       8700.00      0.499595
       8720.00      0.488131
       8740.00      0.515126
       8760.00      0.491828
       8780.00      0.502926
       8800.00      0.470716
       8820.00      0.499076
       8840.00      0.479156
       8860.00      0.489401
       8880.00      0.490637
       8900.00      0.489535
       8920.00      0.481454
       8940.00      0.460635
       8960.00      0.482394
       8980.00      0.491725
       9000.00      0.466024
       9020.00      0.501438
       9040.00      0.519086
       9060.00      0.490820
       9080.00      0.474113
       9100.00      0.494367
       9120.00      0.488350
       9140.00      0.477059
       9160.00      0.463172
       9180.00      0.477242
       9200.00      0.472819
       9220.00      0.459032
       9240.00      0.448676
       9260.00      0.450323
       9280.00      0.437419
       9300.00      0.390710
       9320.00      0.405837
       9340.00      0.457581
       9360.00      0.436269
       9380.00      0.450833
       9400.00      0.482639
       9420.00      0.426877
       9440.00      0.416442
       9460.00      0.428365
       9480.00      0.419065
       9500.00      0.412719
       9520.00      0.427119
       9540.00      0.424047
       9560.00      0.433295
       9580.00      0.438893
       9600.00      0.424280
       9620.00      0.434190
       9640.00      0.421084
       9660.00      0.427377
       9680.00      0.445441
       9700.00      0.444523
       9720.00      0.444676
       9740.00      0.436302
       9760.00      0.441081
       9780.00      0.433456
       9800.00      0.437868
       9820.00      0.438738
       9840.00      0.443474
       9860.00      0.439064
       9880.00      0.428368
       9900.00      0.427153
       9920.00      0.422804
       9940.00      0.425783
       9960.00      0.425622
       9980.00      0.425810
       10000.0      0.420459
       10020.0      0.409259
       10040.0      0.397414
       10060.0      0.407632
       10080.0      0.421242
       10100.0      0.425890
       10120.0      0.408635
       10140.0      0.405440
       10160.0      0.414519
       10180.0      0.418804
       10200.0      0.398305
       10220.0      0.407007
       10240.0      0.396749
       10260.0      0.394627
       10280.0      0.393859
       10300.0      0.402501
       10320.0      0.399709
       10340.0      0.398602
       10360.0      0.388479
       10380.0      0.384397
       10400.0      0.409279
       10420.0      0.409490
       10440.0      0.408705
       10460.0      0.413548
       10480.0      0.408466
       10500.0      0.395164
       10520.0      0.397045
       10540.0      0.389396
       10560.0      0.389970
       10580.0      0.391195
       10600.0      0.395354
       10620.0      0.404059
