       3160.00     0.0262702
       3170.00     0.0287441
       3180.00     0.0300675
       3190.00     0.0274722
       3200.00     0.0317594
       3210.00     0.0319366
       3220.00     0.0285141
       3230.00     0.0260929
       3240.00     0.0287094
       3250.00     0.0305694
       3260.00     0.0346711
       3270.00     0.0408585
       3280.00     0.0364868
       3290.00     0.0387432
       3300.00     0.0412737
       3310.00     0.0398482
       3320.00     0.0397472
       3330.00     0.0383158
       3340.00     0.0378599
       3350.00     0.0400151
       3360.00     0.0378795
       3370.00     0.0364518
       3380.00     0.0344331
       3390.00     0.0383848
       3400.00     0.0412890
       3410.00     0.0416321
       3420.00     0.0401218
       3430.00     0.0422201
       3440.00     0.0384528
       3450.00     0.0375521
       3460.00     0.0402619
       3470.00     0.0387407
       3480.00     0.0381563
       3490.00     0.0383373
       3500.00     0.0414300
       3510.00     0.0445772
       3520.00     0.0438210
       3530.00     0.0441094
       3540.00     0.0473476
       3550.00     0.0487839
       3560.00     0.0479532
       3570.00     0.0417351
       3580.00     0.0379926
       3590.00     0.0392625
       3600.00     0.0469630
       3610.00     0.0433249
       3620.00     0.0434326
       3630.00     0.0442374
       3640.00     0.0451771
       3650.00     0.0483321
       3660.00     0.0522311
       3670.00     0.0535899
       3680.00     0.0498825
       3690.00     0.0510514
       3700.00     0.0518376
       3710.00     0.0531316
       3720.00     0.0496695
       3730.00     0.0431024
       3740.00     0.0440876
       3750.00     0.0466549
       3760.00     0.0493600
       3770.00     0.0529242
       3780.00     0.0611097
       3790.00     0.0570223
       3800.00     0.0532229
       3810.00     0.0574708
       3820.00     0.0492146
       3830.00     0.0388688
       3840.00     0.0398394
       3850.00     0.0501469
       3860.00     0.0532323
       3870.00     0.0527838
       3880.00     0.0523377
       3890.00     0.0509660
       3900.00     0.0558361
       3910.00     0.0615719
       3920.00     0.0602680
       3930.00     0.0374286
       3940.00     0.0369961
       3950.00     0.0577102
       3960.00     0.0542226
       3970.00     0.0409114
       3980.00     0.0584685
       3990.00     0.0767152
       4000.00     0.0820481
       4010.00     0.0832015
       4020.00     0.0851053
       4030.00     0.0847527
       4040.00     0.0808439
       4050.00     0.0842872
       4060.00     0.0815374
       4070.00     0.0836241
       4080.00     0.0877647
       4090.00     0.0901975
       4100.00     0.0831358
       4110.00     0.0865386
       4120.00     0.0928297
       4130.00     0.0903359
       4140.00     0.0902553
       4150.00     0.0913195
       4160.00     0.0929113
       4170.00     0.0905930
       4180.00     0.0871193
       4190.00     0.0903268
       4200.00     0.0910616
       4210.00     0.0919282
       4220.00     0.0885443
       4230.00     0.0855656
       4240.00     0.0910985
       4250.00     0.0904819
       4260.00     0.0906857
       4270.00     0.0880117
       4280.00     0.0851874
       4290.00     0.0827010
       4300.00     0.0714349
       4310.00     0.0740018
       4320.00     0.0892796
       4330.00     0.0932120
       4340.00     0.0895102
       4350.00     0.0924195
       4360.00      0.102911
       4370.00      0.101371
       4380.00     0.0944032
       4390.00     0.0918226
       4400.00     0.0945785
       4410.00     0.0976808
       4420.00      0.102717
       4430.00      0.102128
       4440.00      0.103510
       4450.00      0.101100
       4460.00     0.0981049
       4470.00      0.103892
       4480.00      0.106388
       4490.00      0.105417
       4500.00      0.110136
       4510.00      0.112461
       4520.00      0.109691
       4530.00      0.103033
       4540.00      0.106376
       4550.00      0.106170
       4560.00      0.108354
       4570.00      0.109544
       4580.00      0.108544
       4590.00      0.106956
       4600.00      0.107480
       4610.00      0.110159
       4620.00      0.111374
       4630.00      0.110860
       4640.00      0.108137
       4650.00      0.106706
       4660.00      0.107401
       4670.00      0.107591
       4680.00      0.108309
       4690.00      0.109860
       4700.00      0.106932
       4710.00      0.108560
       4720.00      0.112113
       4730.00      0.114205
       4740.00      0.114419
       4750.00      0.116497
       4760.00      0.112381
       4770.00      0.115730
       4780.00      0.118257
       4790.00      0.119411
       4800.00      0.119597
       4810.00      0.119599
       4820.00      0.120927
       4830.00      0.120939
       4840.00      0.117929
       4850.00      0.113403
       4860.00      0.102160
       4870.00      0.103901
       4880.00      0.111097
       4890.00      0.113628
       4900.00      0.116653
       4910.00      0.114494
       4920.00      0.110567
       4930.00      0.111576
       4940.00      0.113286
       4950.00      0.114323
       4960.00      0.114910
       4970.00      0.114373
       4980.00      0.112134
       4990.00      0.111643
       5000.00      0.110900
       5010.00      0.109251
       5020.00      0.108491
       5030.00      0.111460
       5040.00      0.111138
       5050.00      0.111370
       5060.00      0.112313
       5070.00      0.111517
       5080.00      0.110488
       5090.00      0.110830
       5100.00      0.111594
       5110.00      0.112763
       5120.00      0.112246
       5130.00      0.110608
       5140.00      0.112179
       5150.00      0.111125
       5160.00      0.108750
       5170.00      0.101326
       5180.00      0.100605
       5190.00      0.105340
       5200.00      0.109411
       5210.00      0.110514
       5220.00      0.110363
       5230.00      0.110007
       5240.00      0.112419
       5250.00      0.113990
       5260.00      0.108994
       5270.00      0.106000
       5280.00      0.109193
       5290.00      0.115713
       5300.00      0.114336
       5310.00      0.117233
       5320.00      0.115144
       5330.00      0.110806
       5340.00      0.112792
       5350.00      0.115540
       5360.00      0.115691
       5370.00      0.115239
       5380.00      0.115520
       5390.00      0.115293
       5400.00      0.112711
       5410.00      0.112011
       5420.00      0.118931
       5430.00      0.118945
       5440.00      0.120124
       5450.00      0.120833
       5460.00      0.118756
       5470.00      0.120738
       5480.00      0.118900
       5490.00      0.119260
       5500.00      0.119043
       5510.00      0.119632
       5520.00      0.120906
       5530.00      0.118054
       5540.00      0.117727
       5550.00      0.119910
       5560.00      0.118898
       5570.00      0.119139
       5580.00      0.119947
       5590.00      0.116447
       5600.00      0.113412
       5610.00      0.117274
       5620.00      0.117290
       5630.00      0.117982
       5640.00      0.117548
       5650.00      0.118124
       5660.00      0.116461
       5670.00      0.116144
       5680.00      0.116274
       5690.00      0.117405
       5700.00      0.116088
       5710.00      0.116329
       5720.00      0.116015
       5730.00      0.120674
       5740.00      0.117486
       5760.00      0.117847
       5780.00      0.116892
       5800.00      0.117035
       5820.00      0.118156
       5840.00      0.119594
       5860.00      0.116701
       5880.00      0.114258
       5900.00      0.111509
       5920.00      0.113914
       5940.00      0.116621
       5960.00      0.116868
       5980.00      0.117218
       6000.00      0.116405
       6020.00      0.117175
       6040.00      0.117102
       6060.00      0.119746
       6080.00      0.117685
       6100.00      0.119791
       6120.00      0.119399
       6140.00      0.116020
       6160.00      0.112662
       6180.00      0.114449
       6200.00      0.116225
       6220.00      0.117480
       6240.00      0.115581
       6260.00      0.114908
       6280.00      0.115248
       6300.00      0.115787
       6320.00      0.115020
       6340.00      0.115556
       6360.00      0.115690
       6380.00      0.117213
       6400.00      0.116946
       6420.00      0.115497
       6440.00      0.117301
       6460.00      0.115566
       6480.00      0.114525
       6500.00      0.115731
       6520.00      0.117124
       6540.00      0.117153
       6560.00      0.110426
       6580.00      0.110667
       6600.00      0.117336
       6620.00      0.118320
       6640.00      0.118345
       6660.00      0.117039
       6680.00      0.118016
       6700.00      0.117380
       6720.00      0.116277
       6740.00      0.117529
       6760.00      0.117462
       6780.00      0.119451
       6800.00      0.117423
       6820.00      0.118193
       6840.00      0.122106
       6860.00      0.115288
       6880.00      0.112744
       6900.00      0.115354
       6920.00      0.118041
       6940.00      0.114598
       6960.00      0.116543
       6980.00      0.115756
       7000.00      0.114611
       7020.00      0.114014
       7040.00      0.114050
       7060.00      0.113278
       7080.00      0.112690
       7100.00      0.113532
       7120.00      0.113213
       7140.00      0.111920
       7160.00      0.112757
       7180.00      0.107328
       7200.00      0.101665
       7220.00      0.109803
       7240.00      0.109675
       7260.00      0.107105
       7280.00      0.108376
       7300.00      0.108600
       7320.00      0.108822
       7340.00      0.110337
       7360.00      0.110468
       7380.00      0.108624
       7400.00      0.108501
       7420.00      0.108465
       7440.00      0.109450
       7460.00      0.110684
       7480.00      0.108780
       7500.00      0.107814
       7520.00      0.106433
       7540.00      0.107830
       7560.00      0.106624
       7580.00      0.115615
       7600.00     0.0978975
       7620.00     0.0914913
       7640.00      0.102441
       7660.00      0.101429
       7680.00     0.0990214
       7700.00      0.104438
       7720.00      0.107039
       7740.00      0.104062
       7760.00      0.103876
       7780.00      0.104097
       7800.00      0.106103
       7820.00      0.106723
       7840.00       0.00000
       7860.00       0.00000
       7880.00       0.00000
       7900.00       0.00000
       7920.00       0.00000
       7940.00       0.00000
       7960.00       0.00000
       7980.00       0.00000
       8000.00       0.00000
       8020.00       0.00000
       8040.00       0.00000
       8060.00       0.00000
       8080.00       0.00000
       8100.00       0.00000
       8120.00       0.00000
       8140.00     0.0978597
       8160.00     0.0919551
       8180.00     0.0908787
       8200.00      0.102086
       8220.00      0.103917
       8240.00     0.0979016
       8260.00      0.104257
       8280.00     0.0991875
       8300.00     0.0969650
       8320.00     0.0973407
       8340.00     0.0989295
       8360.00      0.100132
       8380.00      0.101782
       8400.00      0.102746
       8420.00      0.100697
       8440.00     0.0979824
       8460.00      0.102691
       8480.00     0.0975949
       8500.00     0.0973653
       8520.00      0.100110
       8540.00     0.0929053
       8560.00     0.0928362
       8580.00     0.0977121
       8600.00     0.0999882
       8620.00      0.104825
       8640.00      0.105828
       8660.00     0.0962976
       8680.00     0.0931577
       8700.00     0.0964371
       8720.00     0.0978861
       8740.00     0.0967202
       8760.00     0.0978728
       8780.00     0.0975056
       8800.00     0.0961327
       8820.00     0.0930430
       8840.00     0.0982048
       8860.00     0.0954102
       8880.00     0.0946962
       8900.00     0.0969736
       8920.00     0.0952654
       8940.00     0.0971063
       8960.00     0.0927906
       8980.00     0.0884942
       9000.00     0.0882976
       9020.00     0.0954026
       9040.00      0.104508
       9060.00      0.100992
       9080.00     0.0912854
       9100.00     0.0902498
       9120.00     0.0890104
       9140.00     0.0818184
       9160.00     0.0849579
       9180.00     0.0896012
       9200.00     0.0917465
       9220.00     0.0923030
       9240.00     0.0877859
       9260.00     0.0908102
       9280.00      0.102965
       9300.00     0.0888536
       9320.00     0.0756862
       9340.00     0.0692869
       9360.00     0.0695448
       9380.00     0.0934963
       9400.00      0.108589
       9420.00     0.0943765
       9440.00     0.0890786
       9460.00     0.0883548
       9480.00     0.0959165
       9500.00     0.0946482
       9520.00     0.0949814
       9540.00     0.0925256
       9560.00     0.0955776
       9580.00     0.0894293
       9600.00     0.0844279
       9620.00     0.0828701
       9640.00     0.0848658
       9660.00     0.0877054
       9680.00     0.0903370
       9700.00     0.0894980
       9720.00     0.0896395
       9740.00     0.0833444
       9760.00     0.0793458
       9780.00     0.0792483
       9800.00     0.0845787
       9820.00     0.0810534
       9840.00     0.0845566
       9860.00     0.0816879
       9880.00     0.0854320
       9900.00     0.0842361
       9920.00     0.0837471
       9940.00     0.0822408
       9960.00     0.0831564
       9980.00     0.0824188
       10000.0     0.0814307
       10020.0     0.0843016
       10040.0     0.0792143
       10060.0     0.0767279
       10080.0     0.0781461
       10100.0     0.0797468
       10120.0     0.0791512
       10140.0     0.0768719
       10160.0     0.0780294
       10180.0     0.0771297
       10200.0     0.0767301
       10220.0     0.0792441
       10240.0     0.0753791
       10260.0     0.0770837
       10280.0     0.0814919
       10300.0     0.0800426
       10320.0     0.0758992
       10340.0     0.0786307
       10360.0     0.0806181
       10380.0     0.0808288
       10400.0     0.0795165
       10420.0     0.0810654
       10440.0     0.0811527
       10460.0     0.0776681
       10480.0     0.0767948
       10500.0     0.0841867
       10520.0     0.0778270
       10540.0     0.0775592
       10560.0     0.0775922
       10580.0     0.0764280
       10600.0     0.0752683
       10620.0     0.0788829
