       3160.00       1.32585
       3170.00       1.40232
       3180.00       1.37038
       3190.00       1.34731
       3200.00       1.32295
       3210.00       1.27793
       3220.00       1.22961
       3230.00       1.24007
       3240.00       1.30662
       3250.00       1.43512
       3260.00       1.66882
       3270.00       1.69964
       3280.00       1.59966
       3290.00       1.70401
       3300.00       1.76655
       3310.00       1.71877
       3320.00       1.75175
       3330.00       1.66072
       3340.00       1.60334
       3350.00       1.66249
       3360.00       1.51907
       3370.00       1.58360
       3380.00       1.60549
       3390.00       1.66937
       3400.00       1.60756
       3410.00       1.63932
       3420.00       1.68638
       3430.00       1.75063
       3440.00       1.52258
       3450.00       1.61297
       3460.00       1.70816
       3470.00       1.70855
       3480.00       1.68312
       3490.00       1.67104
       3500.00       1.76892
       3510.00       1.86494
       3520.00       1.78308
       3530.00       1.85764
       3540.00       1.97146
       3550.00       1.98083
       3560.00       1.76370
       3570.00       1.62456
       3580.00       1.52030
       3590.00       1.73933
       3600.00       1.86182
       3610.00       1.68759
       3620.00       1.84199
       3630.00       1.91433
       3640.00       1.89199
       3650.00       2.06097
       3660.00       2.19442
       3670.00       2.15141
       3680.00       2.06795
       3690.00       2.14224
       3700.00       2.11778
       3710.00       2.09407
       3720.00       2.01909
       3730.00       1.80867
       3740.00       1.73793
       3750.00       1.95749
       3760.00       2.06071
       3770.00       2.21409
       3780.00       2.46903
       3790.00       2.28202
       3800.00       2.30571
       3810.00       2.36072
       3820.00       2.00422
       3830.00       1.63215
       3840.00       1.86782
       3850.00       2.25423
       3860.00       2.30567
       3870.00       2.29436
       3880.00       2.03971
       3890.00       2.03625
       3900.00       2.28498
       3910.00       2.47412
       3920.00       2.19282
       3930.00       1.50974
       3940.00       1.67251
       3950.00       2.38201
       3960.00       2.01247
       3970.00       1.77533
       3980.00       2.53593
       3990.00       3.09933
       4000.00       3.24994
       4010.00       3.35901
       4020.00       3.43430
       4030.00       3.46693
       4040.00       3.35345
       4050.00       3.30252
       4060.00       3.28417
       4070.00       3.36721
       4080.00       3.45945
       4090.00       3.35807
       4100.00       3.22123
       4110.00       3.46726
       4120.00       3.71153
       4130.00       3.71314
       4140.00       3.63352
       4150.00       3.61588
       4160.00       3.60055
       4170.00       3.56540
       4180.00       3.42683
       4190.00       3.47857
       4200.00       3.46151
       4210.00       3.54903
       4220.00       3.50242
       4230.00       3.47998
       4240.00       3.51197
       4250.00       3.51834
       4260.00       3.58091
       4270.00       3.57738
       4280.00       3.46085
       4290.00       3.25789
       4300.00       2.83626
       4310.00       3.10489
       4320.00       3.47252
       4330.00       3.29748
       4340.00       3.19647
       4350.00       3.54124
       4360.00       3.73228
       4370.00       3.66628
       4380.00       3.54696
       4390.00       3.72461
       4400.00       3.74075
       4410.00       3.79703
       4420.00       3.96561
       4430.00       3.95146
       4440.00       3.96591
       4450.00       3.81362
       4460.00       3.79681
       4470.00       3.98051
       4480.00       3.95312
       4490.00       4.04076
       4500.00       4.07119
       4510.00       4.25163
       4520.00       3.85189
       4530.00       3.73560
       4540.00       3.96328
       4550.00       4.08416
       4560.00       4.06560
       4570.00       4.11114
       4580.00       4.10367
       4590.00       4.11832
       4600.00       4.18848
       4610.00       4.23035
       4620.00       4.24612
       4630.00       4.20362
       4640.00       4.11216
       4650.00       4.16127
       4660.00       3.99072
       4670.00       3.99154
       4680.00       3.99138
       4690.00       3.96764
       4700.00       3.98910
       4710.00       4.14543
       4720.00       4.18642
       4730.00       4.12692
       4740.00       4.23387
       4750.00       4.26860
       4760.00       4.18318
       4770.00       4.28015
       4780.00       4.27698
       4790.00       4.27046
       4800.00       4.28699
       4810.00       4.35805
       4820.00       4.24675
       4830.00       4.23795
       4840.00       4.05122
       4850.00       3.70758
       4860.00       3.49616
       4870.00       3.85410
       4880.00       3.98875
       4890.00       4.08657
       4900.00       4.25262
       4910.00       4.17500
       4920.00       4.15949
       4930.00       4.14872
       4940.00       4.18974
       4950.00       4.27062
       4960.00       4.24715
       4970.00       4.26687
       4980.00       4.06405
       4990.00       4.11130
       5000.00       3.99114
       5010.00       3.88938
       5020.00       4.04176
       5030.00       4.21598
       5040.00       4.11301
       5050.00       4.20840
       5060.00       4.27428
       5070.00       4.16636
       5080.00       4.14954
       5090.00       4.12555
       5100.00       4.05424
       5110.00       4.17702
       5120.00       4.11533
       5130.00       4.05298
       5140.00       3.97877
       5150.00       4.10343
       5160.00       3.80087
       5170.00       3.70575
       5180.00       3.80398
       5190.00       3.99014
       5200.00       4.00107
       5210.00       4.07297
       5220.00       4.07355
       5230.00       4.07942
       5240.00       4.21361
       5250.00       4.26656
       5260.00       3.99397
       5270.00       3.88368
       5280.00       4.12018
       5290.00       4.18162
       5300.00       4.14374
       5310.00       4.20838
       5320.00       4.00261
       5330.00       3.94022
       5340.00       4.11615
       5350.00       4.25871
       5360.00       4.17428
       5370.00       4.08801
       5380.00       4.16475
       5390.00       4.16899
       5400.00       4.07170
       5410.00       4.06588
       5420.00       4.08557
       5430.00       4.11962
       5440.00       4.12602
       5450.00       4.19494
       5460.00       4.10289
       5470.00       4.12065
       5480.00       3.99292
       5490.00       4.04816
       5500.00       4.14592
       5510.00       4.23036
       5520.00       4.22269
       5530.00       4.15258
       5540.00       4.21576
       5550.00       4.29532
       5560.00       4.28345
       5570.00       4.20133
       5580.00       4.22682
       5590.00       4.16569
       5600.00       4.18705
       5610.00       4.25349
       5620.00       4.28690
       5630.00       4.28338
       5640.00       4.27578
       5650.00       4.21930
       5660.00       4.35834
       5670.00       4.45221
       5680.00       4.40787
       5690.00       4.37989
       5700.00       4.39645
       5710.00       4.42909
       5720.00       4.45356
       5730.00       4.69903
       5740.00       4.38989
       5760.00       4.33466
       5780.00       4.37943
       5800.00       4.32462
       5820.00       4.40078
       5840.00       4.27133
       5860.00       4.19780
       5880.00       4.16002
       5900.00       4.28646
       5920.00       4.29532
       5940.00       4.28473
       5960.00       4.29741
       5980.00       4.34851
       6000.00       4.34170
       6020.00       4.36553
       6040.00       4.45404
       6060.00       4.44694
       6080.00       4.41716
       6100.00       4.39890
       6120.00       4.35442
       6140.00       4.22394
       6160.00       4.10553
       6180.00       4.18542
       6200.00       4.12363
       6220.00       4.09926
       6240.00       4.10458
       6260.00       4.15033
       6280.00       4.13345
       6300.00       4.12764
       6320.00       4.16195
       6340.00       4.17789
       6360.00       4.26615
       6380.00       4.26361
       6400.00       4.22509
       6420.00       4.26574
       6440.00       4.22389
       6460.00       4.21081
       6480.00       4.16227
       6500.00       4.18490
       6520.00       4.12613
       6540.00       3.90925
       6560.00       3.75689
       6580.00       3.98350
       6600.00       4.15639
       6620.00       4.23777
       6640.00       4.16257
       6660.00       4.09127
       6680.00       4.12040
       6700.00       4.13560
       6720.00       4.17471
       6740.00       4.18624
       6760.00       4.19430
       6780.00       4.14795
       6800.00       4.16624
       6820.00       4.18442
       6840.00       4.24290
       6860.00       4.04586
       6880.00       3.88680
       6900.00       3.97901
       6920.00       4.01411
       6940.00       3.96603
       6960.00       4.01751
       6980.00       4.02580
       7000.00       3.89914
       7020.00       3.94052
       7040.00       4.06020
       7060.00       4.03565
       7080.00       4.07304
       7100.00       4.04211
       7120.00       4.04369
       7140.00       4.01946
       7160.00       4.03719
       7180.00       4.04198
       7200.00       3.97957
       7220.00       3.98130
       7240.00       3.85260
       7260.00       3.89592
       7280.00       3.80295
       7300.00       3.84617
       7320.00       3.88916
       7340.00       3.89111
       7360.00       3.81795
       7380.00       3.78575
       7400.00       3.77864
       7420.00       3.74672
       7440.00       3.84500
       7460.00       3.82852
       7480.00       3.83676
       7500.00       3.80196
       7520.00       3.88680
       7540.00       4.02312
       7560.00       4.10692
       7580.00       3.68891
       7600.00       3.02549
       7620.00       3.83881
       7640.00       3.59964
       7660.00       3.65038
       7680.00       3.42194
       7700.00       3.63441
       7720.00       3.67273
       7740.00       3.64538
       7760.00       3.67161
       7780.00       3.69769
       7800.00       3.74727
       7820.00       3.73180
       7840.00       3.75165
       7860.00       3.75090
       7880.00       3.70923
       7900.00       3.68234
       7920.00       3.59452
       7940.00       3.63768
       7960.00       3.60250
       7980.00       3.64543
       8000.00       3.50963
       8020.00       3.52673
       8040.00       3.56952
       8060.00       3.67211
       8080.00       3.59176
       8100.00       3.52318
       8120.00       3.67335
       8140.00       3.70393
       8160.00       3.66098
       8180.00       3.56756
       8200.00       3.65436
       8220.00       3.64827
       8240.00       3.67296
       8260.00       3.62224
       8280.00       3.61071
       8300.00       3.60201
       8320.00       3.50753
       8340.00       3.41074
       8360.00       3.44115
       8380.00       3.48242
       8400.00       3.49606
       8420.00       3.46587
       8440.00       3.35941
       8460.00       3.48216
       8480.00       3.33270
       8500.00       3.27880
       8520.00       3.21163
       8540.00       3.19062
       8560.00       3.42264
       8580.00       3.31802
       8600.00       3.32102
       8620.00       3.28659
       8640.00       3.24699
       8660.00       3.05864
       8680.00       3.27980
       8700.00       3.22990
       8720.00       3.31230
       8740.00       3.17822
       8760.00       3.27088
       8780.00       3.25293
       8800.00       3.19319
       8820.00       3.22774
       8840.00       3.08234
       8860.00       3.20016
       8880.00       3.18258
       8900.00       3.19355
       8920.00       3.27934
       8940.00       3.28747
       8960.00       3.18758
       8980.00       3.20870
       9000.00       3.11456
       9020.00       3.09999
       9040.00       3.18485
       9060.00       3.09901
       9080.00       2.95013
       9100.00       3.14614
       9120.00       3.08115
       9140.00       3.10213
       9160.00       3.10290
       9180.00       3.27679
       9200.00       3.14449
       9220.00       3.06772
       9240.00       3.12090
       9260.00       3.19625
       9280.00       3.30601
       9300.00       3.50694
       9320.00       3.27452
       9340.00       3.36615
       9360.00       3.27529
       9380.00       3.31988
       9400.00       3.24910
       9420.00       3.13951
       9440.00       3.09626
       9460.00       3.20902
       9480.00       3.19739
       9500.00       3.09853
       9520.00       3.20815
       9540.00       3.13141
       9560.00       3.26219
       9580.00       3.12555
       9600.00       3.07105
       9620.00       2.97847
       9640.00       3.04875
       9660.00       2.93037
       9680.00       3.03615
       9700.00       2.87080
       9720.00       2.77721
       9740.00       2.89684
       9760.00       2.78471
       9780.00       2.86616
       9800.00       2.78275
       9820.00       2.85448
       9840.00       2.79016
       9860.00       2.87794
       9880.00       2.65997
       9900.00       2.79186
       9920.00       2.73283
       9940.00       2.80380
       9960.00       2.81898
       9980.00       2.78564
       10000.0       2.86299
       10020.0       2.74693
       10040.0       2.65199
       10060.0       2.63298
       10080.0       2.68031
       10100.0       2.70921
       10120.0       2.69931
       10140.0       2.62357
       10160.0       2.56399
       10180.0       2.52502
       10200.0       2.63071
       10220.0       2.60979
       10240.0       2.67667
       10260.0       2.62431
       10280.0       2.67074
       10300.0       2.51349
       10320.0       2.56218
       10340.0       2.52827
       10360.0       2.47003
       10380.0       2.40314
       10400.0       2.43838
       10420.0       2.49560
       10440.0       2.40257
       10460.0       2.39137
       10480.0       2.40878
       10500.0       2.30548
       10520.0       2.23760
       10540.0       2.32514
       10560.0       2.51704
       10580.0       2.43391
       10600.0       2.40107
       10620.0       2.46812
