       3160.00      0.338624
       3170.00      0.367663
       3180.00      0.361935
       3190.00      0.339997
       3200.00      0.377055
       3210.00      0.376077
       3220.00      0.325641
       3230.00      0.306043
       3240.00      0.346650
       3250.00      0.375727
       3260.00      0.431575
       3270.00      0.413632
       3280.00      0.383274
       3290.00      0.436668
       3300.00      0.465224
       3310.00      0.452552
       3320.00      0.430629
       3330.00      0.424400
       3340.00      0.421427
       3350.00      0.436960
       3360.00      0.412146
       3370.00      0.408673
       3380.00      0.417561
       3390.00      0.426584
       3400.00      0.445220
       3410.00      0.432423
       3420.00      0.450379
       3430.00      0.426953
       3440.00      0.391905
       3450.00      0.404692
       3460.00      0.434760
       3470.00      0.420939
       3480.00      0.410466
       3490.00      0.401865
       3500.00      0.448391
       3510.00      0.479166
       3520.00      0.455001
       3530.00      0.482181
       3540.00      0.509029
       3550.00      0.514894
       3560.00      0.504926
       3570.00      0.452700
       3580.00      0.418068
       3590.00      0.435918
       3600.00      0.493171
       3610.00      0.457314
       3620.00      0.468796
       3630.00      0.483349
       3640.00      0.477680
       3650.00      0.517065
       3660.00      0.550190
       3670.00      0.554547
       3680.00      0.525216
       3690.00      0.554453
       3700.00      0.543730
       3710.00      0.536472
       3720.00      0.540127
       3730.00      0.487505
       3740.00      0.477583
       3750.00      0.501423
       3760.00      0.532532
       3770.00      0.578062
       3780.00      0.640239
       3790.00      0.604529
       3800.00      0.575827
       3810.00      0.616783
       3820.00      0.534757
       3830.00      0.428570
       3840.00      0.475186
       3850.00      0.603973
       3860.00      0.620256
       3870.00      0.610487
       3880.00      0.585619
       3890.00      0.565429
       3900.00      0.619729
       3910.00      0.657909
       3920.00      0.625273
       3930.00      0.433426
       3940.00      0.445640
       3950.00      0.646606
       3960.00      0.581929
       3970.00      0.482392
       3980.00      0.704143
       3990.00      0.872825
       4000.00      0.908407
       4010.00      0.957840
       4020.00      0.957816
       4030.00      0.930189
       4040.00      0.918030
       4050.00      0.915764
       4060.00      0.922070
       4070.00      0.875546
       4080.00      0.925761
       4090.00      0.935396
       4100.00      0.869294
       4110.00      0.910545
       4120.00      0.992864
       4130.00      0.991225
       4140.00      0.988067
       4150.00      0.982792
       4160.00      0.992585
       4170.00      0.987628
       4180.00      0.933552
       4190.00      0.940073
       4200.00      0.968083
       4210.00      0.998512
       4220.00      0.987608
       4230.00      0.923264
       4240.00      0.964764
       4250.00      0.984206
       4260.00      0.990650
       4270.00      0.976636
       4280.00      0.942604
       4290.00      0.914477
       4300.00      0.834888
       4310.00      0.886917
       4320.00      0.999129
       4330.00      0.985582
       4340.00      0.930738
       4350.00      0.979016
       4360.00       1.07781
       4370.00       1.07216
       4380.00       1.03912
       4390.00       1.00623
       4400.00       1.02664
       4410.00       1.04768
       4420.00       1.07233
       4430.00       1.06791
       4440.00       1.06067
       4450.00       1.04948
       4460.00       1.03055
       4470.00       1.08763
       4480.00       1.09846
       4490.00       1.11023
       4500.00       1.13909
       4510.00       1.15001
       4520.00       1.12104
       4530.00       1.07169
       4540.00       1.10316
       4550.00       1.08240
       4560.00       1.11647
       4570.00       1.15483
       4580.00       1.13534
       4590.00       1.11469
       4600.00       1.12490
       4610.00       1.15619
       4620.00       1.18146
       4630.00       1.17686
       4640.00       1.12678
       4650.00       1.14652
       4660.00       1.12154
       4670.00       1.09681
       4680.00       1.15011
       4690.00       1.14455
       4700.00       1.13351
       4710.00       1.10709
       4720.00       1.16794
       4730.00       1.16908
       4740.00       1.18702
       4750.00       1.18691
       4760.00       1.15269
       4770.00       1.17929
       4780.00       1.21014
       4790.00       1.21210
       4800.00       1.21208
       4810.00       1.23794
       4820.00       1.22042
       4830.00       1.18204
       4840.00       1.19044
       4850.00       1.09846
       4860.00      0.999308
       4870.00       1.01491
       4880.00       1.11191
       4890.00       1.15048
       4900.00       1.18992
       4910.00       1.16060
       4920.00       1.11456
       4930.00       1.12281
       4940.00       1.15483
       4950.00       1.16309
       4960.00       1.15093
       4970.00       1.19109
       4980.00       1.13425
       4990.00       1.11995
       5000.00       1.14286
       5010.00       1.08873
       5020.00       1.10998
       5030.00       1.11104
       5040.00       1.11699
       5050.00       1.11953
       5060.00       1.13668
       5070.00       1.12958
       5080.00       1.11317
       5090.00       1.13781
       5100.00       1.12368
       5110.00       1.14993
       5120.00       1.11818
       5130.00       1.12401
       5140.00       1.09833
       5150.00       1.10455
       5160.00       1.10436
       5170.00       1.02643
       5180.00       1.03360
       5190.00       1.04367
       5200.00       1.08578
       5210.00       1.11136
       5220.00       1.11080
       5230.00       1.09696
       5240.00       1.11645
       5250.00       1.13696
       5260.00       1.07796
       5270.00       1.03910
       5280.00       1.09291
       5290.00       1.15990
       5300.00       1.14555
       5310.00       1.14351
       5320.00       1.14647
       5330.00       1.10661
       5340.00       1.13389
       5350.00       1.12776
       5360.00       1.14476
       5370.00       1.14651
       5380.00       1.14837
       5390.00       1.15035
       5400.00       1.10491
       5410.00       1.10824
       5420.00       1.16614
       5430.00       1.16864
       5440.00       1.17928
       5450.00       1.21306
       5460.00       1.18885
       5470.00       1.15894
       5480.00       1.17874
       5490.00       1.17199
       5500.00       1.19054
       5510.00       1.16200
       5520.00       1.18852
       5530.00       1.19209
       5540.00       1.18423
       5550.00       1.20715
       5560.00       1.19475
       5570.00       1.17785
       5580.00       1.18707
       5590.00       1.16459
       5600.00       1.14558
       5610.00       1.20663
       5620.00       1.18649
       5630.00       1.17203
       5640.00       1.19573
       5650.00       1.17907
       5660.00       1.17476
       5670.00       1.15931
       5680.00       1.18620
       5690.00       1.19189
       5700.00       1.19091
       5710.00       1.18218
       5720.00       1.17127
       5730.00       1.22328
       5740.00       1.22005
       5760.00       1.21361
       5780.00       1.20614
       5800.00       1.20089
       5820.00       1.19350
       5840.00       1.18725
       5860.00       1.18104
       5880.00       1.17487
       5900.00       1.16875
       5920.00       1.16266
       5940.00       1.15556
       5960.00       1.14956
       5980.00       1.14360
       6000.00       1.06500
       6020.00       1.11290
       6040.00       1.14375
       6060.00       1.16709
       6080.00       1.15494
       6100.00       1.14597
       6120.00       1.08233
       6140.00       1.13645
       6160.00       1.09069
       6180.00       1.12398
       6200.00       1.16725
       6220.00       1.14825
       6240.00       1.10304
       6260.00       1.13183
       6280.00       1.13929
       6300.00       1.12966
       6320.00       1.13608
       6340.00       1.14047
       6360.00       1.12596
       6380.00       1.14323
       6400.00       1.14657
       6420.00       1.14891
       6440.00       1.15024
       6460.00       1.14864
       6480.00       1.10705
       6500.00       1.14741
       6520.00       1.13225
       6540.00       1.12009
       6560.00       1.06947
       6580.00       1.06141
       6600.00       1.12236
       6620.00       1.14093
       6640.00       1.13749
       6660.00       1.13313
       6680.00       1.14109
       6700.00       1.13296
       6720.00       1.11548
       6740.00       1.12530
       6760.00       1.14815
       6780.00       1.15875
       6800.00       1.15813
       6820.00       1.15937
       6840.00       1.15413
       6860.00       1.13326
       6880.00       1.06933
       6900.00       1.10471
       6920.00       1.13622
       6940.00       1.12930
       6960.00       1.10790
       6980.00       1.10653
       7000.00       1.09615
       7020.00       1.08312
       7040.00       1.08723
       7060.00       1.07877
       7080.00       1.06144
       7100.00       1.06379
       7120.00       1.06436
       7140.00       1.06492
       7160.00       1.08578
       7180.00       1.07571
       7200.00       1.01303
       7220.00       1.05137
       7240.00       1.03275
       7260.00       1.03687
       7280.00       1.05572
       7300.00       1.04417
       7320.00       1.03528
       7340.00       1.03934
       7360.00       1.04511
       7380.00       1.03285
       7400.00       1.03519
       7420.00       1.02899
       7440.00       1.02792
       7460.00       1.03872
       7480.00       1.03679
       7500.00       1.03403
       7520.00       1.01783
       7540.00       1.01764
       7560.00      0.985690
       7580.00       1.04980
       7600.00      0.922287
       7620.00      0.932308
       7640.00      0.992742
       7660.00       1.00088
       7680.00      0.943953
       7700.00       1.00881
       7720.00       1.02175
       7740.00       1.00605
       7760.00       1.01486
       7780.00       1.01144
       7800.00       1.00236
       7820.00       1.00949
       7840.00       0.00000
       7860.00       0.00000
       7880.00       0.00000
       7900.00       0.00000
       7920.00       0.00000
       7940.00       0.00000
       7960.00       0.00000
       7980.00       0.00000
       8000.00       0.00000
       8020.00       0.00000
       8040.00       0.00000
       8060.00       0.00000
       8080.00       0.00000
       8100.00       0.00000
       8120.00       0.00000
       8140.00      0.974468
       8160.00      0.933351
       8180.00      0.923343
       8200.00      0.962713
       8220.00      0.968060
       8240.00      0.953437
       8260.00      0.975615
       8280.00      0.948068
       8300.00      0.973198
       8320.00      0.912364
       8340.00      0.904871
       8360.00      0.941264
       8380.00      0.960890
       8400.00      0.956345
       8420.00      0.948068
       8440.00      0.945073
       8460.00      0.937609
       8480.00      0.974155
       8500.00      0.913120
       8520.00      0.887979
       8540.00      0.851855
       8560.00      0.886045
       8580.00      0.906816
       8600.00      0.937044
       8620.00      0.938536
       8640.00      0.877109
       8660.00      0.859757
       8680.00      0.876708
       8700.00      0.924820
       8720.00      0.937921
       8740.00      0.919865
       8760.00      0.891790
       8780.00      0.906316
       8800.00      0.876245
       8820.00      0.877124
       8840.00      0.880145
       8860.00      0.886718
       8880.00      0.858386
       8900.00      0.878472
       8920.00      0.869417
       8940.00      0.886560
       8960.00      0.909271
       8980.00      0.888946
       9000.00      0.838514
       9020.00      0.883602
       9040.00      0.918004
       9060.00      0.892258
       9080.00      0.854097
       9100.00      0.867500
       9120.00      0.837183
       9140.00      0.858171
       9160.00      0.839047
       9180.00      0.857874
       9200.00      0.870436
       9220.00      0.859637
       9240.00      0.828363
       9260.00      0.827939
       9280.00      0.856803
       9300.00      0.829135
       9320.00      0.840241
       9340.00      0.880397
       9360.00      0.770474
       9380.00      0.838235
       9400.00      0.894949
       9420.00      0.791734
       9440.00      0.797422
       9460.00      0.825133
       9480.00      0.832726
       9500.00      0.821659
       9520.00      0.848481
       9540.00      0.840077
       9560.00      0.860798
       9580.00      0.823374
       9600.00      0.788740
       9620.00      0.821922
       9640.00      0.788745
       9660.00      0.834876
       9680.00      0.820745
       9700.00      0.825569
       9720.00      0.801761
       9740.00      0.820880
       9760.00      0.790057
       9780.00      0.807183
       9800.00      0.805535
       9820.00      0.818055
       9840.00      0.797765
       9860.00      0.795505
       9880.00      0.812447
       9900.00      0.798037
       9920.00      0.809171
       9940.00      0.798641
       9960.00      0.803383
       9980.00      0.801773
       10000.0      0.802698
       10020.0      0.802988
       10040.0      0.779984
       10060.0      0.765240
       10080.0      0.787549
       10100.0      0.802885
       10120.0      0.784436
       10140.0      0.787252
       10160.0      0.783214
       10180.0      0.780433
       10200.0      0.752258
       10220.0      0.757589
       10240.0      0.762899
       10260.0      0.768188
       10280.0      0.770382
       10300.0      0.775023
       10320.0      0.765559
       10340.0      0.763467
       10360.0      0.770534
       10380.0      0.785490
       10400.0      0.796134
       10420.0      0.774589
       10440.0      0.753732
       10460.0      0.758334
       10480.0      0.766536
       10500.0      0.786746
       10520.0      0.788855
       10540.0      0.770568
       10560.0      0.769707
       10580.0      0.789758
       10600.0      0.765610
       10620.0      0.754050
