       3160.00     0.0390475
       3170.00     0.0387724
       3180.00     0.0421440
       3190.00     0.0338136
       3200.00     0.0433865
       3210.00     0.0363336
       3220.00     0.0325198
       3230.00     0.0357417
       3240.00     0.0403988
       3250.00     0.0451235
       3260.00     0.0519765
       3270.00     0.0516184
       3280.00     0.0548759
       3290.00     0.0553425
       3300.00     0.0598319
       3310.00     0.0576837
       3320.00     0.0563331
       3330.00     0.0522528
       3340.00     0.0506146
       3350.00     0.0572282
       3360.00     0.0483752
       3370.00     0.0445602
       3380.00     0.0481275
       3390.00     0.0544399
       3400.00     0.0556205
       3410.00     0.0545790
       3420.00     0.0530103
       3430.00     0.0529697
       3440.00     0.0451679
       3450.00     0.0453767
       3460.00     0.0525104
       3470.00     0.0489811
       3480.00     0.0519841
       3490.00     0.0505663
       3500.00     0.0594271
       3510.00     0.0639331
       3520.00     0.0551304
       3530.00     0.0588851
       3540.00     0.0679534
       3550.00     0.0654140
       3560.00     0.0553524
       3570.00     0.0501628
       3580.00     0.0389631
       3590.00     0.0471987
       3600.00     0.0619368
       3610.00     0.0579410
       3620.00     0.0586804
       3630.00     0.0625372
       3640.00     0.0631883
       3650.00     0.0710794
       3660.00     0.0862223
       3670.00     0.0852067
       3680.00     0.0766581
       3690.00     0.0777563
       3700.00     0.0719141
       3710.00     0.0743532
       3720.00     0.0654005
       3730.00     0.0505600
       3740.00     0.0472907
       3750.00     0.0539024
       3760.00     0.0598900
       3770.00     0.0721680
       3780.00     0.0826582
       3790.00     0.0707562
       3800.00     0.0642636
       3810.00     0.0634113
       3820.00     0.0457889
       3830.00     0.0360118
       3840.00     0.0441259
       3850.00     0.0478678
       3860.00     0.0482836
       3870.00     0.0509858
       3880.00     0.0522642
       3890.00     0.0630781
       3900.00     0.0739368
       3910.00     0.0790439
       3920.00     0.0754201
       3930.00     0.0512679
       3940.00     0.0559639
       3950.00     0.0822661
       3960.00     0.0757108
       3970.00     0.0627584
       3980.00     0.0987933
       3990.00      0.126748
       4000.00      0.133627
       4010.00      0.141089
       4020.00      0.144075
       4030.00      0.136252
       4040.00      0.122472
       4050.00      0.129598
       4060.00      0.126456
       4070.00      0.124417
       4080.00      0.137806
       4090.00      0.152277
       4100.00      0.141518
       4110.00      0.145452
       4120.00      0.151769
       4130.00      0.145788
       4140.00      0.141189
       4150.00      0.137490
       4160.00      0.142608
       4170.00      0.137830
       4180.00      0.133388
       4190.00      0.134748
       4200.00      0.138924
       4210.00      0.143543
       4220.00      0.136290
       4230.00      0.131072
       4240.00      0.144586
       4250.00      0.141886
       4260.00      0.136172
       4270.00      0.132041
       4280.00      0.129328
       4290.00      0.126992
       4300.00     0.0949547
       4310.00      0.116280
       4320.00      0.146581
       4330.00      0.150123
       4340.00      0.160610
       4350.00      0.161169
       4360.00      0.171076
       4370.00      0.169701
       4380.00      0.144246
       4390.00      0.147389
       4400.00      0.152855
       4410.00      0.162373
       4420.00      0.179803
       4430.00      0.178192
       4440.00      0.181076
       4450.00      0.175576
       4460.00      0.172467
       4470.00      0.191253
       4480.00      0.197571
       4490.00      0.192461
       4500.00      0.206244
       4510.00      0.209887
       4520.00      0.201585
       4530.00      0.191566
       4540.00      0.196681
       4550.00      0.203405
       4560.00      0.205786
       4570.00      0.212917
       4580.00      0.207475
       4590.00      0.204328
       4600.00      0.206432
       4610.00      0.213556
       4620.00      0.219577
       4630.00      0.216065
       4640.00      0.206280
       4650.00      0.205276
       4660.00      0.204025
       4670.00      0.205318
       4680.00      0.210222
       4690.00      0.209552
       4700.00      0.202871
       4710.00      0.209685
       4720.00      0.214594
       4730.00      0.218326
       4740.00      0.222014
       4750.00      0.226866
       4760.00      0.221054
       4770.00      0.225724
       4780.00      0.231110
       4790.00      0.230437
       4800.00      0.235790
       4810.00      0.236708
       4820.00      0.237892
       4830.00      0.231656
       4840.00      0.230909
       4850.00      0.224954
       4860.00      0.205009
       4870.00      0.208573
       4880.00      0.214470
       4890.00      0.223647
       4900.00      0.228373
       4910.00      0.219553
       4920.00      0.211589
       4930.00      0.213220
       4940.00      0.221357
       4950.00      0.220725
       4960.00      0.220779
       4970.00      0.224842
       4980.00      0.218768
       4990.00      0.221801
       5000.00      0.214350
       5010.00      0.204382
       5020.00      0.208256
       5030.00      0.217241
       5040.00      0.214303
       5050.00      0.215117
       5060.00      0.219711
       5070.00      0.212264
       5080.00      0.210821
       5090.00      0.214092
       5100.00      0.210173
       5110.00      0.214783
       5120.00      0.211107
       5130.00      0.204247
       5140.00      0.204331
       5150.00      0.208841
       5160.00      0.193897
       5170.00      0.178810
       5180.00      0.178893
       5190.00      0.191898
       5200.00      0.201598
       5210.00      0.210510
       5220.00      0.214773
       5230.00      0.212220
       5240.00      0.224293
       5250.00      0.229274
       5260.00      0.209004
       5270.00      0.199340
       5280.00      0.219609
       5290.00      0.231676
       5300.00      0.234827
       5310.00      0.241056
       5320.00      0.231422
       5330.00      0.221629
       5340.00      0.231482
       5350.00      0.239035
       5360.00      0.237034
       5370.00      0.232906
       5380.00      0.235499
       5390.00      0.231727
       5400.00      0.219142
       5410.00      0.225358
       5420.00      0.238182
       5430.00      0.237456
       5440.00      0.237714
       5450.00      0.244471
       5460.00      0.243069
       5470.00      0.240481
       5480.00      0.238854
       5490.00      0.245299
       5500.00      0.247695
       5510.00      0.242754
       5520.00      0.247033
       5530.00      0.246822
       5540.00      0.247787
       5550.00      0.255319
       5560.00      0.253923
       5570.00      0.245751
       5580.00      0.241576
       5590.00      0.239513
       5600.00      0.237457
       5610.00      0.248410
       5620.00      0.254456
       5630.00      0.249378
       5640.00      0.251707
       5650.00      0.251953
       5660.00      0.247136
       5670.00      0.250834
       5680.00      0.257730
       5690.00      0.252013
       5700.00      0.253627
       5710.00      0.247709
       5720.00      0.254562
       5730.00      0.264573
       5740.00      0.264112
       5760.00      0.263421
       5780.00      0.262510
       5800.00      0.261829
       5820.00      0.260929
       5840.00      0.260036
       5860.00      0.259148
       5880.00      0.258267
       5900.00      0.257612
       5920.00      0.256742
       5940.00      0.256097
       5960.00      0.255019
       5980.00      0.254166
       6000.00      0.250063
       6020.00      0.246852
       6040.00      0.252072
       6060.00      0.254034
       6080.00      0.254270
       6100.00      0.254077
       6120.00      0.250905
       6140.00      0.246694
       6160.00      0.242933
       6180.00      0.243411
       6200.00      0.252709
       6220.00      0.252106
       6240.00      0.247332
       6260.00      0.240301
       6280.00      0.249075
       6300.00      0.254280
       6320.00      0.254299
       6340.00      0.258838
       6360.00      0.258844
       6380.00      0.260278
       6400.00      0.261499
       6420.00      0.257642
       6440.00      0.258864
       6460.00      0.261691
       6480.00      0.259075
       6500.00      0.254671
       6520.00      0.262080
       6540.00      0.257495
       6560.00      0.248172
       6580.00      0.249595
       6600.00      0.257324
       6620.00      0.256744
       6640.00      0.259305
       6660.00      0.260873
       6680.00      0.258727
       6700.00      0.261454
       6720.00      0.256606
       6740.00      0.257390
       6760.00      0.253161
       6780.00      0.255679
       6800.00      0.257609
       6820.00      0.261819
       6840.00      0.260482
       6860.00      0.247951
       6880.00      0.240794
       6900.00      0.251988
       6920.00      0.256341
       6940.00      0.252600
       6960.00      0.249067
       6980.00      0.243689
       7000.00      0.245597
       7020.00      0.247680
       7040.00      0.250492
       7060.00      0.251811
       7080.00      0.253859
       7100.00      0.252044
       7120.00      0.252799
       7140.00      0.249355
       7160.00      0.253933
       7180.00      0.250868
       7200.00      0.240765
       7220.00      0.244608
       7240.00      0.245911
       7260.00      0.247565
       7280.00      0.243307
       7300.00      0.245495
       7320.00      0.244469
       7340.00      0.242915
       7360.00      0.243848
       7380.00      0.243187
       7400.00      0.242706
       7420.00      0.246264
       7440.00      0.247353
       7460.00      0.245467
       7480.00      0.245333
       7500.00      0.241033
       7520.00      0.242989
       7540.00      0.243208
       7560.00      0.238430
       7580.00      0.231616
       7600.00      0.208214
       7620.00      0.217923
       7640.00      0.227410
       7660.00      0.233958
       7680.00      0.227243
       7700.00      0.239339
       7720.00      0.238550
       7740.00      0.240289
       7760.00      0.243530
       7780.00      0.244411
       7800.00      0.245454
       7820.00      0.241995
       7840.00      0.243703
       7860.00      0.242420
       7880.00      0.239657
       7900.00      0.236412
       7920.00      0.234006
       7940.00      0.230300
       7960.00      0.235775
       7980.00      0.239265
       8000.00      0.238504
       8020.00      0.240832
       8040.00      0.240719
       8060.00      0.235112
       8080.00      0.233886
       8100.00      0.235238
       8120.00      0.242518
       8140.00      0.247042
       8160.00      0.238935
       8180.00      0.235962
       8200.00      0.223633
       8220.00      0.237032
       8240.00      0.238195
       8260.00      0.243453
       8280.00      0.237674
       8300.00      0.236787
       8320.00      0.233400
       8340.00      0.231748
       8360.00      0.238827
       8380.00      0.230797
       8400.00      0.244822
       8420.00      0.237280
       8440.00      0.248137
       8460.00      0.237851
       8480.00      0.253417
       8500.00      0.228764
       8520.00      0.223794
       8540.00      0.226168
       8560.00      0.219249
       8580.00      0.240293
       8600.00      0.217321
       8620.00      0.235854
       8640.00      0.225962
       8660.00      0.217319
       8680.00      0.228972
       8700.00      0.233685
       8720.00      0.232253
       8740.00      0.225612
       8760.00      0.226584
       8780.00      0.229479
       8800.00      0.224962
       8820.00      0.222827
       8840.00      0.223944
       8860.00      0.231082
       8880.00      0.214575
       8900.00      0.219654
       8920.00      0.226169
       8940.00      0.215466
       8960.00      0.223852
       8980.00      0.218712
       9000.00      0.217647
       9020.00      0.224962
       9040.00      0.235269
       9060.00      0.230006
       9080.00      0.210566
       9100.00      0.219406
       9120.00      0.215640
       9140.00      0.211321
       9160.00      0.203892
       9180.00      0.217068
       9200.00      0.212916
       9220.00      0.220788
       9240.00      0.213685
       9260.00      0.212239
       9280.00      0.210799
       9300.00      0.184718
       9320.00      0.184322
       9340.00      0.211397
       9360.00      0.194109
       9380.00      0.214661
       9400.00      0.222518
       9420.00      0.191490
       9440.00      0.174528
       9460.00      0.196738
       9480.00      0.202505
       9500.00      0.200845
       9520.00      0.221902
       9540.00      0.228536
       9560.00      0.202037
       9580.00      0.202431
       9600.00      0.211234
       9620.00      0.206192
       9640.00      0.202927
       9660.00      0.211136
       9680.00      0.215005
       9700.00      0.207177
       9720.00      0.207555
       9740.00      0.209268
       9760.00      0.209773
       9780.00      0.202686
       9800.00      0.199614
       9820.00      0.198279
       9840.00      0.201450
       9860.00      0.196418
       9880.00      0.201030
       9900.00      0.220620
       9920.00      0.210460
       9940.00      0.204795
       9960.00      0.205169
       9980.00      0.205149
       10000.0      0.219586
       10020.0      0.206670
       10040.0      0.211187
       10060.0      0.210768
       10080.0      0.212675
       10100.0      0.207612
       10120.0      0.205142
       10140.0      0.205380
       10160.0      0.195233
       10180.0      0.203677
       10200.0      0.201363
       10220.0      0.208360
       10240.0      0.200449
       10260.0      0.201074
       10280.0      0.201063
       10300.0      0.195488
       10320.0      0.203817
       10340.0      0.204178
       10360.0      0.199133
       10380.0      0.204897
       10400.0      0.206757
       10420.0      0.200486
       10440.0      0.211704
       10460.0      0.193494
       10480.0      0.197723
       10500.0      0.202928
       10520.0      0.205885
       10540.0      0.204876
       10560.0      0.191908
       10580.0      0.209272
       10600.0      0.207157
       10620.0      0.198673
