       3160.00     0.0145313
       3170.00     0.0153604
       3180.00     0.0184541
       3190.00     0.0161216
       3200.00     0.0173403
       3210.00     0.0164317
       3220.00     0.0136133
       3230.00     0.0123400
       3240.00     0.0130681
       3250.00     0.0166208
       3260.00     0.0213199
       3270.00     0.0231808
       3280.00     0.0206152
       3290.00     0.0220501
       3300.00     0.0256100
       3310.00     0.0232178
       3320.00     0.0217816
       3330.00     0.0225261
       3340.00     0.0214791
       3350.00     0.0227301
       3360.00     0.0206626
       3370.00     0.0178820
       3380.00     0.0198534
       3390.00     0.0227151
       3400.00     0.0238877
       3410.00     0.0223279
       3420.00     0.0229191
       3430.00     0.0240362
       3440.00     0.0176718
       3450.00     0.0192929
       3460.00     0.0218170
       3470.00     0.0206634
       3480.00     0.0226120
       3490.00     0.0213770
       3500.00     0.0254819
       3510.00     0.0262388
       3520.00     0.0219850
       3530.00     0.0247661
       3540.00     0.0300207
       3550.00     0.0284253
       3560.00     0.0234813
       3570.00     0.0199858
       3580.00     0.0154868
       3590.00     0.0179067
       3600.00     0.0253062
       3610.00     0.0241961
       3620.00     0.0243409
       3630.00     0.0256881
       3640.00     0.0267121
       3650.00     0.0304804
       3660.00     0.0363007
       3670.00     0.0384149
       3680.00     0.0311689
       3690.00     0.0331193
       3700.00     0.0341067
       3710.00     0.0322593
       3720.00     0.0267967
       3730.00     0.0200734
       3740.00     0.0178523
       3750.00     0.0217603
       3760.00     0.0240052
       3770.00     0.0302216
       3780.00     0.0365672
       3790.00     0.0316390
       3800.00     0.0270794
       3810.00     0.0271894
       3820.00     0.0198151
       3830.00     0.0151161
       3840.00     0.0178902
       3850.00     0.0205782
       3860.00     0.0196396
       3870.00     0.0209866
       3880.00     0.0219791
       3890.00     0.0271029
       3900.00     0.0319254
       3910.00     0.0354690
       3920.00     0.0348899
       3930.00     0.0246240
       3940.00     0.0249310
       3950.00     0.0364289
       3960.00     0.0356210
       3970.00     0.0291623
       3980.00     0.0441629
       3990.00     0.0588963
       4000.00     0.0621587
       4010.00     0.0657488
       4020.00     0.0683298
       4030.00     0.0635783
       4040.00     0.0555502
       4050.00     0.0604265
       4060.00     0.0595605
       4070.00     0.0564773
       4080.00     0.0645081
       4090.00     0.0735861
       4100.00     0.0712574
       4110.00     0.0707485
       4120.00     0.0747798
       4130.00     0.0698493
       4140.00     0.0641099
       4150.00     0.0633830
       4160.00     0.0676880
       4170.00     0.0679666
       4180.00     0.0634414
       4190.00     0.0648626
       4200.00     0.0658757
       4210.00     0.0694320
       4220.00     0.0642200
       4230.00     0.0628726
       4240.00     0.0704768
       4250.00     0.0709239
       4260.00     0.0694804
       4270.00     0.0678104
       4280.00     0.0656469
       4290.00     0.0675836
       4300.00     0.0577508
       4310.00     0.0645145
       4320.00     0.0773658
       4330.00     0.0860172
       4340.00     0.0912036
       4350.00     0.0887922
       4360.00     0.0932983
       4370.00     0.0906827
       4380.00     0.0771982
       4390.00     0.0788724
       4400.00     0.0813401
       4410.00     0.0825456
       4420.00     0.0908703
       4430.00     0.0916857
       4440.00     0.0938434
       4450.00     0.0931159
       4460.00     0.0901413
       4470.00     0.0985273
       4480.00      0.106089
       4490.00      0.102969
       4500.00      0.110062
       4510.00      0.116036
       4520.00      0.109320
       4530.00      0.101857
       4540.00      0.105463
       4550.00      0.109980
       4560.00      0.113167
       4570.00      0.118402
       4580.00      0.114864
       4590.00      0.112377
       4600.00      0.114132
       4610.00      0.116909
       4620.00      0.119990
       4630.00      0.121088
       4640.00      0.114469
       4650.00      0.114124
       4660.00      0.115014
       4670.00      0.114292
       4680.00      0.117060
       4690.00      0.117790
       4700.00      0.113513
       4710.00      0.113955
       4720.00      0.122090
       4730.00      0.121395
       4740.00      0.122044
       4750.00      0.124416
       4760.00      0.120501
       4770.00      0.123252
       4780.00      0.124004
       4790.00      0.126177
       4800.00      0.127845
       4810.00      0.130797
       4820.00      0.130605
       4830.00      0.127067
       4840.00      0.126409
       4850.00      0.126148
       4860.00      0.118967
       4870.00      0.113484
       4880.00      0.117506
       4890.00      0.120431
       4900.00      0.123672
       4910.00      0.123857
       4920.00      0.115367
       4930.00      0.116361
       4940.00      0.123291
       4950.00      0.122532
       4960.00      0.120848
       4970.00      0.127897
       4980.00      0.119039
       4990.00      0.117004
       5000.00      0.116939
       5010.00      0.109365
       5020.00      0.112779
       5030.00      0.119912
       5040.00      0.117227
       5050.00      0.116949
       5060.00      0.119232
       5070.00      0.118664
       5080.00      0.113981
       5090.00      0.118198
       5100.00      0.116103
       5110.00      0.119250
       5120.00      0.117969
       5130.00      0.113363
       5140.00      0.112114
       5150.00      0.113533
       5160.00      0.108442
       5170.00     0.0937976
       5180.00     0.0901257
       5190.00      0.101999
       5200.00      0.112176
       5210.00      0.112225
       5220.00      0.120289
       5230.00      0.121495
       5240.00      0.128165
       5250.00      0.131584
       5260.00      0.118792
       5270.00      0.109683
       5280.00      0.122840
       5290.00      0.131240
       5300.00      0.132959
       5310.00      0.138307
       5320.00      0.131624
       5330.00      0.125009
       5340.00      0.131274
       5350.00      0.134738
       5360.00      0.138532
       5370.00      0.134450
       5380.00      0.135568
       5390.00      0.134463
       5400.00      0.127276
       5410.00      0.126927
       5420.00      0.135854
       5430.00      0.134305
       5440.00      0.136396
       5450.00      0.139689
       5460.00      0.142577
       5470.00      0.139248
       5480.00      0.137372
       5490.00      0.139844
       5500.00      0.143629
       5510.00      0.140866
       5520.00      0.143664
       5530.00      0.147284
       5540.00      0.146603
       5550.00      0.152137
       5560.00      0.150348
       5570.00      0.144163
       5580.00      0.144454
       5590.00      0.141591
       5600.00      0.137781
       5610.00      0.147642
       5620.00      0.150379
       5630.00      0.146437
       5640.00      0.152563
       5650.00      0.149987
       5660.00      0.153919
       5670.00      0.148918
       5680.00      0.154591
       5690.00      0.153646
       5700.00      0.151091
       5710.00      0.149350
       5720.00      0.154313
       5730.00      0.157521
       5740.00      0.159249
       5760.00      0.157233
       5780.00      0.158677
       5800.00      0.157073
       5820.00      0.162457
       5840.00      0.165312
       5860.00      0.158995
       5880.00      0.151027
       5900.00      0.151034
       5920.00      0.159972
       5940.00      0.165496
       5960.00      0.167383
       5980.00      0.166311
       6000.00      0.163458
       6020.00      0.161769
       6040.00      0.162883
       6060.00      0.168161
       6080.00      0.165718
       6100.00      0.163542
       6120.00      0.162131
       6140.00      0.161977
       6160.00      0.156351
       6180.00      0.158697
       6200.00      0.164735
       6220.00      0.162358
       6240.00      0.160978
       6260.00      0.162911
       6280.00      0.162758
       6300.00      0.165161
       6320.00      0.165729
       6340.00      0.165327
       6360.00      0.165289
       6380.00      0.166933
       6400.00      0.162580
       6420.00      0.162790
       6440.00      0.166805
       6460.00      0.165340
       6480.00      0.165657
       6500.00      0.165265
       6520.00      0.167226
       6540.00      0.168707
       6560.00      0.164688
       6580.00      0.163489
       6600.00      0.170307
       6620.00      0.170487
       6640.00      0.168935
       6660.00      0.168083
       6680.00      0.169300
       6700.00      0.166393
       6720.00      0.166468
       6740.00      0.166315
       6760.00      0.161629
       6780.00      0.164882
       6800.00      0.164960
       6820.00      0.167285
       6840.00      0.168700
       6860.00      0.161730
       6880.00      0.156583
       6900.00      0.158128
       6920.00      0.159775
       6940.00      0.162185
       6960.00      0.163590
       6980.00      0.161475
       7000.00      0.162327
       7020.00      0.160446
       7040.00      0.162711
       7060.00      0.165288
       7080.00      0.164930
       7100.00      0.163710
       7120.00      0.161528
       7140.00      0.160003
       7160.00      0.168117
       7180.00      0.169569
       7200.00      0.161117
       7220.00      0.162899
       7240.00      0.164460
       7260.00      0.162740
       7280.00      0.162504
       7300.00      0.159854
       7320.00      0.161092
       7340.00      0.161175
       7360.00      0.160633
       7380.00      0.161236
       7400.00      0.161836
       7420.00      0.163155
       7440.00      0.163437
       7460.00      0.163615
       7480.00      0.160412
       7500.00      0.162436
       7520.00      0.164755
       7540.00      0.159339
       7560.00      0.158005
       7580.00      0.165372
       7600.00      0.142354
       7620.00      0.137355
       7640.00      0.153442
       7660.00      0.155042
       7680.00      0.153242
       7700.00      0.163889
       7720.00      0.165747
       7740.00      0.167398
       7760.00      0.168645
       7780.00      0.166734
       7800.00      0.165423
       7820.00      0.164412
       7840.00      0.164188
       7860.00      0.164062
       7880.00      0.163354
       7900.00      0.162165
       7920.00      0.159240
       7940.00      0.155365
       7960.00      0.158632
       7980.00      0.159099
       8000.00      0.160617
       8020.00      0.156872
       8040.00      0.160389
       8060.00      0.160942
       8080.00      0.158837
       8100.00      0.157309
       8120.00      0.163055
       8140.00      0.168773
       8160.00      0.162913
       8180.00      0.160173
       8200.00      0.157166
       8220.00      0.154174
       8240.00      0.158914
       8260.00      0.155468
       8280.00      0.154908
       8300.00      0.152873
       8320.00      0.153518
       8340.00      0.151129
       8360.00      0.155900
       8380.00      0.155162
       8400.00      0.160995
       8420.00      0.165163
       8440.00      0.158144
       8460.00      0.157951
       8480.00      0.154236
       8500.00      0.154594
       8520.00      0.149015
       8540.00      0.148218
       8560.00      0.147155
       8580.00      0.156367
       8600.00      0.156627
       8620.00      0.161864
       8640.00      0.156257
       8660.00      0.157754
       8680.00      0.148916
       8700.00      0.155532
       8720.00      0.156844
       8740.00      0.152277
       8760.00      0.152367
       8780.00      0.157954
       8800.00      0.149063
       8820.00      0.157151
       8840.00      0.152375
       8860.00      0.160160
       8880.00      0.159109
       8900.00      0.154878
       8920.00      0.161660
       8940.00      0.146900
       8960.00      0.165470
       8980.00      0.160153
       9000.00      0.157158
       9020.00      0.160462
       9040.00      0.162396
       9060.00      0.162883
       9080.00      0.151892
       9100.00      0.157789
       9120.00      0.153746
       9140.00      0.155924
       9160.00      0.152489
       9180.00      0.152240
       9200.00      0.156157
       9220.00      0.148339
       9240.00      0.148515
       9260.00      0.149767
       9280.00      0.145976
       9300.00      0.154313
       9320.00      0.162532
       9340.00      0.168254
       9360.00      0.160282
       9380.00      0.159450
       9400.00      0.165469
       9420.00      0.151615
       9440.00      0.145369
       9460.00      0.151703
       9480.00      0.163022
       9500.00      0.152919
       9520.00      0.174731
       9540.00      0.157820
       9560.00      0.169191
       9580.00      0.154921
       9600.00      0.155317
       9620.00      0.146950
       9640.00      0.145453
       9660.00      0.149990
       9680.00      0.155300
       9700.00      0.145106
       9720.00      0.142206
       9740.00      0.146241
       9760.00      0.148375
       9780.00      0.145016
       9800.00      0.148160
       9820.00      0.142240
       9840.00      0.145066
       9860.00      0.139643
       9880.00      0.140601
       9900.00      0.142871
       9920.00      0.147217
       9940.00      0.139906
       9960.00      0.140395
       9980.00      0.144029
       10000.0      0.144430
       10020.0      0.149342
       10040.0      0.142481
       10060.0      0.140522
       10080.0      0.146553
       10100.0      0.146718
       10120.0      0.136282
       10140.0      0.140169
       10160.0      0.139215
       10180.0      0.136232
       10200.0      0.136265
       10220.0      0.135099
       10240.0      0.132066
       10260.0      0.139800
       10280.0      0.138931
       10300.0      0.144836
       10320.0      0.142922
       10340.0      0.138570
       10360.0      0.148435
       10380.0      0.138257
       10400.0      0.143959
       10420.0      0.141477
       10440.0      0.143848
       10460.0      0.149067
       10480.0      0.142933
       10500.0      0.146382
       10520.0      0.143191
       10540.0      0.143064
       10560.0      0.144172
       10580.0      0.147231
       10600.0      0.141749
       10620.0      0.145883
