       3160.00      0.132855
       3170.00      0.159710
       3180.00      0.179421
       3190.00      0.160690
       3200.00      0.176237
       3210.00      0.174193
       3220.00      0.162540
       3230.00      0.156970
       3240.00      0.176795
       3250.00      0.199347
       3260.00      0.229722
       3270.00      0.239893
       3280.00      0.229354
       3290.00      0.259533
       3300.00      0.266956
       3310.00      0.249440
       3320.00      0.248009
       3330.00      0.237943
       3340.00      0.248889
       3350.00      0.253874
       3360.00      0.238842
       3370.00      0.233779
       3380.00      0.258467
       3390.00      0.270523
       3400.00      0.276533
       3410.00      0.272412
       3420.00      0.281681
       3430.00      0.268520
       3440.00      0.240834
       3450.00      0.255022
       3460.00      0.274999
       3470.00      0.265587
       3480.00      0.259634
       3490.00      0.262286
       3500.00      0.292334
       3510.00      0.314011
       3520.00      0.289391
       3530.00      0.303119
       3540.00      0.345466
       3550.00      0.340360
       3560.00      0.295334
       3570.00      0.272217
       3580.00      0.238983
       3590.00      0.291451
       3600.00      0.329989
       3610.00      0.293745
       3620.00      0.321774
       3630.00      0.345452
       3640.00      0.328689
       3650.00      0.365360
       3660.00      0.409695
       3670.00      0.397507
       3680.00      0.382931
       3690.00      0.402388
       3700.00      0.402215
       3710.00      0.382877
       3720.00      0.388220
       3730.00      0.331651
       3740.00      0.290023
       3750.00      0.336504
       3760.00      0.381688
       3770.00      0.420195
       3780.00      0.448496
       3790.00      0.401449
       3800.00      0.414056
       3810.00      0.393713
       3820.00      0.290154
       3830.00      0.255948
       3840.00      0.303486
       3850.00      0.337145
       3860.00      0.328816
       3870.00      0.330882
       3880.00      0.327702
       3890.00      0.368207
       3900.00      0.412990
       3910.00      0.422326
       3920.00      0.365101
       3930.00      0.255179
       3940.00      0.311683
       3950.00      0.433622
       3960.00      0.346735
       3970.00      0.326386
       3980.00      0.532731
       3990.00      0.603956
       4000.00      0.628829
       4010.00      0.660616
       4020.00      0.677924
       4030.00      0.696688
       4040.00      0.682950
       4050.00      0.666075
       4060.00      0.654704
       4070.00      0.651293
       4080.00      0.705855
       4090.00      0.686191
       4100.00      0.669514
       4110.00      0.707431
       4120.00      0.709960
       4130.00      0.705918
       4140.00      0.704486
       4150.00      0.685518
       4160.00      0.693909
       4170.00      0.675057
       4180.00      0.691534
       4190.00      0.671700
       4200.00      0.695094
       4210.00      0.734462
       4220.00      0.687119
       4230.00      0.674821
       4240.00      0.686407
       4250.00      0.684526
       4260.00      0.673116
       4270.00      0.677090
       4280.00      0.673267
       4290.00      0.613289
       4300.00      0.539941
       4310.00      0.643309
       4320.00      0.747505
       4330.00      0.704854
       4340.00      0.749912
       4350.00      0.784644
       4360.00      0.803296
       4370.00      0.769043
       4380.00      0.716134
       4390.00      0.737000
       4400.00      0.756617
       4410.00      0.777808
       4420.00      0.809756
       4430.00      0.807801
       4440.00      0.810684
       4450.00      0.796814
       4460.00      0.786930
       4470.00      0.849558
       4480.00      0.852953
       4490.00      0.851682
       4500.00      0.890673
       4510.00      0.908594
       4520.00      0.854644
       4530.00      0.821737
       4540.00      0.851252
       4550.00      0.870467
       4560.00      0.888855
       4570.00      0.871103
       4580.00      0.874130
       4590.00      0.862389
       4600.00      0.881984
       4610.00      0.915817
       4620.00      0.924218
       4630.00      0.917103
       4640.00      0.895787
       4650.00      0.903934
       4660.00      0.901510
       4670.00      0.873477
       4680.00      0.907425
       4690.00      0.903926
       4700.00      0.894918
       4710.00      0.909314
       4720.00      0.937877
       4730.00      0.928854
       4740.00      0.959399
       4750.00      0.958805
       4760.00      0.932248
       4770.00      0.964959
       4780.00      0.983956
       4790.00      0.987086
       4800.00      0.995376
       4810.00       1.00774
       4820.00       1.00565
       4830.00      0.993400
       4840.00      0.985750
       4850.00      0.914018
       4860.00      0.856863
       4870.00      0.913161
       4880.00      0.922161
       4890.00      0.933662
       4900.00      0.963660
       4910.00      0.915492
       4920.00      0.934163
       4930.00      0.944059
       4940.00      0.958485
       4950.00      0.977070
       4960.00      0.961560
       4970.00      0.957922
       4980.00      0.956112
       4990.00      0.944809
       5000.00      0.929827
       5010.00      0.906230
       5020.00      0.923312
       5030.00      0.939652
       5040.00      0.943498
       5050.00      0.973815
       5060.00      0.975125
       5070.00      0.942034
       5080.00      0.944179
       5090.00      0.949198
       5100.00      0.941915
       5110.00      0.975412
       5120.00      0.964910
       5130.00      0.948838
       5140.00      0.955885
       5150.00      0.967069
       5160.00      0.901760
       5170.00      0.871089
       5180.00      0.896971
       5190.00      0.911771
       5200.00      0.951150
       5210.00      0.965140
       5220.00      0.963183
       5230.00      0.957240
       5240.00      0.990416
       5250.00      0.997882
       5260.00      0.933863
       5270.00      0.924381
       5280.00       1.00012
       5290.00       1.01285
       5300.00       1.02531
       5310.00       1.04623
       5320.00      0.996103
       5330.00      0.976340
       5340.00       1.00643
       5350.00       1.03609
       5360.00       1.03995
       5370.00       1.00900
       5380.00       1.03010
       5390.00       1.00076
       5400.00      0.973403
       5410.00      0.988816
       5420.00       1.01510
       5430.00       1.01958
       5440.00       1.02642
       5450.00       1.04379
       5460.00       1.04291
       5470.00       1.02326
       5480.00       1.01614
       5490.00       1.02406
       5500.00       1.03533
       5510.00       1.02229
       5520.00       1.03362
       5530.00       1.04808
       5540.00       1.05943
       5550.00       1.06769
       5560.00       1.05867
       5570.00       1.04562
       5580.00       1.03667
       5590.00       1.03481
       5600.00       1.04506
       5610.00       1.06130
       5620.00       1.07247
       5630.00       1.07758
       5640.00       1.07967
       5650.00       1.06578
       5660.00       1.06489
       5670.00       1.07794
       5680.00       1.09095
       5690.00       1.08506
       5700.00       1.08415
       5710.00       1.06347
       5720.00       1.08628
       5730.00       1.11787
       5740.00       1.10707
       5760.00       1.09833
       5780.00       1.08574
       5800.00       1.09465
       5820.00       1.11610
       5840.00       1.09488
       5860.00       1.07766
       5880.00       1.05480
       5900.00       1.05410
       5920.00       1.09725
       5940.00       1.09355
       5960.00       1.09367
       5980.00       1.09379
       6000.00       1.08262
       6020.00       1.08464
       6040.00       1.09226
       6060.00       1.09704
       6080.00       1.07487
       6100.00       1.04821
       6120.00       1.03096
       6140.00       1.04322
       6160.00       1.04625
       6180.00       1.04926
       6200.00       1.07864
       6220.00       1.06701
       6240.00       1.06087
       6260.00       1.06830
       6280.00       1.08197
       6300.00       1.08302
       6320.00       1.10013
       6340.00       1.09043
       6360.00       1.10386
       6380.00       1.10040
       6400.00       1.09079
       6420.00       1.09178
       6440.00       1.09628
       6460.00       1.10512
       6480.00       1.09125
       6500.00       1.09224
       6520.00       1.11572
       6540.00       1.08470
       6560.00       1.05214
       6580.00       1.06524
       6600.00       1.09963
       6620.00       1.09546
       6640.00       1.10321
       6660.00       1.08125
       6680.00       1.08646
       6700.00       1.08322
       6720.00       1.07832
       6740.00       1.07260
       6760.00       1.08112
       6780.00       1.08709
       6800.00       1.06812
       6820.00       1.07988
       6840.00       1.08580
       6860.00       1.04232
       6880.00       1.00648
       6900.00       1.04855
       6920.00       1.05041
       6940.00       1.05145
       6960.00       1.04762
       6980.00       1.03815
       7000.00       1.04325
       7020.00       1.04912
       7040.00       1.05255
       7060.00       1.05436
       7080.00       1.05776
       7100.00       1.05876
       7120.00       1.04627
       7140.00       1.04729
       7160.00       1.05855
       7180.00       1.03831
       7200.00       1.02759
       7220.00       1.03412
       7240.00       1.03517
       7260.00       1.02687
       7280.00       1.03103
       7300.00       1.03593
       7320.00       1.04236
       7340.00       1.03798
       7360.00       1.03976
       7380.00       1.02853
       7400.00       1.02804
       7420.00       1.03135
       7440.00       1.03996
       7460.00       1.04322
       7480.00       1.03741
       7500.00       1.03916
       7520.00       1.04390
       7540.00       1.05236
       7560.00       1.05555
       7580.00      0.970120
       7600.00      0.850984
       7620.00      0.972434
       7640.00       1.01569
       7660.00       1.05871
       7680.00      0.997904
       7700.00       1.02536
       7720.00       1.03806
       7740.00       1.02881
       7760.00       1.02834
       7780.00       1.03440
       7800.00       1.03247
       7820.00       1.03200
       7840.00       1.03225
       7860.00       1.02603
       7880.00       1.03274
       7900.00       1.02083
       7920.00       1.01256
       7940.00       1.00005
       7960.00       1.01739
       7980.00       1.01484
       8000.00       1.00314
       8020.00       1.00767
       8040.00       1.01499
       8060.00       1.01317
       8080.00       1.01206
       8100.00      0.999809
       8120.00       1.03279
       8140.00       1.02679
       8160.00       1.01113
       8180.00       1.00521
       8200.00      0.993122
       8220.00       1.02023
       8240.00       1.00337
       8260.00       1.01802
       8280.00      0.992387
       8300.00       1.00835
       8320.00       1.00525
       8340.00      0.981864
       8360.00       1.01259
       8380.00      0.997381
       8400.00      0.999038
       8420.00       1.01141
       8440.00       1.01369
       8460.00       1.00196
       8480.00      0.990944
       8500.00      0.958071
       8520.00      0.939924
       8540.00      0.923846
       8560.00      0.930258
       8580.00      0.958346
       8600.00      0.945618
       8620.00      0.937532
       8640.00      0.918379
       8660.00      0.890842
       8680.00      0.947305
       8700.00      0.931505
       8720.00      0.953962
       8740.00      0.960173
       8760.00      0.916106
       8780.00      0.939087
       8800.00      0.947855
       8820.00      0.912433
       8840.00      0.925691
       8860.00      0.943984
       8880.00      0.941858
       8900.00      0.935303
       8920.00      0.931308
       8940.00      0.922911
       8960.00      0.915182
       8980.00      0.945195
       9000.00      0.907353
       9020.00      0.945384
       9040.00      0.984495
       9060.00      0.923768
       9080.00      0.916762
       9100.00      0.930871
       9120.00      0.918310
       9140.00      0.912596
       9160.00      0.904442
       9180.00      0.918455
       9200.00      0.901736
       9220.00      0.900393
       9240.00      0.884396
       9260.00      0.861764
       9280.00      0.878151
       9300.00      0.804050
       9320.00      0.731478
       9340.00      0.855592
       9360.00      0.814572
       9380.00      0.845927
       9400.00      0.915571
       9420.00      0.803992
       9440.00      0.790332
       9460.00      0.838773
       9480.00      0.822121
       9500.00      0.806132
       9520.00      0.861348
       9540.00      0.860134
       9560.00      0.849480
       9580.00      0.831801
       9600.00      0.851819
       9620.00      0.864714
       9640.00      0.854724
       9660.00      0.879244
       9680.00      0.885007
       9700.00      0.872128
       9720.00      0.856979
       9740.00      0.847687
       9760.00      0.867344
       9780.00      0.871918
       9800.00      0.848256
       9820.00      0.872390
       9840.00      0.857425
       9860.00      0.856258
       9880.00      0.851098
       9900.00      0.844248
       9920.00      0.849373
       9940.00      0.847096
       9960.00      0.857861
       9980.00      0.853879
       10000.0      0.858944
       10020.0      0.845965
       10040.0      0.836410
       10060.0      0.822406
       10080.0      0.817415
       10100.0      0.834235
       10120.0      0.814184
       10140.0      0.832058
       10160.0      0.813200
       10180.0      0.823799
       10200.0      0.813884
       10220.0      0.789651
       10240.0      0.795273
       10260.0      0.800324
       10280.0      0.812491
       10300.0      0.795024
       10320.0      0.802780
       10340.0      0.793586
       10360.0      0.823649
       10380.0      0.809013
       10400.0      0.791721
       10420.0      0.789118
       10440.0      0.797877
       10460.0      0.805524
       10480.0      0.806140
       10500.0      0.791705
       10520.0      0.780544
       10540.0      0.778527
       10560.0      0.773312
       10580.0      0.787319
       10600.0      0.785301
       10620.0      0.785417
