       3160.00      0.157135
       3170.00      0.157165
       3180.00      0.165854
       3190.00      0.170272
       3200.00      0.165949
       3210.00      0.171700
       3220.00      0.148102
       3230.00      0.165031
       3240.00      0.164575
       3250.00      0.183772
       3260.00      0.207013
       3270.00      0.215873
       3280.00      0.212586
       3290.00      0.227141
       3300.00      0.241433
       3310.00      0.228200
       3320.00      0.229417
       3330.00      0.225966
       3340.00      0.232346
       3350.00      0.240747
       3360.00      0.235582
       3370.00      0.213561
       3380.00      0.229766
       3390.00      0.238924
       3400.00      0.247520
       3410.00      0.244434
       3420.00      0.243551
       3430.00      0.243511
       3440.00      0.222584
       3450.00      0.225604
       3460.00      0.238409
       3470.00      0.236563
       3480.00      0.237865
       3490.00      0.241796
       3500.00      0.259828
       3510.00      0.280378
       3520.00      0.256229
       3530.00      0.263482
       3540.00      0.291967
       3550.00      0.296812
       3560.00      0.265460
       3570.00      0.239437
       3580.00      0.224638
       3590.00      0.248030
       3600.00      0.277840
       3610.00      0.262739
       3620.00      0.279163
       3630.00      0.290429
       3640.00      0.289947
       3650.00      0.316241
       3660.00      0.340821
       3670.00      0.340362
       3680.00      0.323660
       3690.00      0.331507
       3700.00      0.329058
       3710.00      0.322283
       3720.00      0.304418
       3730.00      0.268310
       3740.00      0.248842
       3750.00      0.281442
       3760.00      0.295982
       3770.00      0.327370
       3780.00      0.352356
       3790.00      0.330951
       3800.00      0.324634
       3810.00      0.311561
       3820.00      0.259882
       3830.00      0.232188
       3840.00      0.253738
       3850.00      0.269055
       3860.00      0.265529
       3870.00      0.277468
       3880.00      0.279865
       3890.00      0.308552
       3900.00      0.326038
       3910.00      0.341670
       3920.00      0.323788
       3930.00      0.287128
       3940.00      0.298946
       3950.00      0.359021
       3960.00      0.347372
       3970.00      0.341719
       3980.00      0.443119
       3990.00      0.522976
       4000.00      0.553716
       4010.00      0.596630
       4020.00      0.585423
       4030.00      0.585682
       4040.00      0.560612
       4050.00      0.561499
       4060.00      0.553603
       4070.00      0.540237
       4080.00      0.565260
       4090.00      0.597469
       4100.00      0.585076
       4110.00      0.600576
       4120.00      0.612513
       4130.00      0.595858
       4140.00      0.581089
       4150.00      0.575949
       4160.00      0.597779
       4170.00      0.592072
       4180.00      0.574978
       4190.00      0.574292
       4200.00      0.590717
       4210.00      0.606519
       4220.00      0.582333
       4230.00      0.570764
       4240.00      0.599651
       4250.00      0.601892
       4260.00      0.604123
       4270.00      0.606881
       4280.00      0.597270
       4290.00      0.589312
       4300.00      0.554120
       4310.00      0.599382
       4320.00      0.660136
       4330.00      0.633785
       4340.00      0.674047
       4350.00      0.638668
       4360.00      0.627183
       4370.00      0.628905
       4380.00      0.626682
       4390.00      0.615564
       4400.00      0.607502
       4410.00      0.667650
       4420.00      0.740010
       4430.00      0.770391
       4440.00      0.803742
       4450.00      0.783721
       4460.00      0.775906
       4470.00      0.836284
       4480.00      0.851483
       4490.00      0.853043
       4500.00      0.888193
       4510.00      0.906490
       4520.00      0.870528
       4530.00      0.851983
       4540.00      0.871631
       4550.00      0.889677
       4560.00      0.910291
       4570.00      0.895972
       4580.00      0.879833
       4590.00      0.878417
       4600.00      0.889379
       4610.00      0.910393
       4620.00      0.910787
       4630.00      0.911924
       4640.00      0.889641
       4650.00      0.892178
       4660.00      0.889153
       4670.00      0.892050
       4680.00      0.899110
       4690.00      0.904547
       4700.00      0.889046
       4710.00      0.905588
       4720.00      0.932411
       4730.00      0.943687
       4740.00      0.938543
       4750.00      0.951694
       4760.00      0.939430
       4770.00      0.956140
       4780.00      0.984084
       4790.00      0.989230
       4800.00       1.00621
       4810.00      0.996112
       4820.00      0.997146
       4830.00      0.982109
       4840.00      0.978061
       4850.00      0.958384
       4860.00      0.914305
       4870.00      0.909240
       4880.00      0.925635
       4890.00      0.930560
       4900.00      0.957521
       4910.00      0.952761
       4920.00      0.932714
       4930.00      0.942716
       4940.00      0.957680
       4950.00      0.954468
       4960.00      0.953703
       4970.00      0.967629
       4980.00      0.940407
       4990.00      0.942555
       5000.00      0.935956
       5010.00      0.914582
       5020.00      0.918600
       5030.00      0.947859
       5040.00      0.945636
       5050.00      0.944333
       5060.00      0.942239
       5070.00      0.940267
       5080.00      0.933211
       5090.00      0.934201
       5100.00      0.964944
       5110.00      0.965080
       5120.00      0.956683
       5130.00      0.938907
       5140.00      0.938199
       5150.00      0.930238
       5160.00      0.892229
       5170.00      0.838689
       5180.00      0.847724
       5190.00      0.874888
       5200.00      0.919856
       5210.00      0.888300
       5220.00      0.901355
       5230.00      0.907545
       5240.00      0.943002
       5250.00      0.958835
       5260.00      0.907396
       5270.00      0.884840
       5280.00      0.927693
       5290.00      0.968428
       5300.00      0.977013
       5310.00      0.996607
       5320.00      0.979823
       5330.00      0.955660
       5340.00      0.975722
       5350.00       1.00302
       5360.00       1.01423
       5370.00      0.996070
       5380.00      0.991654
       5390.00      0.998346
       5400.00      0.970310
       5410.00      0.981374
       5420.00       1.02644
       5430.00       1.04170
       5440.00       1.04274
       5450.00       1.05686
       5460.00       1.05282
       5470.00       1.06666
       5480.00       1.06157
       5490.00       1.07639
       5500.00       1.09011
       5510.00       1.09230
       5520.00       1.09241
       5530.00       1.07796
       5540.00       1.06771
       5550.00       1.09064
       5560.00       1.08765
       5570.00       1.06815
       5580.00       1.06212
       5590.00       1.05713
       5600.00       1.05011
       5610.00       1.08820
       5620.00       1.09752
       5630.00       1.10782
       5640.00       1.11095
       5650.00       1.11712
       5660.00       1.11312
       5670.00       1.12028
       5680.00       1.13045
       5690.00       1.14160
       5700.00       1.11640
       5710.00       1.10841
       5720.00       1.12054
       5730.00       1.16373
       5740.00       1.14167
       5760.00       1.13870
       5780.00       1.13775
       5800.00       1.14671
       5820.00       1.15462
       5840.00       1.14968
       5860.00       1.14576
       5880.00       1.12329
       5900.00       1.11850
       5920.00       1.13997
       5940.00       1.16129
       5960.00       1.15450
       5980.00       1.16602
       6000.00       1.16884
       6020.00       1.17260
       6040.00       1.18204
       6060.00       1.18098
       6080.00       1.19790
       6100.00       1.19209
       6120.00       1.16753
       6140.00       1.16841
       6160.00       1.14222
       6180.00       1.15340
       6200.00       1.16730
       6220.00       1.17371
       6240.00       1.18192
       6260.00       1.17998
       6280.00       1.18721
       6300.00       1.19622
       6320.00       1.17242
       6340.00       1.18595
       6360.00       1.18945
       6380.00       1.19834
       6400.00       1.19369
       6420.00       1.18192
       6440.00       1.20413
       6460.00       1.20930
       6480.00       1.20379
       6500.00       1.21159
       6520.00       1.22110
       6540.00       1.22527
       6560.00       1.20226
       6580.00       1.20385
       6600.00       1.24113
       6620.00       1.25736
       6640.00       1.25011
       6660.00       1.24117
       6680.00       1.23057
       6700.00       1.21832
       6720.00       1.21555
       6740.00       1.22047
       6760.00       1.21516
       6780.00       1.22599
       6800.00       1.22745
       6820.00       1.19267
       6840.00       1.20851
       6860.00       1.19158
       6880.00       1.20148
       6900.00       1.20800
       6920.00       1.21531
       6940.00       1.24991
       6960.00       1.25044
       6980.00       1.22380
       7000.00       1.22687
       7020.00       1.24303
       7040.00       1.22317
       7060.00       1.22296
       7080.00       1.22438
       7100.00       1.22255
       7120.00       1.21023
       7140.00       1.20523
       7160.00       1.26128
       7180.00       1.28258
       7200.00       1.21435
       7220.00       1.20143
       7240.00       1.21002
       7260.00       1.20273
       7280.00       1.20022
       7300.00       1.20480
       7320.00       1.19366
       7340.00       1.17866
       7360.00       1.18639
       7380.00       1.18863
       7400.00       1.16444
       7420.00       1.17525
       7440.00       1.18136
       7460.00       1.18667
       7480.00       1.17965
       7500.00       1.17421
       7520.00       1.16879
       7540.00       1.17255
       7560.00       1.14816
       7580.00       1.26950
       7600.00       1.32289
       7620.00       1.50047
       7640.00       1.32349
       7660.00       1.19096
       7680.00       1.06735
       7700.00       1.14072
       7720.00       1.16681
       7740.00       1.18236
       7760.00       1.16672
       7780.00       1.17406
       7800.00       1.17253
       7820.00       1.16953
       7840.00       1.17388
       7860.00       1.16797
       7880.00       1.16792
       7900.00       1.16933
       7920.00       1.15259
       7940.00       1.14099
       7960.00       1.15040
       7980.00       1.16049
       8000.00       1.15399
       8020.00       1.14610
       8040.00       1.14253
       8060.00       1.14255
       8080.00       1.13261
       8100.00       1.11775
       8120.00       1.15039
       8140.00       1.16098
       8160.00       1.13700
       8180.00       1.10822
       8200.00       1.09430
       8220.00       1.09234
       8240.00       1.09527
       8260.00       1.11489
       8280.00       1.08998
       8300.00       1.10259
       8320.00       1.09994
       8340.00       1.06973
       8360.00       1.09330
       8380.00       1.09206
       8400.00       1.10520
       8420.00       1.09575
       8440.00       1.06863
       8460.00       1.08785
       8480.00       1.06834
       8500.00       1.05568
       8520.00       1.07142
       8540.00       1.04669
       8560.00       1.05164
       8580.00       1.07933
       8600.00       1.08886
       8620.00       1.09633
       8640.00       1.08049
       8660.00       1.04215
       8680.00       1.06690
       8700.00       1.08559
       8720.00       1.06662
       8740.00       1.07799
       8760.00       1.09653
       8780.00       1.07963
       8800.00       1.07913
       8820.00       1.08320
       8840.00       1.09506
       8860.00       1.07572
       8880.00       1.06876
       8900.00       1.06378
       8920.00       1.06075
       8940.00       1.07831
       8960.00       1.09194
       8980.00       1.09975
       9000.00       1.09220
       9020.00       1.09360
       9040.00       1.12043
       9060.00       1.12367
       9080.00       1.08194
       9100.00       1.08714
       9120.00       1.09106
       9140.00       1.08868
       9160.00       1.08128
       9180.00       1.10585
       9200.00       1.10719
       9220.00       1.09108
       9240.00       1.03583
       9260.00      0.996970
       9280.00       1.01898
       9300.00       1.02791
       9320.00       1.13858
       9340.00       1.25493
       9360.00       1.08397
       9380.00       1.11659
       9400.00       1.17109
       9420.00       1.10513
       9440.00       1.02911
       9460.00       1.05671
       9480.00       1.04175
       9500.00       1.05589
       9520.00       1.06092
       9540.00       1.08159
       9560.00       1.03904
       9580.00       1.06208
       9600.00       1.02693
       9620.00       1.06065
       9640.00       1.03817
       9660.00       1.04435
       9680.00       1.02201
       9700.00       1.00212
       9720.00       1.00952
       9740.00       1.00391
       9760.00       1.00244
       9780.00      0.997449
       9800.00       1.01418
       9820.00       1.03963
       9840.00       1.01882
       9860.00       1.02084
       9880.00      0.997244
       9900.00       1.02194
       9920.00      0.985690
       9940.00      0.997586
       9960.00      0.986348
       9980.00      0.984948
       10000.0       1.00080
       10020.0       1.00568
       10040.0      0.993948
       10060.0      0.984544
       10080.0      0.989433
       10100.0      0.982352
       10120.0      0.996315
       10140.0      0.981878
       10160.0      0.964669
       10180.0      0.956562
       10200.0      0.978920
       10220.0      0.989379
       10240.0      0.970605
       10260.0      0.974316
       10280.0      0.964033
       10300.0      0.958254
       10320.0      0.957511
       10340.0      0.967334
       10360.0      0.954369
       10380.0      0.926502
       10400.0      0.955120
       10420.0      0.946115
       10440.0      0.968530
       10460.0      0.947993
       10480.0      0.948378
       10500.0      0.964638
       10520.0      0.966629
       10540.0      0.954978
       10560.0      0.971133
       10580.0      0.968754
       10600.0      0.933845
       10620.0      0.945077
