       3160.00     0.0658229
       3170.00     0.0766863
       3180.00     0.0750849
       3190.00     0.0710885
       3200.00     0.0778930
       3210.00     0.0705947
       3220.00     0.0646344
       3230.00     0.0646365
       3240.00     0.0703189
       3250.00     0.0834249
       3260.00     0.0973268
       3270.00      0.104642
       3280.00      0.104348
       3290.00      0.119138
       3300.00      0.122722
       3310.00      0.107359
       3320.00      0.107392
       3330.00      0.105538
       3340.00      0.113482
       3350.00      0.114897
       3360.00      0.104450
       3370.00     0.0970441
       3380.00      0.101840
       3390.00      0.114528
       3400.00      0.121705
       3410.00      0.116561
       3420.00      0.112653
       3430.00      0.109005
       3440.00     0.0919613
       3450.00     0.0985198
       3460.00      0.110902
       3470.00      0.108195
       3480.00      0.110065
       3490.00      0.113047
       3500.00      0.134784
       3510.00      0.135563
       3520.00      0.119063
       3530.00      0.124737
       3540.00      0.145827
       3550.00      0.138978
       3560.00      0.109140
       3570.00     0.0926591
       3580.00     0.0778095
       3590.00     0.0991337
       3600.00      0.127753
       3610.00      0.119825
       3620.00      0.130091
       3630.00      0.143897
       3640.00      0.142381
       3650.00      0.167035
       3660.00      0.205603
       3670.00      0.199705
       3680.00      0.174988
       3690.00      0.180597
       3700.00      0.180329
       3710.00      0.163454
       3720.00      0.141623
       3730.00      0.108574
       3740.00     0.0944158
       3750.00      0.104513
       3760.00      0.133821
       3770.00      0.163775
       3780.00      0.185689
       3790.00      0.155158
       3800.00      0.144548
       3810.00      0.133136
       3820.00     0.0964980
       3830.00     0.0761508
       3840.00     0.0924991
       3850.00      0.100738
       3860.00     0.0978027
       3870.00      0.106081
       3880.00      0.118954
       3890.00      0.148337
       3900.00      0.164385
       3910.00      0.177010
       3920.00      0.164379
       3930.00      0.121698
       3940.00      0.137547
       3950.00      0.191128
       3960.00      0.167253
       3970.00      0.159841
       3980.00      0.249464
       3990.00      0.312046
       4000.00      0.329324
       4010.00      0.345396
       4020.00      0.359256
       4030.00      0.335986
       4040.00      0.315255
       4050.00      0.324150
       4060.00      0.303048
       4070.00      0.299295
       4080.00      0.361274
       4090.00      0.393018
       4100.00      0.367972
       4110.00      0.374722
       4120.00      0.371337
       4130.00      0.348897
       4140.00      0.331593
       4150.00      0.327746
       4160.00      0.344615
       4170.00      0.342321
       4180.00      0.332130
       4190.00      0.330168
       4200.00      0.352604
       4210.00      0.366597
       4220.00      0.329562
       4230.00      0.323959
       4240.00      0.367853
       4250.00      0.366411
       4260.00      0.358463
       4270.00      0.353800
       4280.00      0.352592
       4290.00      0.335028
       4300.00      0.286798
       4310.00      0.340386
       4320.00      0.425938
       4330.00      0.456244
       4340.00      0.474374
       4350.00      0.473847
       4360.00      0.502056
       4370.00      0.471398
       4380.00      0.400071
       4390.00      0.410594
       4400.00      0.436835
       4410.00      0.456480
       4420.00      0.486377
       4430.00      0.493846
       4440.00      0.509370
       4450.00      0.498229
       4460.00      0.493361
       4470.00      0.535165
       4480.00      0.559931
       4490.00      0.560048
       4500.00      0.592629
       4510.00      0.617284
       4520.00      0.574026
       4530.00      0.541500
       4540.00      0.550644
       4550.00      0.574816
       4560.00      0.604788
       4570.00      0.616412
       4580.00      0.598226
       4590.00      0.590966
       4600.00      0.600682
       4610.00      0.624696
       4620.00      0.642070
       4630.00      0.632398
       4640.00      0.605002
       4650.00      0.595539
       4660.00      0.600829
       4670.00      0.590979
       4680.00      0.605761
       4690.00      0.606296
       4700.00      0.576701
       4710.00      0.582754
       4720.00      0.631752
       4730.00      0.640079
       4740.00      0.648888
       4750.00      0.659034
       4760.00      0.638017
       4770.00      0.652165
       4780.00      0.674619
       4790.00      0.680964
       4800.00      0.702755
       4810.00      0.707487
       4820.00      0.701363
       4830.00      0.690701
       4840.00      0.693996
       4850.00      0.676410
       4860.00      0.613889
       4870.00      0.599976
       4880.00      0.628098
       4890.00      0.640333
       4900.00      0.668009
       4910.00      0.645704
       4920.00      0.627388
       4930.00      0.646478
       4940.00      0.672595
       4950.00      0.668021
       4960.00      0.658858
       4970.00      0.663937
       4980.00      0.645887
       4990.00      0.637805
       5000.00      0.627552
       5010.00      0.601293
       5020.00      0.606842
       5030.00      0.605230
       5040.00      0.617713
       5050.00      0.633136
       5060.00      0.635918
       5070.00      0.610597
       5080.00      0.603370
       5090.00      0.613329
       5100.00      0.613406
       5110.00      0.611088
       5120.00      0.618742
       5130.00      0.603774
       5140.00      0.594262
       5150.00      0.598735
       5160.00      0.553681
       5170.00      0.481492
       5180.00      0.472763
       5190.00      0.534755
       5200.00      0.586385
       5210.00      0.615024
       5220.00      0.645351
       5230.00      0.656758
       5240.00      0.695924
       5250.00      0.716673
       5260.00      0.652314
       5270.00      0.610190
       5280.00      0.684236
       5290.00      0.730848
       5300.00      0.739633
       5310.00      0.764985
       5320.00      0.722892
       5330.00      0.687465
       5340.00      0.695424
       5350.00      0.717770
       5360.00      0.745896
       5370.00      0.731132
       5380.00      0.735993
       5390.00      0.727207
       5400.00      0.680140
       5410.00      0.692762
       5420.00      0.740123
       5430.00      0.736731
       5440.00      0.753155
       5450.00      0.758512
       5460.00      0.758618
       5470.00      0.760215
       5480.00      0.752871
       5490.00      0.770825
       5500.00      0.762004
       5510.00      0.730700
       5520.00      0.766636
       5530.00      0.781485
       5540.00      0.785230
       5550.00      0.805139
       5560.00      0.794883
       5570.00      0.774407
       5580.00      0.773751
       5590.00      0.757036
       5600.00      0.762972
       5610.00      0.796528
       5620.00      0.798015
       5630.00      0.798047
       5640.00      0.809656
       5650.00      0.814001
       5660.00      0.795259
       5670.00      0.780182
       5680.00      0.819761
       5690.00      0.828360
       5700.00      0.814736
       5710.00      0.799016
       5720.00      0.822589
       5730.00      0.858899
       5740.00      0.838207
       5760.00      0.836006
       5780.00      0.828171
       5800.00      0.835165
       5820.00      0.859641
       5840.00      0.855299
       5860.00      0.842631
       5880.00      0.768281
       5900.00      0.726251
       5920.00      0.811343
       5940.00      0.855328
       5960.00      0.853142
       5980.00      0.861890
       6000.00      0.848815
       6020.00      0.850062
       6040.00      0.867516
       6060.00      0.879468
       6080.00      0.868521
       6100.00      0.845604
       6120.00      0.847508
       6140.00      0.835442
       6160.00      0.824780
       6180.00      0.832676
       6200.00      0.858951
       6220.00      0.860126
       6240.00      0.824670
       6260.00      0.812257
       6280.00      0.842811
       6300.00      0.858272
       6320.00      0.856847
       6340.00      0.859937
       6360.00      0.869424
       6380.00      0.876933
       6400.00      0.872280
       6420.00      0.873376
       6440.00      0.885238
       6460.00      0.881866
       6480.00      0.875995
       6500.00      0.878950
       6520.00      0.898160
       6540.00      0.897286
       6560.00      0.871533
       6580.00      0.883148
       6600.00      0.889747
       6620.00      0.873497
       6640.00      0.888689
       6660.00      0.897050
       6680.00      0.891309
       6700.00      0.906921
       6720.00      0.898757
       6740.00      0.900933
       6760.00      0.911549
       6780.00      0.911267
       6800.00      0.915189
       6820.00      0.909513
       6840.00      0.936088
       6860.00      0.886958
       6880.00      0.864213
       6900.00      0.887139
       6920.00      0.900498
       6940.00      0.897315
       6960.00      0.866592
       6980.00      0.838969
       7000.00      0.853479
       7020.00      0.863255
       7040.00      0.877033
       7060.00      0.883219
       7080.00      0.878995
       7100.00      0.875944
       7120.00      0.871764
       7140.00      0.869322
       7160.00      0.893111
       7180.00      0.862205
       7200.00      0.822403
       7220.00      0.865907
       7240.00      0.866333
       7260.00      0.857201
       7280.00      0.861013
       7300.00      0.860890
       7320.00      0.844043
       7340.00      0.835627
       7360.00      0.860525
       7380.00      0.858746
       7400.00      0.852565
       7420.00      0.866766
       7440.00      0.867727
       7460.00      0.878529
       7480.00      0.879454
       7500.00      0.867859
       7520.00      0.877489
       7540.00      0.882739
       7560.00      0.883642
       7580.00      0.898000
       7600.00      0.794690
       7620.00      0.807064
       7640.00      0.849819
       7660.00      0.867845
       7680.00      0.812980
       7700.00      0.840547
       7720.00      0.868500
       7740.00      0.873637
       7760.00      0.873489
       7780.00      0.885406
       7800.00      0.887321
       7820.00      0.883486
       7840.00      0.885917
       7860.00      0.885740
       7880.00      0.879349
       7900.00      0.855427
       7920.00      0.849145
       7940.00      0.837754
       7960.00      0.853080
       7980.00      0.858613
       8000.00      0.858507
       8020.00      0.859419
       8040.00      0.836978
       8060.00      0.818700
       8080.00      0.848997
       8100.00      0.840855
       8120.00      0.866927
       8140.00      0.861789
       8160.00      0.834172
       8180.00      0.832631
       8200.00      0.838563
       8220.00      0.844466
       8240.00      0.860740
       8260.00      0.897192
       8280.00      0.867918
       8300.00      0.855010
       8320.00      0.830883
       8340.00      0.828401
       8360.00      0.830324
       8380.00      0.848795
       8400.00      0.833657
       8420.00      0.810837
       8440.00      0.836959
       8460.00      0.858134
       8480.00      0.840230
       8500.00      0.827210
       8520.00      0.802278
       8540.00      0.787497
       8560.00      0.793285
       8580.00      0.844230
       8600.00      0.837521
       8620.00      0.853568
       8640.00      0.836478
       8660.00      0.796377
       8680.00      0.804415
       8700.00      0.836807
       8720.00      0.843311
       8740.00      0.837646
       8760.00      0.814771
       8780.00      0.802689
       8800.00      0.789272
       8820.00      0.819407
       8840.00      0.823554
       8860.00      0.829065
       8880.00      0.834550
       8900.00      0.817085
       8920.00      0.827148
       8940.00      0.823472
       8960.00      0.840762
       8980.00      0.813442
       9000.00      0.789869
       9020.00      0.840146
       9040.00      0.900132
       9060.00      0.880128
       9080.00      0.808528
       9100.00      0.802266
       9120.00      0.785741
       9140.00      0.750982
       9160.00      0.748897
       9180.00      0.782383
       9200.00      0.794877
       9220.00      0.804660
       9240.00      0.774211
       9260.00      0.758878
       9280.00      0.846511
       9300.00      0.773605
       9320.00      0.715899
       9340.00      0.720046
       9360.00      0.678832
       9380.00      0.771357
       9400.00      0.884327
       9420.00      0.777612
       9440.00      0.718902
       9460.00      0.750167
       9480.00      0.770539
       9500.00      0.760325
       9520.00      0.786591
       9540.00      0.795636
       9560.00      0.802935
       9580.00      0.759088
       9600.00      0.754105
       9620.00      0.768233
       9640.00      0.753940
       9660.00      0.750689
       9680.00      0.774854
       9700.00      0.778305
       9720.00      0.780062
       9740.00      0.745361
       9760.00      0.750942
       9780.00      0.732298
       9800.00      0.745378
       9820.00      0.765469
       9840.00      0.731151
       9860.00      0.708974
       9880.00      0.733147
       9900.00      0.748154
       9920.00      0.743355
       9940.00      0.738575
       9960.00      0.742008
       9980.00      0.748699
       10000.0      0.746386
       10020.0      0.755078
       10040.0      0.751948
       10060.0      0.738689
       10080.0      0.739248
       10100.0      0.737380
       10120.0      0.733906
       10140.0      0.734068
       10160.0      0.717762
       10180.0      0.726775
       10200.0      0.704545
       10220.0      0.679608
       10240.0      0.712952
       10260.0      0.710369
       10280.0      0.707796
       10300.0      0.727420
       10320.0      0.707820
       10340.0      0.717896
       10360.0      0.728328
       10380.0      0.721420
       10400.0      0.734159
       10420.0      0.732358
       10440.0      0.727828
       10460.0      0.737360
       10480.0      0.728165
       10500.0      0.722892
       10520.0      0.728112
       10540.0      0.724795
       10560.0      0.702940
       10580.0      0.692740
       10600.0      0.695283
       10620.0      0.720487
