       3160.00   0.000934846
       3170.00    0.00116680
       3180.00    0.00123665
       3190.00    0.00233975
       3200.00    0.00123219
       3210.00   0.000933546
       3220.00   0.000221934
       3230.00   0.000851604
       3240.00    0.00101903
       3250.00    0.00110372
       3260.00    0.00128872
       3270.00   0.000981083
       3280.00    0.00155107
       3290.00    0.00169060
       3300.00    0.00172672
       3310.00    0.00155177
       3320.00    0.00173944
       3330.00    0.00209992
       3340.00    0.00287509
       3350.00    0.00190718
       3360.00    0.00177169
       3370.00    0.00264448
       3380.00    0.00250554
       3390.00    0.00143384
       3400.00    0.00260575
       3410.00    0.00212945
       3420.00    0.00297618
       3430.00    0.00313739
       3440.00    0.00252372
       3450.00    0.00219073
       3460.00    0.00306884
       3470.00    0.00317162
       3480.00    0.00320562
       3490.00    0.00331642
       3500.00    0.00344153
       3510.00    0.00323588
       3520.00    0.00348046
       3530.00    0.00370488
       3540.00    0.00412221
       3550.00    0.00425902
       3560.00    0.00354231
       3570.00    0.00369562
       3580.00    0.00356151
       3590.00    0.00342037
       3600.00    0.00347775
       3610.00    0.00309792
       3620.00    0.00328214
       3630.00    0.00445930
       3640.00    0.00415083
       3650.00    0.00378670
       3660.00    0.00499478
       3670.00    0.00403989
       3680.00    0.00414364
       3690.00    0.00460901
       3700.00    0.00557641
       3710.00    0.00449105
       3720.00    0.00453620
       3730.00    0.00436126
       3740.00    0.00316004
       3750.00    0.00389229
       3760.00    0.00493896
       3770.00    0.00502675
       3780.00    0.00557655
       3790.00    0.00495787
       3800.00    0.00521296
       3810.00    0.00540076
       3820.00    0.00509889
       3830.00    0.00437950
       3840.00    0.00447077
       3850.00    0.00472744
       3860.00    0.00551250
       3870.00    0.00598245
       3880.00    0.00658307
       3890.00    0.00564043
       3900.00    0.00515713
       3910.00    0.00686900
       3920.00    0.00695830
       3930.00    0.00601009
       3940.00    0.00573977
       3950.00    0.00677029
       3960.00    0.00744666
       3970.00    0.00746219
       3980.00    0.00924950
       3990.00     0.0106606
       4000.00     0.0109567
       4010.00     0.0125392
       4020.00     0.0131503
       4030.00     0.0120960
       4040.00     0.0113750
       4050.00     0.0115624
       4060.00     0.0116198
       4070.00     0.0120542
       4080.00     0.0127003
       4090.00     0.0127119
       4100.00     0.0124341
       4110.00     0.0116737
       4120.00     0.0127634
       4130.00     0.0138139
       4140.00     0.0133085
       4150.00     0.0152104
       4160.00     0.0152157
       4170.00     0.0158654
       4180.00     0.0144835
       4190.00     0.0141408
       4200.00     0.0127529
       4210.00    0.00983824
       4220.00    0.00748151
       4230.00    0.00833163
       4240.00     0.0105505
       4250.00     0.0107637
       4260.00     0.0118934
       4270.00     0.0123395
       4280.00     0.0120090
       4290.00     0.0125179
       4300.00     0.0122615
       4310.00     0.0139332
       4320.00     0.0141675
       4330.00     0.0162220
       4340.00     0.0155977
       4350.00     0.0182651
       4360.00     0.0170868
       4370.00     0.0174469
       4380.00     0.0153597
       4390.00     0.0187028
       4400.00     0.0184699
       4410.00     0.0200580
       4420.00     0.0206995
       4430.00     0.0209678
       4440.00     0.0210856
       4450.00     0.0223634
       4460.00     0.0232130
       4470.00     0.0246677
       4480.00     0.0257887
       4490.00     0.0275110
       4500.00     0.0273568
       4510.00     0.0281240
       4520.00     0.0278688
       4530.00     0.0285544
       4540.00     0.0293523
       4550.00     0.0316039
       4560.00     0.0332639
       4570.00     0.0330690
       4580.00     0.0327073
       4590.00     0.0319138
       4600.00     0.0335588
       4610.00     0.0354010
       4620.00     0.0343954
       4630.00     0.0331303
       4640.00     0.0326979
       4650.00     0.0343461
       4660.00     0.0364439
       4670.00     0.0336460
       4680.00     0.0340140
       4690.00     0.0341945
       4700.00     0.0365346
       4710.00     0.0353680
       4720.00     0.0351230
       4730.00     0.0358234
       4740.00     0.0361821
       4750.00     0.0352024
       4760.00     0.0309426
       4770.00     0.0289977
       4780.00     0.0299591
       4790.00     0.0322932
       4800.00     0.0329238
       4810.00     0.0319848
       4820.00     0.0325121
       4830.00     0.0331239
       4840.00     0.0338196
       4850.00     0.0337139
       4860.00     0.0317778
       4870.00     0.0352378
       4880.00     0.0358806
       4890.00     0.0371416
       4900.00     0.0393588
       4910.00     0.0416381
       4920.00     0.0424400
       4930.00     0.0453337
       4940.00     0.0435820
       4950.00     0.0391093
       4960.00     0.0344436
       4970.00     0.0356030
       4980.00     0.0387826
       4990.00     0.0354673
       5000.00     0.0343704
       5010.00     0.0347197
       5020.00     0.0354430
       5030.00     0.0360385
       5040.00     0.0398025
       5050.00     0.0389982
       5060.00     0.0391832
       5070.00     0.0385278
       5080.00     0.0399081
       5090.00     0.0400422
       5100.00     0.0395874
       5110.00     0.0412717
       5120.00     0.0419340
       5130.00     0.0421039
       5140.00     0.0440518
       5150.00     0.0435326
       5160.00     0.0409868
       5170.00     0.0340839
       5180.00     0.0348400
       5190.00     0.0395262
       5200.00     0.0389670
       5210.00     0.0423682
       5220.00     0.0492926
       5230.00     0.0509664
       5240.00     0.0513086
       5250.00     0.0513305
       5260.00     0.0482941
       5270.00     0.0505266
       5280.00     0.0548058
       5290.00     0.0560083
       5300.00     0.0575354
       5310.00     0.0582418
       5320.00     0.0575749
       5330.00     0.0570478
       5340.00     0.0599926
       5350.00     0.0622937
       5360.00     0.0635055
       5370.00     0.0635432
       5380.00     0.0675825
       5390.00     0.0675219
       5400.00     0.0647475
       5410.00     0.0683042
       5420.00     0.0734573
       5430.00     0.0690808
       5440.00     0.0704291
       5450.00     0.0615604
       5460.00     0.0590064
       5470.00     0.0602764
       5480.00     0.0634521
       5490.00     0.0643852
       5500.00     0.0619144
       5510.00     0.0583506
       5520.00     0.0601919
       5530.00     0.0609601
       5540.00     0.0606548
       5550.00     0.0614886
       5560.00     0.0637629
       5570.00     0.0656531
       5580.00     0.0684745
       5590.00     0.0652933
       5600.00     0.0641798
       5610.00     0.0627592
       5620.00     0.0638893
       5630.00     0.0637138
       5640.00     0.0663231
       5650.00     0.0677496
       5660.00     0.0694794
       5670.00     0.0681876
       5680.00     0.0708935
       5690.00     0.0727926
       5700.00     0.0759706
       5710.00     0.0780376
       5720.00     0.0788162
       5730.00     0.0797139
       5740.00     0.0837088
       5760.00     0.0846903
       5780.00     0.0841558
       5800.00     0.0851290
       5820.00     0.0835774
       5840.00     0.0789294
       5860.00     0.0718122
       5880.00     0.0560201
       5900.00     0.0552210
       5920.00     0.0646597
       5940.00     0.0683191
       5960.00     0.0715441
       5980.00     0.0730553
       6000.00     0.0783367
       6020.00     0.0818440
       6040.00     0.0878123
       6060.00     0.0924744
       6080.00     0.0963024
       6100.00     0.0976456
       6120.00     0.0963572
       6140.00     0.0916106
       6160.00     0.0779447
       6180.00     0.0701829
       6200.00     0.0687184
       6220.00     0.0668144
       6240.00     0.0664884
       6260.00     0.0741912
       6280.00     0.0820672
       6300.00     0.0891178
       6320.00     0.0989395
       6340.00      0.105012
       6360.00      0.107480
       6380.00      0.109057
       6400.00      0.115913
       6420.00      0.123813
       6440.00      0.130418
       6460.00      0.132553
       6480.00      0.138283
       6500.00      0.139146
       6520.00      0.151563
       6540.00      0.156062
       6560.00      0.145426
       6580.00      0.142651
       6600.00      0.142166
       6620.00      0.136887
       6640.00      0.126753
       6660.00      0.121395
       6680.00      0.114502
       6700.00      0.109108
       6720.00      0.106291
       6740.00      0.104837
       6760.00      0.103494
       6780.00      0.103035
       6800.00      0.100679
       6820.00      0.101919
       6840.00      0.106620
       6860.00      0.103359
       6880.00      0.109500
       6900.00      0.119448
       6920.00      0.131709
       6940.00      0.142290
       6960.00      0.148098
       6980.00      0.157922
       7000.00      0.164599
       7020.00      0.175066
       7040.00      0.178534
       7060.00      0.171059
       7080.00      0.151847
       7100.00      0.146702
       7120.00      0.137517
       7140.00      0.131023
       7160.00      0.141135
       7180.00      0.151628
       7200.00      0.156198
       7220.00      0.162580
       7240.00      0.177457
       7260.00      0.190282
       7280.00      0.202892
       7300.00      0.214286
       7320.00      0.227859
       7340.00      0.234464
       7360.00      0.242835
       7380.00      0.253288
       7400.00      0.258497
       7420.00      0.259494
       7440.00      0.263580
       7460.00      0.268720
       7480.00      0.271034
       7500.00      0.273893
       7520.00      0.279336
       7540.00      0.279105
       7560.00      0.281135
       7580.00      0.264420
       7600.00      0.245175
       7620.00      0.282494
       7640.00      0.259420
       7660.00      0.242435
       7680.00      0.215042
       7700.00      0.226493
       7720.00      0.238697
       7740.00      0.241281
       7760.00      0.237737
       7780.00      0.244885
       7800.00      0.253607
       7820.00      0.258893
       7840.00      0.258188
       7860.00      0.270183
       7880.00      0.270649
       7900.00      0.277561
       7920.00      0.278314
       7940.00      0.291983
       7960.00      0.298044
       7980.00      0.304119
       8000.00      0.306281
       8020.00      0.314523
       8040.00      0.318602
       8060.00      0.327812
       8080.00      0.327734
       8100.00      0.326365
       8120.00      0.333554
       8140.00      0.334621
       8160.00      0.324008
       8180.00      0.319292
       8200.00      0.321236
       8220.00      0.322450
       8240.00      0.341274
       8260.00      0.347629
       8280.00      0.334189
       8300.00      0.329726
       8320.00      0.331911
       8340.00      0.326973
       8360.00      0.324020
       8380.00      0.331367
       8400.00      0.336310
       8420.00      0.337211
       8440.00      0.324381
       8460.00      0.317509
       8480.00      0.314662
       8500.00      0.312567
       8520.00      0.316748
       8540.00      0.322789
       8560.00      0.326844
       8580.00      0.340723
       8600.00      0.331208
       8620.00      0.337887
       8640.00      0.348050
       8660.00      0.331129
       8680.00      0.338768
       8700.00      0.338631
       8720.00      0.354741
       8740.00      0.350695
       8760.00      0.345632
       8780.00      0.357046
       8800.00      0.358772
       8820.00      0.361242
       8840.00      0.359517
       8860.00      0.357485
       8880.00      0.351453
       8900.00      0.358074
       8920.00      0.337985
       8940.00      0.345660
       8960.00      0.343097
       8980.00      0.355272
       9000.00      0.347388
       9020.00      0.365766
       9040.00      0.388310
       9060.00      0.376361
       9080.00      0.372265
       9100.00      0.380343
       9120.00      0.381690
       9140.00      0.371425
       9160.00      0.381318
       9180.00      0.391511
       9200.00      0.397107
       9220.00      0.390947
       9240.00      0.383304
       9260.00      0.372264
       9280.00      0.345818
       9300.00      0.323350
       9320.00      0.321944
       9340.00      0.337544
       9360.00      0.336934
       9380.00      0.349459
       9400.00      0.378264
       9420.00      0.335011
       9440.00      0.331492
       9460.00      0.365648
       9480.00      0.352656
       9500.00      0.356174
       9520.00      0.363416
       9540.00      0.354791
       9560.00      0.374123
       9580.00      0.380627
       9600.00      0.365295
       9620.00      0.378682
       9640.00      0.365227
       9660.00      0.397703
       9680.00      0.392556
       9700.00      0.391027
       9720.00      0.397402
       9740.00      0.393362
       9760.00      0.401136
       9780.00      0.410306
       9800.00      0.425135
       9820.00      0.410411
       9840.00      0.413833
       9860.00      0.409808
       9880.00      0.394498
       9900.00      0.383127
       9920.00      0.384465
       9940.00      0.398436
       9960.00      0.404292
       9980.00      0.403482
       10000.0      0.400930
       10020.0      0.403961
       10040.0      0.415668
       10060.0      0.410679
       10080.0      0.427865
       10100.0      0.425636
       10120.0      0.412727
       10140.0      0.407095
       10160.0      0.417971
       10180.0      0.419549
       10200.0      0.413595
       10220.0      0.418931
       10240.0      0.420839
       10260.0      0.400973
       10280.0      0.410376
       10300.0      0.414661
       10320.0      0.411152
       10340.0      0.414407
       10360.0      0.404849
       10380.0      0.423231
       10400.0      0.419397
       10420.0      0.410220
       10440.0      0.417122
       10460.0      0.421995
       10480.0      0.448493
       10500.0      0.441656
       10520.0      0.431529
       10540.0      0.437332
       10560.0      0.431877
       10580.0      0.422816
       10600.0      0.434856
       10620.0      0.418266
