       3160.00     0.0117092
       3170.00     0.0139395
       3180.00    0.00966098
       3190.00    0.00786850
       3200.00     0.0112594
       3210.00     0.0106000
       3220.00    0.00881154
       3230.00    0.00705358
       3240.00    0.00850100
       3250.00    0.00974198
       3260.00     0.0112059
       3270.00     0.0101517
       3280.00     0.0131856
       3290.00     0.0130313
       3300.00     0.0153643
       3310.00     0.0131228
       3320.00     0.0169555
       3330.00     0.0143983
       3340.00     0.0175666
       3350.00     0.0192389
       3360.00     0.0149641
       3370.00     0.0142274
       3380.00     0.0171224
       3390.00     0.0173213
       3400.00     0.0200981
       3410.00     0.0201769
       3420.00     0.0190969
       3430.00     0.0169504
       3440.00     0.0167737
       3450.00     0.0174286
       3460.00     0.0200528
       3470.00     0.0213578
       3480.00     0.0205720
       3490.00     0.0197727
       3500.00     0.0242035
       3510.00     0.0229791
       3520.00     0.0212012
       3530.00     0.0218376
       3540.00     0.0287470
       3550.00     0.0278324
       3560.00     0.0220010
       3570.00     0.0188384
       3580.00     0.0188645
       3590.00     0.0207006
       3600.00     0.0207431
       3610.00     0.0210500
       3620.00     0.0234142
       3630.00     0.0238069
       3640.00     0.0233673
       3650.00     0.0263577
       3660.00     0.0307864
       3670.00     0.0279036
       3680.00     0.0282746
       3690.00     0.0289618
       3700.00     0.0254387
       3710.00     0.0212845
       3720.00     0.0195857
       3730.00     0.0201419
       3740.00     0.0176262
       3750.00     0.0183225
       3760.00     0.0251285
       3770.00     0.0275996
       3780.00     0.0296268
       3790.00     0.0273341
       3800.00     0.0288157
       3810.00     0.0270386
       3820.00     0.0227130
       3830.00     0.0211083
       3840.00     0.0269415
       3850.00     0.0260134
       3860.00     0.0243842
       3870.00     0.0280679
       3880.00     0.0248033
       3890.00     0.0288937
       3900.00     0.0307307
       3910.00     0.0297591
       3920.00     0.0310333
       3930.00     0.0275717
       3940.00     0.0285111
       3950.00     0.0297075
       3960.00     0.0298855
       3970.00     0.0349259
       3980.00     0.0467394
       3990.00     0.0518417
       4000.00     0.0595022
       4010.00     0.0611891
       4020.00     0.0629844
       4030.00     0.0602637
       4040.00     0.0603471
       4050.00     0.0620153
       4060.00     0.0646008
       4070.00     0.0639419
       4080.00     0.0713458
       4090.00     0.0769141
       4100.00     0.0717998
       4110.00     0.0733395
       4120.00     0.0776843
       4130.00     0.0775341
       4140.00     0.0734511
       4150.00     0.0750097
       4160.00     0.0813036
       4170.00     0.0783299
       4180.00     0.0769438
       4190.00     0.0809457
       4200.00     0.0791126
       4210.00     0.0774741
       4220.00     0.0581070
       4230.00     0.0593393
       4240.00     0.0744147
       4250.00     0.0734290
       4260.00     0.0735507
       4270.00     0.0756887
       4280.00     0.0734631
       4290.00     0.0751534
       4300.00     0.0781103
       4310.00     0.0898818
       4320.00      0.103955
       4330.00      0.109031
       4340.00      0.120036
       4350.00      0.120444
       4360.00      0.127602
       4370.00      0.125089
       4380.00      0.114865
       4390.00      0.120845
       4400.00      0.125054
       4410.00      0.120332
       4420.00      0.131007
       4430.00      0.132549
       4440.00      0.141138
       4450.00      0.136669
       4460.00      0.129446
       4470.00      0.150840
       4480.00      0.161827
       4490.00      0.159061
       4500.00      0.167580
       4510.00      0.176028
       4520.00      0.164622
       4530.00      0.160698
       4540.00      0.166207
       4550.00      0.181982
       4560.00      0.188657
       4570.00      0.189272
       4580.00      0.189303
       4590.00      0.189539
       4600.00      0.194539
       4610.00      0.199246
       4620.00      0.200442
       4630.00      0.202106
       4640.00      0.196305
       4650.00      0.196724
       4660.00      0.196369
       4670.00      0.198665
       4680.00      0.202690
       4690.00      0.199821
       4700.00      0.194098
       4710.00      0.197842
       4720.00      0.202067
       4730.00      0.198098
       4740.00      0.194872
       4750.00      0.191561
       4760.00      0.182967
       4770.00      0.171193
       4780.00      0.170376
       4790.00      0.176983
       4800.00      0.191686
       4810.00      0.196431
       4820.00      0.191930
       4830.00      0.187804
       4840.00      0.192852
       4850.00      0.197652
       4860.00      0.197052
       4870.00      0.195522
       4880.00      0.191688
       4890.00      0.198533
       4900.00      0.205893
       4910.00      0.204166
       4920.00      0.201141
       4930.00      0.203020
       4940.00      0.204574
       4950.00      0.205901
       4960.00      0.197372
       4970.00      0.203056
       4980.00      0.190731
       4990.00      0.187243
       5000.00      0.188434
       5010.00      0.181838
       5020.00      0.178513
       5030.00      0.183979
       5040.00      0.185416
       5050.00      0.176398
       5060.00      0.172305
       5070.00      0.167456
       5080.00      0.167681
       5090.00      0.166983
       5100.00      0.160822
       5110.00      0.160660
       5120.00      0.162243
       5130.00      0.157470
       5140.00      0.164840
       5150.00      0.163426
       5160.00      0.160590
       5170.00      0.145560
       5180.00      0.145521
       5190.00      0.170403
       5200.00      0.167516
       5210.00      0.176361
       5220.00      0.208180
       5230.00      0.216763
       5240.00      0.227078
       5250.00      0.232849
       5260.00      0.211330
       5270.00      0.204303
       5280.00      0.230607
       5290.00      0.235676
       5300.00      0.240609
       5310.00      0.252098
       5320.00      0.242441
       5330.00      0.233790
       5340.00      0.243586
       5350.00      0.254311
       5360.00      0.266165
       5370.00      0.260420
       5380.00      0.262789
       5390.00      0.264887
       5400.00      0.252188
       5410.00      0.255572
       5420.00      0.277894
       5430.00      0.275566
       5440.00      0.275693
       5450.00      0.275474
       5460.00      0.284520
       5470.00      0.284772
       5480.00      0.283595
       5490.00      0.294060
       5500.00      0.295233
       5510.00      0.292140
       5520.00      0.298419
       5530.00      0.305524
       5540.00      0.305538
       5550.00      0.314298
       5560.00      0.314577
       5570.00      0.305017
       5580.00      0.308679
       5590.00      0.301124
       5600.00      0.293317
       5610.00      0.308145
       5620.00      0.317627
       5630.00      0.316229
       5640.00      0.328717
       5650.00      0.330629
       5660.00      0.332258
       5670.00      0.330844
       5680.00      0.345699
       5690.00      0.337386
       5700.00      0.339267
       5710.00      0.332365
       5720.00      0.334796
       5730.00      0.346235
       5740.00      0.355998
       5760.00      0.365908
       5780.00      0.373311
       5800.00      0.372834
       5820.00      0.374512
       5840.00      0.383150
       5860.00      0.370619
       5880.00      0.325952
       5900.00      0.321131
       5920.00      0.364218
       5940.00      0.385135
       5960.00      0.380165
       5980.00      0.392771
       6000.00      0.386503
       6020.00      0.399785
       6040.00      0.406757
       6060.00      0.408774
       6080.00      0.411292
       6100.00      0.402243
       6120.00      0.403487
       6140.00      0.397582
       6160.00      0.389937
       6180.00      0.386141
       6200.00      0.402827
       6220.00      0.401531
       6240.00      0.387447
       6260.00      0.387460
       6280.00      0.398693
       6300.00      0.403641
       6320.00      0.405336
       6340.00      0.418135
       6360.00      0.419283
       6380.00      0.418214
       6400.00      0.433299
       6420.00      0.443169
       6440.00      0.443981
       6460.00      0.440667
       6480.00      0.449939
       6500.00      0.450964
       6520.00      0.460148
       6540.00      0.470233
       6560.00      0.459013
       6580.00      0.455476
       6600.00      0.477583
       6620.00      0.471646
       6640.00      0.478715
       6660.00      0.474221
       6680.00      0.472801
       6700.00      0.454096
       6720.00      0.450414
       6740.00      0.445825
       6760.00      0.445664
       6780.00      0.438576
       6800.00      0.434983
       6820.00      0.427738
       6840.00      0.455103
       6860.00      0.438026
       6880.00      0.436525
       6900.00      0.441841
       6920.00      0.452557
       6940.00      0.453509
       6960.00      0.458505
       6980.00      0.456070
       7000.00      0.456109
       7020.00      0.469531
       7040.00      0.471311
       7060.00      0.481287
       7080.00      0.477495
       7100.00      0.477032
       7120.00      0.483609
       7140.00      0.473263
       7160.00      0.497309
       7180.00      0.510754
       7200.00      0.481933
       7220.00      0.486670
       7240.00      0.492679
       7260.00      0.492185
       7280.00      0.501372
       7300.00      0.508793
       7320.00      0.500985
       7340.00      0.503034
       7360.00      0.507624
       7380.00      0.507733
       7400.00      0.513555
       7420.00      0.514282
       7440.00      0.521739
       7460.00      0.526637
       7480.00      0.538626
       7500.00      0.538234
       7520.00      0.534095
       7540.00      0.538078
       7560.00      0.536655
       7580.00      0.624480
       7600.00      0.670842
       7620.00      0.750661
       7640.00      0.665895
       7660.00      0.567466
       7680.00      0.477094
       7700.00      0.512866
       7720.00      0.528575
       7740.00      0.544607
       7760.00      0.542800
       7780.00      0.544826
       7800.00      0.545035
       7820.00      0.553453
       7840.00      0.554438
       7860.00      0.559402
       7880.00      0.554604
       7900.00      0.550425
       7920.00      0.556152
       7940.00      0.552779
       7960.00      0.561816
       7980.00      0.562174
       8000.00      0.566641
       8020.00      0.560542
       8040.00      0.561679
       8060.00      0.565920
       8080.00      0.574790
       8100.00      0.558679
       8120.00      0.582950
       8140.00      0.596138
       8160.00      0.555914
       8180.00      0.553789
       8200.00      0.568479
       8220.00      0.543475
       8240.00      0.557358
       8260.00      0.587667
       8280.00      0.575657
       8300.00      0.551631
       8320.00      0.547294
       8340.00      0.548985
       8360.00      0.538869
       8380.00      0.543001
       8400.00      0.553266
       8420.00      0.565527
       8440.00      0.558250
       8460.00      0.565815
       8480.00      0.547677
       8500.00      0.547494
       8520.00      0.557971
       8540.00      0.535212
       8560.00      0.544937
       8580.00      0.577611
       8600.00      0.572080
       8620.00      0.575476
       8640.00      0.588461
       8660.00      0.564681
       8680.00      0.536140
       8700.00      0.578643
       8720.00      0.589527
       8740.00      0.582445
       8760.00      0.585584
       8780.00      0.572836
       8800.00      0.566552
       8820.00      0.557101
       8840.00      0.573553
       8860.00      0.564129
       8880.00      0.554923
       8900.00      0.546815
       8920.00      0.558755
       8940.00      0.577472
       8960.00      0.587193
       8980.00      0.592685
       9000.00      0.565271
       9020.00      0.565753
       9040.00      0.614214
       9060.00      0.577255
       9080.00      0.551668
       9100.00      0.563533
       9120.00      0.565559
       9140.00      0.559011
       9160.00      0.555739
       9180.00      0.561180
       9200.00      0.599107
       9220.00      0.591184
       9240.00      0.569060
       9260.00      0.552950
       9280.00      0.603560
       9300.00      0.636441
       9320.00      0.666325
       9340.00      0.712175
       9360.00      0.585018
       9380.00      0.576258
       9400.00      0.652825
       9420.00      0.601571
       9440.00      0.583709
       9460.00      0.627332
       9480.00      0.608335
       9500.00      0.603428
       9520.00      0.593772
       9540.00      0.649482
       9560.00      0.611925
       9580.00      0.585476
       9600.00      0.571697
       9620.00      0.565463
       9640.00      0.538300
       9660.00      0.560690
       9680.00      0.562120
       9700.00      0.544334
       9720.00      0.569311
       9740.00      0.571518
       9760.00      0.569866
       9780.00      0.557493
       9800.00      0.570416
       9820.00      0.574516
       9840.00      0.566665
       9860.00      0.561704
       9880.00      0.551216
       9900.00      0.570506
       9920.00      0.558149
       9940.00      0.554190
       9960.00      0.564082
       9980.00      0.554636
       10000.0      0.562452
       10020.0      0.578832
       10040.0      0.583762
       10060.0      0.569526
       10080.0      0.571969
       10100.0      0.576728
       10120.0      0.568006
       10140.0      0.589432
       10160.0      0.565924
       10180.0      0.567889
       10200.0      0.570153
       10220.0      0.559691
       10240.0      0.562726
       10260.0      0.580096
       10280.0      0.570894
       10300.0      0.583772
       10320.0      0.559730
       10340.0      0.556678
       10360.0      0.583867
       10380.0      0.581385
       10400.0      0.569426
       10420.0      0.581708
       10440.0      0.569494
       10460.0      0.589812
       10480.0      0.574194
       10500.0      0.580706
       10520.0      0.591360
       10540.0      0.580433
       10560.0      0.592382
       10580.0      0.581939
       10600.0      0.583943
       10620.0      0.565887
