       3160.00     0.0358896
       3170.00     0.0413187
       3180.00     0.0362454
       3190.00     0.0325510
       3200.00     0.0337072
       3210.00     0.0339072
       3220.00     0.0276361
       3230.00     0.0270790
       3240.00     0.0272808
       3250.00     0.0287534
       3260.00     0.0314516
       3270.00     0.0357801
       3280.00     0.0389048
       3290.00     0.0432670
       3300.00     0.0461193
       3310.00     0.0460293
       3320.00     0.0459890
       3330.00     0.0480560
       3340.00     0.0505015
       3350.00     0.0570567
       3360.00     0.0501362
       3370.00     0.0478569
       3380.00     0.0519638
       3390.00     0.0588865
       3400.00     0.0666484
       3410.00     0.0650971
       3420.00     0.0636344
       3430.00     0.0669852
       3440.00     0.0518639
       3450.00     0.0501842
       3460.00     0.0584497
       3470.00     0.0542527
       3480.00     0.0628655
       3490.00     0.0621710
       3500.00     0.0686294
       3510.00     0.0774221
       3520.00     0.0653344
       3530.00     0.0728230
       3540.00     0.0908407
       3550.00     0.0929598
       3560.00     0.0764722
       3570.00     0.0595132
       3580.00     0.0475566
       3590.00     0.0498181
       3600.00     0.0634141
       3610.00     0.0637658
       3620.00     0.0647767
       3630.00     0.0689138
       3640.00     0.0702337
       3650.00     0.0735732
       3660.00     0.0855736
       3670.00     0.0969455
       3680.00     0.0821967
       3690.00     0.0827257
       3700.00     0.0876769
       3710.00     0.0800659
       3720.00     0.0675097
       3730.00     0.0556042
       3740.00     0.0532012
       3750.00     0.0578460
       3760.00     0.0678042
       3770.00     0.0846495
       3780.00     0.0970454
       3790.00     0.0935889
       3800.00     0.0860853
       3810.00     0.0860878
       3820.00     0.0720647
       3830.00     0.0608557
       3840.00     0.0682331
       3850.00     0.0797681
       3860.00     0.0747140
       3870.00     0.0808036
       3880.00     0.0835113
       3890.00     0.0845131
       3900.00     0.0913258
       3910.00      0.105129
       3920.00      0.101461
       3930.00     0.0860335
       3940.00     0.0831369
       3950.00      0.100291
       3960.00     0.0967275
       3970.00     0.0920721
       3980.00      0.128003
       3990.00      0.161136
       4000.00      0.174468
       4010.00      0.191260
       4020.00      0.202015
       4030.00      0.179378
       4040.00      0.173549
       4050.00      0.201459
       4060.00      0.207259
       4070.00      0.194722
       4080.00      0.221175
       4090.00      0.250291
       4100.00      0.235751
       4110.00      0.223795
       4120.00      0.240415
       4130.00      0.239833
       4140.00      0.224276
       4150.00      0.237629
       4160.00      0.262685
       4170.00      0.253577
       4180.00      0.250758
       4190.00      0.263141
       4200.00      0.253708
       4210.00      0.243932
       4220.00      0.183031
       4230.00      0.149294
       4240.00      0.208467
       4250.00      0.220775
       4260.00      0.225492
       4270.00      0.229295
       4280.00      0.229140
       4290.00      0.235199
       4300.00      0.220611
       4310.00      0.252029
       4320.00      0.295263
       4330.00      0.331639
       4340.00      0.366594
       4350.00      0.364376
       4360.00      0.390612
       4370.00      0.394075
       4380.00      0.308107
       4390.00      0.333425
       4400.00      0.353189
       4410.00      0.366326
       4420.00      0.402662
       4430.00      0.398929
       4440.00      0.423390
       4450.00      0.426472
       4460.00      0.403929
       4470.00      0.484677
       4480.00      0.524633
       4490.00      0.522495
       4500.00      0.562311
       4510.00      0.598091
       4520.00      0.578115
       4530.00      0.503113
       4540.00      0.523211
       4550.00      0.578487
       4560.00      0.638411
       4570.00      0.677244
       4580.00      0.644768
       4590.00      0.646919
       4600.00      0.652252
       4610.00      0.678094
       4620.00      0.698407
       4630.00      0.706180
       4640.00      0.676992
       4650.00      0.651673
       4660.00      0.682841
       4670.00      0.698966
       4680.00      0.684339
       4690.00      0.690418
       4700.00      0.671358
       4710.00      0.664736
       4720.00      0.694328
       4730.00      0.690675
       4740.00      0.670054
       4750.00      0.669903
       4760.00      0.621758
       4770.00      0.564578
       4780.00      0.532900
       4790.00      0.572554
       4800.00      0.646153
       4810.00      0.683937
       4820.00      0.670443
       4830.00      0.649572
       4840.00      0.661492
       4850.00      0.691642
       4860.00      0.692905
       4870.00      0.658869
       4880.00      0.660194
       4890.00      0.660734
       4900.00      0.690912
       4910.00      0.718087
       4920.00      0.673952
       4930.00      0.689356
       4940.00      0.717249
       4950.00      0.712064
       4960.00      0.685625
       4970.00      0.680415
       4980.00      0.662993
       4990.00      0.634086
       5000.00      0.634449
       5010.00      0.595400
       5020.00      0.606567
       5030.00      0.624609
       5040.00      0.601785
       5050.00      0.590792
       5060.00      0.600697
       5070.00      0.575909
       5080.00      0.550791
       5090.00      0.565738
       5100.00      0.548951
       5110.00      0.543193
       5120.00      0.566460
       5130.00      0.559949
       5140.00      0.579813
       5150.00      0.564534
       5160.00      0.588634
       5170.00      0.524474
       5180.00      0.445756
       5190.00      0.526540
       5200.00      0.592474
       5210.00      0.580688
       5220.00      0.683465
       5230.00      0.770145
       5240.00      0.805111
       5250.00      0.822020
       5260.00      0.763685
       5270.00      0.689573
       5280.00      0.749048
       5290.00      0.872769
       5300.00      0.875535
       5310.00      0.899700
       5320.00      0.925819
       5330.00      0.839379
       5340.00      0.833223
       5350.00      0.879044
       5360.00      0.955545
       5370.00      0.945662
       5380.00      0.947746
       5390.00      0.997455
       5400.00      0.924695
       5410.00      0.885382
       5420.00      0.974773
       5430.00       1.00674
       5440.00      0.994587
       5450.00      0.987372
       5460.00      0.954980
       5470.00       1.00236
       5480.00       1.01145
       5490.00       1.02744
       5500.00       1.04238
       5510.00       1.01285
       5520.00       1.01594
       5530.00       1.06722
       5540.00       1.09082
       5550.00       1.12708
       5560.00       1.12603
       5570.00       1.08299
       5580.00       1.08008
       5590.00       1.04895
       5600.00      0.984916
       5610.00       1.07915
       5620.00       1.10336
       5630.00       1.10237
       5640.00       1.14960
       5650.00       1.17933
       5660.00       1.17437
       5670.00       1.16270
       5680.00       1.18651
       5690.00       1.17582
       5700.00       1.17853
       5710.00       1.17552
       5720.00       1.19153
       5730.00       1.23691
       5740.00       1.24329
       5760.00       1.26730
       5780.00       1.27327
       5800.00       1.28669
       5820.00       1.34022
       5840.00       1.35705
       5860.00       1.29394
       5880.00       1.10175
       5900.00      0.911050
       5920.00       1.04102
       5940.00       1.27560
       5960.00       1.30965
       5980.00       1.33347
       6000.00       1.34262
       6020.00       1.35623
       6040.00       1.38506
       6060.00       1.42088
       6080.00       1.43678
       6100.00       1.44545
       6120.00       1.40517
       6140.00       1.40680
       6160.00       1.32894
       6180.00       1.29383
       6200.00       1.36072
       6220.00       1.31437
       6240.00       1.25873
       6260.00       1.24862
       6280.00       1.29055
       6300.00       1.34776
       6320.00       1.38653
       6340.00       1.45679
       6360.00       1.45734
       6380.00       1.44340
       6400.00       1.45248
       6420.00       1.50388
       6440.00       1.55157
       6460.00       1.57203
       6480.00       1.60076
       6500.00       1.61257
       6520.00       1.66435
       6540.00       1.74659
       6560.00       1.73463
       6580.00       1.71613
       6600.00       1.73978
       6620.00       1.72055
       6640.00       1.70554
       6660.00       1.67673
       6680.00       1.66601
       6700.00       1.65211
       6720.00       1.61886
       6740.00       1.58904
       6760.00       1.58756
       6780.00       1.58528
       6800.00       1.57502
       6820.00       1.56960
       6840.00       1.61432
       6860.00       1.56045
       6880.00       1.50927
       6900.00       1.49149
       6920.00       1.59094
       6940.00       1.64357
       6960.00       1.70137
       6980.00       1.70117
       7000.00       1.69476
       7020.00       1.72867
       7040.00       1.78480
       7060.00       1.81595
       7080.00       1.77471
       7100.00       1.75363
       7120.00       1.72043
       7140.00       1.67905
       7160.00       1.75336
       7180.00       1.73939
       7200.00       1.56307
       7220.00       1.75311
       7240.00       1.84518
       7260.00       1.76368
       7280.00       1.83803
       7300.00       1.87398
       7320.00       1.86217
       7340.00       1.89489
       7360.00       1.91117
       7380.00       1.90747
       7400.00       1.94715
       7420.00       1.97489
       7440.00       2.00029
       7460.00       2.02117
       7480.00       2.02377
       7500.00       2.03070
       7520.00       2.03977
       7540.00       2.08053
       7560.00       2.09733
       7580.00       2.45705
       7600.00       2.27667
       7620.00       2.01942
       7640.00       1.95647
       7660.00       1.84058
       7680.00       1.83862
       7700.00       2.00833
       7720.00       2.03484
       7740.00       2.05558
       7760.00       2.07972
       7780.00       2.06039
       7800.00       2.05790
       7820.00       2.07420
       7840.00       2.02659
       7860.00       2.03181
       7880.00       2.04253
       7900.00       2.01808
       7920.00       2.01367
       7940.00       2.01956
       7960.00       2.03088
       7980.00       2.07692
       8000.00       2.07920
       8020.00       2.06588
       8040.00       2.07089
       8060.00       2.10152
       8080.00       2.10439
       8100.00       2.07637
       8120.00       2.17173
       8140.00       2.17308
       8160.00       2.05177
       8180.00       1.99821
       8200.00       2.04308
       8220.00       2.09833
       8240.00       2.12624
       8260.00       2.32655
       8280.00       2.26312
       8300.00       2.20721
       8320.00       2.13391
       8340.00       2.10662
       8360.00       2.16339
       8380.00       2.13810
       8400.00       2.20489
       8420.00       2.22872
       8440.00       2.16673
       8460.00       2.20083
       8480.00       2.22835
       8500.00       2.21031
       8520.00       2.16554
       8540.00       2.05282
       8560.00       2.07154
       8580.00       2.18716
       8600.00       2.23647
       8620.00       2.29249
       8640.00       2.27900
       8660.00       2.18203
       8680.00       2.11559
       8700.00       2.23077
       8720.00       2.25560
       8740.00       2.22927
       8760.00       2.23226
       8780.00       2.18876
       8800.00       2.16895
       8820.00       2.14677
       8840.00       2.24036
       8860.00       2.21995
       8880.00       2.21434
       8900.00       2.22587
       8920.00       2.27454
       8940.00       2.27432
       8960.00       2.26135
       8980.00       2.18181
       9000.00       2.09658
       9020.00       2.24148
       9040.00       2.47540
       9060.00       2.51376
       9080.00       2.23626
       9100.00       2.14766
       9120.00       2.15607
       9140.00       2.09422
       9160.00       2.03977
       9180.00       2.06317
       9200.00       2.26858
       9220.00       2.35215
       9240.00       2.25346
       9260.00       2.20806
       9280.00       2.58019
       9300.00       2.52843
       9320.00       2.21836
       9340.00       1.92067
       9360.00       1.51849
       9380.00       1.91074
       9400.00       2.51890
       9420.00       2.48525
       9440.00       2.23625
       9460.00       2.18323
       9480.00       2.27559
       9500.00       2.31374
       9520.00       2.19118
       9540.00       2.32171
       9560.00       2.27191
       9580.00       2.12919
       9600.00       2.09529
       9620.00       2.07624
       9640.00       1.99745
       9660.00       1.88520
       9680.00       2.08753
       9700.00       2.19986
       9720.00       2.20933
       9740.00       2.08026
       9760.00       1.96843
       9780.00       1.96441
       9800.00       2.01868
       9820.00       2.06220
       9840.00       2.05690
       9860.00       2.06763
       9880.00       2.09042
       9900.00       2.02466
       9920.00       1.99151
       9940.00       2.04114
       9960.00       2.06707
       9980.00       2.07983
       10000.0       2.08274
       10020.0       2.10572
       10040.0       2.09557
       10060.0       2.08546
       10080.0       2.07754
       10100.0       2.06750
       10120.0       2.10319
       10140.0       2.06417
       10160.0       2.03763
       10180.0       2.03469
       10200.0       2.02857
       10220.0       2.02141
       10240.0       2.03924
       10260.0       2.02413
       10280.0       2.04612
       10300.0       2.07066
       10320.0       2.05031
       10340.0       2.02372
       10360.0       1.99356
       10380.0       2.05523
       10400.0       2.05912
       10420.0       2.09536
       10440.0       2.12261
       10460.0       2.14611
       10480.0       2.11347
       10500.0       2.12861
       10520.0       2.13284
       10540.0       2.12673
       10560.0       2.13403
       10580.0       2.09812
       10600.0       2.08698
       10620.0       2.11480
