       3160.00    0.00204910
       3170.00    0.00234538
       3180.00    0.00106127
       3190.00   0.000551383
       3200.00   0.000754071
       3210.00    0.00103478
       3220.00   0.000634270
       3230.00    0.00103232
       3240.00    0.00109219
       3250.00    0.00139393
       3260.00    0.00117687
       3270.00    0.00193527
       3280.00    0.00173021
       3290.00    0.00188794
       3300.00    0.00155658
       3310.00    0.00192281
       3320.00    0.00220801
       3330.00    0.00201031
       3340.00    0.00193103
       3350.00    0.00233814
       3360.00    0.00229445
       3370.00    0.00184501
       3380.00    0.00216126
       3390.00    0.00181279
       3400.00    0.00255910
       3410.00    0.00240807
       3420.00    0.00248627
       3430.00    0.00271663
       3440.00    0.00215944
       3450.00    0.00198603
       3460.00    0.00246921
       3470.00    0.00237011
       3480.00    0.00239510
       3490.00    0.00265590
       3500.00    0.00255225
       3510.00    0.00260257
       3520.00    0.00264777
       3530.00    0.00301220
       3540.00    0.00386506
       3550.00    0.00351971
       3560.00    0.00290254
       3570.00    0.00209272
       3580.00    0.00180336
       3590.00    0.00200816
       3600.00    0.00227389
       3610.00    0.00237310
       3620.00    0.00261460
       3630.00    0.00290401
       3640.00    0.00271247
       3650.00    0.00280706
       3660.00    0.00334241
       3670.00    0.00377976
       3680.00    0.00312245
       3690.00    0.00306785
       3700.00    0.00329075
       3710.00    0.00312014
       3720.00    0.00261982
       3730.00    0.00233611
       3740.00    0.00225192
       3750.00    0.00223967
       3760.00    0.00256818
       3770.00    0.00332617
       3780.00    0.00381106
       3790.00    0.00340799
       3800.00    0.00330607
       3810.00    0.00319518
       3820.00    0.00255012
       3830.00    0.00225678
       3840.00    0.00273522
       3850.00    0.00288895
       3860.00    0.00266152
       3870.00    0.00303018
       3880.00    0.00297301
       3890.00    0.00327279
       3900.00    0.00340735
       3910.00    0.00391564
       3920.00    0.00365975
       3930.00    0.00326818
       3940.00    0.00356340
       3950.00    0.00403383
       3960.00    0.00390758
       3970.00    0.00394597
       3980.00    0.00543734
       3990.00    0.00647966
       4000.00    0.00694756
       4010.00    0.00708412
       4020.00    0.00767522
       4030.00    0.00696448
       4040.00    0.00648901
       4050.00    0.00773396
       4060.00    0.00768870
       4070.00    0.00762799
       4080.00    0.00884013
       4090.00    0.00986945
       4100.00    0.00913954
       4110.00    0.00922603
       4120.00    0.00977693
       4130.00    0.00977386
       4140.00    0.00862463
       4150.00    0.00969087
       4160.00     0.0102047
       4170.00     0.0101036
       4180.00    0.00954496
       4190.00     0.0101367
       4200.00    0.00968190
       4210.00    0.00949716
       4220.00    0.00693833
       4230.00    0.00577498
       4240.00    0.00843628
       4250.00    0.00867678
       4260.00    0.00911096
       4270.00    0.00894012
       4280.00    0.00854139
       4290.00    0.00915141
       4300.00    0.00872929
       4310.00     0.0105061
       4320.00     0.0127821
       4330.00     0.0139959
       4340.00     0.0154149
       4350.00     0.0153942
       4360.00     0.0169255
       4370.00     0.0163463
       4380.00     0.0138167
       4390.00     0.0147837
       4400.00     0.0154949
       4410.00     0.0151654
       4420.00     0.0162528
       4430.00     0.0160528
       4440.00     0.0177755
       4450.00     0.0168462
       4460.00     0.0160546
       4470.00     0.0192700
       4480.00     0.0212361
       4490.00     0.0203074
       4500.00     0.0223901
       4510.00     0.0232935
       4520.00     0.0215143
       4530.00     0.0196442
       4540.00     0.0201821
       4550.00     0.0229064
       4560.00     0.0251007
       4570.00     0.0262284
       4580.00     0.0258088
       4590.00     0.0255022
       4600.00     0.0261129
       4610.00     0.0267717
       4620.00     0.0276580
       4630.00     0.0278694
       4640.00     0.0260942
       4650.00     0.0254340
       4660.00     0.0267767
       4670.00     0.0277264
       4680.00     0.0267668
       4690.00     0.0271952
       4700.00     0.0268612
       4710.00     0.0266777
       4720.00     0.0275499
       4730.00     0.0272892
       4740.00     0.0267872
       4750.00     0.0265471
       4760.00     0.0243411
       4770.00     0.0221800
       4780.00     0.0216751
       4790.00     0.0237977
       4800.00     0.0259691
       4810.00     0.0264548
       4820.00     0.0259894
       4830.00     0.0253849
       4840.00     0.0264184
       4850.00     0.0274564
       4860.00     0.0267212
       4870.00     0.0262294
       4880.00     0.0256001
       4890.00     0.0264746
       4900.00     0.0280968
       4910.00     0.0272205
       4920.00     0.0269230
       4930.00     0.0271576
       4940.00     0.0280588
       4950.00     0.0274304
       4960.00     0.0262983
       4970.00     0.0270375
       4980.00     0.0255090
       4990.00     0.0244984
       5000.00     0.0242877
       5010.00     0.0233898
       5020.00     0.0235891
       5030.00     0.0244771
       5040.00     0.0239050
       5050.00     0.0238113
       5060.00     0.0232260
       5070.00     0.0223575
       5080.00     0.0222926
       5090.00     0.0225080
       5100.00     0.0217504
       5110.00     0.0214288
       5120.00     0.0216612
       5130.00     0.0216605
       5140.00     0.0219868
       5150.00     0.0221714
       5160.00     0.0213985
       5170.00     0.0189164
       5180.00     0.0175654
       5190.00     0.0216684
       5200.00     0.0214180
       5210.00     0.0229453
       5220.00     0.0280947
       5230.00     0.0299125
       5240.00     0.0316178
       5250.00     0.0312415
       5260.00     0.0277718
       5270.00     0.0267743
       5280.00     0.0306650
       5290.00     0.0325177
       5300.00     0.0332995
       5310.00     0.0354247
       5320.00     0.0334343
       5330.00     0.0316509
       5340.00     0.0320419
       5350.00     0.0345315
       5360.00     0.0370396
       5370.00     0.0359284
       5380.00     0.0367437
       5390.00     0.0370782
       5400.00     0.0343418
       5410.00     0.0349391
       5420.00     0.0384944
       5430.00     0.0391837
       5440.00     0.0378522
       5450.00     0.0382005
       5460.00     0.0374368
       5470.00     0.0395235
       5480.00     0.0392960
       5490.00     0.0408524
       5500.00     0.0407007
       5510.00     0.0396228
       5520.00     0.0399750
       5530.00     0.0426732
       5540.00     0.0435564
       5550.00     0.0442064
       5560.00     0.0444713
       5570.00     0.0411825
       5580.00     0.0424815
       5590.00     0.0399312
       5600.00     0.0377358
       5610.00     0.0414957
       5620.00     0.0434286
       5630.00     0.0431625
       5640.00     0.0447460
       5650.00     0.0462863
       5660.00     0.0459038
       5670.00     0.0454475
       5680.00     0.0471283
       5690.00     0.0467836
       5700.00     0.0457309
       5710.00     0.0452037
       5720.00     0.0466871
       5730.00     0.0492422
       5740.00     0.0493418
       5760.00     0.0495769
       5780.00     0.0497366
       5800.00     0.0499320
       5820.00     0.0501260
       5840.00     0.0503188
       5860.00     0.0504738
       5880.00     0.0506640
       5900.00     0.0508529
       5920.00     0.0510406
       5940.00     0.0511911
       5960.00     0.0513764
       5980.00     0.0515960
       6000.00     0.0517077
       6020.00     0.0531619
       6040.00     0.0552406
       6060.00     0.0544262
       6080.00     0.0550171
       6100.00     0.0541391
       6120.00     0.0537188
       6140.00     0.0534052
       6160.00     0.0503992
       6180.00     0.0480324
       6200.00     0.0520990
       6220.00     0.0512814
       6240.00     0.0489687
       6260.00     0.0500700
       6280.00     0.0518080
       6300.00     0.0548185
       6320.00     0.0540390
       6340.00     0.0569563
       6360.00     0.0560746
       6380.00     0.0554318
       6400.00     0.0573200
       6420.00     0.0574066
       6440.00     0.0591447
       6460.00     0.0588628
       6480.00     0.0607828
       6500.00     0.0617088
       6520.00     0.0641630
       6540.00     0.0638692
       6560.00     0.0627014
       6580.00     0.0637720
       6600.00     0.0640301
       6620.00     0.0648974
       6640.00     0.0638367
       6660.00     0.0643798
       6680.00     0.0610653
       6700.00     0.0621534
       6720.00     0.0613035
       6740.00     0.0603007
       6760.00     0.0611611
       6780.00     0.0579677
       6800.00     0.0587986
       6820.00     0.0586574
       6840.00     0.0592014
       6860.00     0.0577880
       6880.00     0.0552385
       6900.00     0.0566820
       6920.00     0.0603619
       6940.00     0.0634074
       6960.00     0.0638672
       6980.00     0.0652390
       7000.00     0.0647790
       7020.00     0.0667466
       7040.00     0.0671615
       7060.00     0.0683878
       7080.00     0.0666618
       7100.00     0.0657248
       7120.00     0.0657793
       7140.00     0.0616611
       7160.00     0.0654712
       7180.00     0.0660001
       7200.00     0.0648415
       7220.00     0.0663713
       7240.00     0.0679220
       7260.00     0.0670901
       7280.00     0.0690102
       7300.00     0.0707159
       7320.00     0.0699413
       7340.00     0.0701566
       7360.00     0.0710356
       7380.00     0.0715351
       7400.00     0.0712555
       7420.00     0.0730136
       7440.00     0.0738469
       7460.00     0.0740483
       7480.00     0.0756994
       7500.00     0.0741073
       7520.00     0.0745893
       7540.00     0.0745608
       7560.00     0.0752361
       7580.00     0.0766658
       7600.00     0.0664125
       7620.00     0.0657076
       7640.00     0.0705490
       7660.00     0.0717537
       7680.00     0.0693503
       7700.00     0.0748630
       7720.00     0.0753030
       7740.00     0.0758232
       7760.00     0.0742842
       7780.00     0.0770197
       7800.00     0.0765767
       7820.00     0.0760543
       7840.00     0.0766474
       7860.00     0.0741783
       7880.00     0.0756643
       7900.00     0.0763885
       7920.00     0.0755777
       7940.00     0.0742349
       7960.00     0.0768820
       7980.00     0.0771960
       8000.00     0.0770030
       8020.00     0.0774212
       8040.00     0.0770169
       8060.00     0.0780402
       8080.00     0.0780314
       8100.00     0.0772870
       8120.00     0.0792979
       8140.00     0.0806716
       8160.00     0.0780748
       8180.00     0.0755166
       8200.00     0.0770711
       8220.00     0.0733630
       8240.00     0.0790986
       8260.00     0.0821788
       8280.00     0.0788964
       8300.00     0.0782192
       8320.00     0.0759084
       8340.00     0.0770531
       8360.00     0.0768178
       8380.00     0.0781580
       8400.00     0.0775160
       8420.00     0.0796316
       8440.00     0.0784848
       8460.00     0.0821979
       8480.00     0.0767345
       8500.00     0.0765790
       8520.00     0.0764991
       8540.00     0.0742020
       8560.00     0.0764648
       8580.00     0.0795354
       8600.00     0.0796721
       8620.00     0.0813140
       8640.00     0.0770867
       8660.00     0.0748938
       8680.00     0.0748929
       8700.00     0.0776557
       8720.00     0.0817968
       8740.00     0.0836061
       8760.00     0.0778769
       8780.00     0.0809713
       8800.00     0.0711876
       8820.00     0.0765027
       8840.00     0.0823955
       8860.00     0.0791834
       8880.00     0.0782143
       8900.00     0.0799034
       8920.00     0.0826823
       8940.00     0.0803552
       8960.00     0.0798433
       8980.00     0.0791442
       9000.00     0.0798668
       9020.00     0.0787696
       9040.00     0.0818908
       9060.00     0.0830487
       9080.00     0.0800771
       9100.00     0.0796906
       9120.00     0.0790959
       9140.00     0.0780847
       9160.00     0.0774728
       9180.00     0.0780226
       9200.00     0.0796339
       9220.00     0.0795073
       9240.00     0.0820066
       9260.00     0.0779230
       9280.00     0.0773653
       9300.00     0.0759633
       9320.00     0.0720788
       9340.00     0.0742711
       9360.00     0.0707932
       9380.00     0.0739770
       9400.00     0.0801580
       9420.00     0.0707037
       9440.00     0.0703962
       9460.00     0.0788624
       9480.00     0.0759800
       9500.00     0.0756185
       9520.00     0.0846015
       9540.00     0.0857178
       9560.00     0.0789945
       9580.00     0.0796959
       9600.00     0.0790422
       9620.00     0.0813995
       9640.00     0.0761978
       9660.00     0.0784852
       9680.00     0.0821699
       9700.00     0.0792145
       9720.00     0.0761618
       9740.00     0.0794135
       9760.00     0.0795124
       9780.00     0.0761297
       9800.00     0.0799261
       9820.00     0.0810418
       9840.00     0.0843587
       9860.00     0.0815331
       9880.00     0.0798820
       9900.00     0.0809887
       9920.00     0.0781012
       9940.00     0.0801491
       9960.00     0.0808000
       9980.00     0.0814056
       10000.0     0.0835196
       10020.0     0.0857739
       10040.0     0.0827842
       10060.0     0.0794680
       10080.0     0.0846300
       10100.0     0.0834090
       10120.0     0.0812677
       10140.0     0.0824295
       10160.0     0.0779528
       10180.0     0.0800989
       10200.0     0.0792117
       10220.0     0.0798895
       10240.0     0.0801907
       10260.0     0.0790181
       10280.0     0.0797337
       10300.0     0.0806739
       10320.0     0.0793216
       10340.0     0.0801971
       10360.0     0.0826919
       10380.0     0.0789656
       10400.0     0.0833355
       10420.0     0.0818890
       10440.0     0.0839945
       10460.0     0.0831830
       10480.0     0.0803237
       10500.0     0.0835956
       10520.0     0.0801599
       10540.0     0.0868922
       10560.0     0.0842491
       10580.0     0.0860005
       10600.0     0.0830880
       10620.0     0.0862176
