       3160.00       82.8332
       3170.00       81.5365
       3180.00       80.3340
       3190.00       80.4680
       3200.00       78.8490
       3210.00       76.6862
       3220.00       74.3245
       3230.00       74.7294
       3240.00       74.8365
       3250.00       70.6928
       3260.00       69.8887
       3270.00       67.0820
       3280.00       64.0006
       3290.00       63.3904
       3300.00       63.2812
       3310.00       60.9829
       3320.00       60.7168
       3330.00       61.5201
       3340.00       60.6808
       3350.00       60.7038
       3360.00       62.2733
       3370.00       60.4653
       3380.00       59.2344
       3390.00       58.8983
       3400.00       58.8457
       3410.00       59.0742
       3420.00       58.9815
       3430.00       57.5336
       3440.00       57.3266
       3450.00       57.9929
       3460.00       56.9953
       3470.00       56.7128
       3480.00       56.4712
       3490.00       55.2906
       3500.00       54.4684
       3510.00       53.1833
       3520.00       53.1099
       3530.00       52.6108
       3540.00       52.5008
       3550.00       52.0062
       3560.00       51.1686
       3570.00       51.1019
       3580.00       50.0042
       3590.00       48.8363
       3600.00       48.9666
       3610.00       49.5129
       3620.00       48.2050
       3630.00       47.5824
       3640.00       47.6771
       3650.00       47.5465
       3660.00       47.4166
       3670.00       47.5482
       3680.00       47.0845
       3690.00       46.0304
       3700.00       44.9820
       3710.00       44.7870
       3720.00       46.5047
       3730.00       47.6266
       3740.00       47.9381
       3750.00       49.6337
       3760.00       50.3746
       3770.00       51.5469
       3780.00       54.0878
       3790.00       53.2234
       3800.00       50.9240
       3810.00       54.8464
       3820.00       56.6718
       3830.00       50.4894
       3840.00       51.2839
       3850.00       57.7576
       3860.00       58.4937
       3870.00       56.5757
       3880.00       50.6142
       3890.00       47.7771
       3900.00       52.8092
       3910.00       56.5565
       3920.00       55.0168
       3930.00       54.3200
       3940.00       56.0218
       3950.00       55.1529
       3960.00       49.7644
       3970.00       45.5053
       3980.00       52.1944
       3990.00       55.9024
       4000.00       55.8310
       4010.00       54.9074
       4020.00       52.3555
       4030.00       53.1079
       4040.00       55.6168
       4050.00       56.5262
       4060.00       55.8817
       4070.00       54.4676
       4080.00       54.1330
       4090.00       50.6904
       4100.00       46.0304
       4110.00       49.1793
       4120.00       53.8398
       4130.00       54.0074
       4140.00       52.5226
       4150.00       52.3302
       4160.00       52.5660
       4170.00       52.8007
       4180.00       52.3472
       4190.00       52.4834
       4200.00       51.9351
       4210.00       52.0391
       4220.00       51.6241
       4230.00       50.4999
       4240.00       50.3162
       4250.00       50.1657
       4260.00       49.3096
       4270.00       49.1300
       4280.00       48.9194
       4290.00       48.5503
       4300.00       48.5646
       4310.00       47.7539
       4320.00       47.3901
       4330.00       41.5009
       4340.00       38.8844
       4350.00       43.6994
       4360.00       47.5199
       4370.00       47.3173
       4380.00       46.0852
       4390.00       45.3261
       4400.00       46.3731
       4410.00       46.5780
       4420.00       45.7610
       4430.00       45.3799
       4440.00       45.0004
       4450.00       45.2066
       4460.00       43.2042
       4470.00       41.2413
       4480.00       42.7976
       4490.00       42.9764
       4500.00       42.5770
       4510.00       42.7555
       4520.00       42.8727
       4530.00       42.0837
       4540.00       42.0513
       4550.00       41.0572
       4560.00       40.6372
       4570.00       40.1892
       4580.00       39.8327
       4590.00       39.9545
       4600.00       39.4514
       4610.00       39.2768
       4620.00       39.3694
       4630.00       38.8414
       4640.00       38.8755
       4650.00       38.9096
       4660.00       38.7967
       4670.00       38.9186
       4680.00       38.7770
       4690.00       38.8110
       4700.00       38.4084
       4710.00       37.3977
       4720.00       38.5353
       4730.00       38.8586
       4740.00       38.0842
       4750.00       38.2344
       4760.00       37.8380
       4770.00       37.5867
       4780.00       37.1361
       4790.00       36.6303
       4800.00       36.4400
       4810.00       35.9378
       4820.00       35.4660
       4830.00       35.5059
       4840.00       34.8109
       4850.00       31.3836
       4860.00       28.6177
       4870.00       30.9178
       4880.00       33.1243
       4890.00       33.6159
       4900.00       33.2403
       4910.00       32.5877
       4920.00       31.9100
       4930.00       32.2891
       4940.00       33.2480
       4950.00       32.9046
       4960.00       32.7279
       4970.00       32.7997
       4980.00       32.3493
       4990.00       32.5038
       5000.00       31.7823
       5010.00       31.6097
       5020.00       31.9554
       5030.00       32.0006
       5040.00       31.7743
       5050.00       31.7655
       5060.00       31.8649
       5070.00       31.6133
       5080.00       31.0126
       5090.00       30.8979
       5100.00       30.1670
       5110.00       30.0544
       5120.00       29.9423
       5130.00       29.6707
       5140.00       29.3469
       5150.00       29.5023
       5160.00       29.6307
       5170.00       29.5205
       5180.00       29.1467
       5190.00       28.5635
       5200.00       28.5086
       5210.00       28.1914
       5220.00       28.1112
       5230.00       27.7959
       5240.00       27.6124
       5250.00       27.4556
       5260.00       27.3514
       5270.00       27.5849
       5280.00       27.0406
       5290.00       27.0153
       5300.00       27.1450
       5310.00       26.8621
       5320.00       26.7602
       5330.00       26.9922
       5340.00       26.6343
       5350.00       26.3800
       5360.00       26.5094
       5370.00       26.6893
       5380.00       26.2838
       5390.00       26.1843
       5400.00       26.2877
       5410.00       25.9864
       5420.00       25.8627
       5430.00       25.2862
       5440.00       25.2397
       5450.00       24.7618
       5460.00       24.4685
       5470.00       24.7288
       5480.00       24.7211
       5490.00       24.1455
       5500.00       23.9872
       5510.00       24.0950
       5520.00       23.6773
       5530.00       23.2586
       5540.00       23.0956
       5550.00       23.1058
       5560.00       23.0888
       5570.00       23.0817
       5580.00       23.2855
       5590.00       23.2487
       5600.00       23.3097
       5610.00       23.4486
       5620.00       23.3704
       5630.00       23.7102
       5640.00       23.6367
       5650.00       23.5609
       5660.00       23.4903
       5670.00       23.4175
       5680.00       23.3474
       5690.00       23.2751
       5700.00       23.2055
       5710.00       23.1337
       5720.00       23.0646
       5730.00       22.9933
       5740.00       22.9247
       5760.00       22.3109
       5780.00       22.0207
       5800.00       21.9967
       5820.00       21.6109
       5840.00       21.2114
       5860.00       20.9406
       5880.00       20.7787
       5900.00       20.7083
       5920.00       20.5829
       5940.00       20.0186
       5960.00       19.8940
       5980.00       19.7634
       6000.00       19.5198
       6020.00       19.3959
       6040.00       19.3701
       6060.00       19.2250
       6080.00       19.2337
       6100.00       19.1908
       6120.00       19.0164
       6140.00       18.4422
       6160.00       18.1336
       6180.00       18.1325
       6200.00       18.1446
       6220.00       18.0576
       6240.00       17.8792
       6260.00       17.6277
       6280.00       17.4256
       6300.00       17.6069
       6320.00       17.4149
       6340.00       17.2305
       6360.00       17.1484
       6380.00       16.9617
       6400.00       16.7036
       6420.00       16.5493
       6440.00       16.2664
       6460.00       16.0340
       6480.00       15.9149
       6500.00       15.8533
       6520.00       15.5215
       6540.00       14.7777
       6560.00       14.3240
       6580.00       15.2449
       6600.00       15.6172
       6620.00       15.3077
       6640.00       14.9815
       6660.00       14.5874
       6680.00       14.4434
       6700.00       14.4248
       6720.00       14.0847
       6740.00       14.1728
       6760.00       13.8841
       6780.00       13.9117
       6800.00       14.0900
       6820.00       14.0026
       6840.00       14.0216
       6860.00       13.4903
       6880.00       13.4133
       6900.00       13.6063
       6920.00       13.7152
       6940.00       13.4648
       6960.00       13.6993
       6980.00       13.2055
       7000.00       13.2303
       7020.00       13.2296
       7040.00       13.2075
       7060.00       12.9784
       7080.00       12.8973
       7100.00       12.9765
       7120.00       12.6327
       7140.00       12.4958
       7160.00       12.1668
       7180.00       12.2110
       7200.00       12.1619
       7220.00       11.9842
       7240.00       11.7018
       7260.00       11.5999
       7280.00       11.6112
       7300.00       11.6862
       7320.00       11.8299
       7340.00       11.4678
       7360.00       11.4608
       7380.00       11.2056
       7400.00       11.3157
       7420.00       11.1709
       7440.00       10.9277
       7460.00       10.8104
       7480.00       10.7047
       7500.00       10.7527
       7520.00       10.9187
       7540.00       10.6830
       7560.00       10.7144
       7580.00       9.22659
       7600.00       8.20902
       7620.00       10.3537
       7640.00       10.3588
       7660.00       10.1264
       7680.00       9.33972
       7700.00       9.62094
       7720.00       9.61551
       7740.00       9.42104
       7760.00       9.52893
       7780.00       9.47104
       7800.00       9.24863
       7820.00       9.24771
       7840.00       9.12818
       7860.00       9.13975
       7880.00       8.92044
       7900.00       8.76630
       7920.00       8.84258
       7940.00       8.89782
       7960.00       8.93044
       7980.00       8.70926
       8000.00       8.81912
       8020.00       8.73915
       8040.00       8.97765
       8060.00       8.89599
       8080.00       8.76396
       8100.00       8.45023
       8120.00       8.36710
       8140.00       8.37175
       8160.00       8.03783
       8180.00       8.43446
       8200.00       8.21543
       8220.00       8.05735
       8240.00       8.41454
       8260.00       8.13423
       8280.00       7.90482
       8300.00       8.17411
       8320.00       7.84216
       8340.00       7.91682
       8360.00       7.88152
       8380.00       7.71257
       8400.00       8.05727
       8420.00       7.30399
       8440.00       7.44062
       8460.00       7.41818
       8480.00       7.42810
       8500.00       7.75493
       8520.00       7.11233
       8540.00       7.67537
       8560.00       7.55039
       8580.00       6.97493
       8600.00       7.17338
       8620.00       7.74692
       8640.00       7.17341
       8660.00       7.28634
       8680.00       7.43183
       8700.00       7.75113
       8720.00       7.10603
       8740.00       7.06161
       8760.00       7.18443
       8780.00       7.43752
       8800.00       7.48589
       8820.00       7.35728
       8840.00       6.76669
       8860.00       6.82241
       8880.00       7.03652
       8900.00       7.14363
       8920.00       7.26866
       8940.00       6.88068
       8960.00       6.98743
       8980.00       6.67033
       9000.00       6.30754
       9020.00       6.71201
       9040.00       6.90139
       9060.00       6.73521
       9080.00       6.51253
       9100.00       6.70410
       9120.00       6.66241
       9140.00       6.76004
       9160.00       6.39443
       9180.00       6.44307
       9200.00       6.11542
       9220.00       5.85296
       9240.00       6.05934
       9260.00       5.88380
       9280.00       6.26606
       9300.00       5.87761
       9320.00       5.24137
       9340.00       5.90954
       9360.00       6.05617
       9380.00       6.02722
       9400.00       6.07550
       9420.00       5.39043
       9440.00       5.30658
       9460.00       5.52666
       9480.00       5.48759
       9500.00       5.36951
       9520.00       4.79224
       9540.00       5.16781
       9560.00       5.61333
       9580.00       5.45886
       9600.00       5.26942
       9620.00       5.64656
       9640.00       5.69868
       9660.00       5.74776
       9680.00       5.70763
       9700.00       5.43926
       9720.00       5.60253
       9740.00       5.37761
       9760.00       5.64823
       9780.00       5.53460
       9800.00       5.49959
       9820.00       5.66525
       9840.00       5.66763
       9860.00       5.38706
       9880.00       5.56856
       9900.00       5.58908
       9920.00       5.83974
       9940.00       5.28042
       9960.00       5.30826
       9980.00       5.29899
       10000.0       5.32532
       10020.0       4.63909
       10040.0       4.64211
       10060.0       5.03663
       10080.0       5.15009
       10100.0       5.04105
       10120.0       4.93785
       10140.0       4.90653
       10160.0       5.06916
       10180.0       4.83889
       10200.0       4.96213
       10220.0       4.98855
       10240.0       4.69034
       10260.0       4.77850
       10280.0       4.65080
       10300.0       4.56078
       10320.0       4.59037
       10340.0       4.38178
       10360.0       4.47628
       10380.0       4.82075
       10400.0       4.45118
       10420.0       4.56207
       10440.0       4.39221
       10460.0       4.64398
       10480.0       4.68732
       10500.0       4.74612
       10520.0       4.63570
       10540.0       4.53478
       10560.0       4.26848
       10580.0       4.31470
       10600.0       3.93112
       10620.0       4.09627
