       3160.00       0.00000
       3170.00       0.00000
       3180.00       0.00000
       3190.00       0.00000
       3200.00       0.00000
       3210.00   0.000217017
       3220.00   0.000403585
       3230.00    0.00133107
       3240.00    0.00160947
       3250.00   0.000172568
       3260.00    0.00100738
       3270.00    0.00180444
       3280.00   0.000159779
       3290.00   0.000859748
       3300.00    0.00119958
       3310.00   0.000396813
       3320.00       0.00000
       3330.00   0.000930864
       3340.00   0.000406522
       3350.00   0.000401157
       3360.00   0.000692303
       3370.00   0.000488539
       3380.00   0.000386023
       3390.00   0.000477452
       3400.00   0.000943146
       3410.00   0.000377784
       3420.00       0.00000
       3430.00   0.000572748
       3440.00   0.000191970
       3450.00   0.000773515
       3460.00    0.00106045
       3470.00   0.000379518
       3480.00    0.00115027
       3490.00   0.000442351
       3500.00   0.000513360
       3510.00   0.000909874
       3520.00   0.000131673
       3530.00    0.00158880
       3540.00   0.000532605
       3550.00   0.000535268
       3560.00    0.00242245
       3570.00   0.000949854
       3580.00   0.000960556
       3590.00   0.000554970
       3600.00    0.00126212
       3610.00   0.000852885
       3620.00   0.000474010
       3630.00   0.000339801
       3640.00   0.000447525
       3650.00   0.000866640
       3660.00   0.000437242
       3670.00       0.00000
       3680.00   0.000865007
       3690.00   0.000706715
       3700.00   0.000831905
       3710.00   0.000136481
       3720.00       0.00000
       3730.00   0.000671171
       3740.00    0.00174642
       3750.00   0.000806441
       3760.00   0.000941158
       3770.00    0.00160548
       3780.00   0.000828326
       3790.00    0.00106284
       3800.00   0.000940859
       3810.00   0.000697233
       3820.00    0.00180770
       3830.00    0.00239443
       3840.00    0.00122534
       3850.00    0.00100450
       3860.00   0.000394995
       3870.00   0.000875773
       3880.00    0.00105274
       3890.00   0.000943671
       3900.00   0.000559669
       3910.00   0.000552235
       3920.00    0.00208933
       3930.00    0.00258787
       3940.00    0.00238936
       3950.00    0.00139236
       3960.00    0.00195891
       3970.00    0.00274134
       3980.00    0.00308609
       3990.00    0.00252935
       4000.00    0.00182827
       4010.00    0.00129153
       4020.00    0.00203238
       4030.00   0.000835610
       4040.00    0.00113068
       4050.00    0.00115472
       4060.00    0.00154839
       4070.00    0.00137522
       4080.00    0.00173170
       4090.00    0.00146903
       4100.00    0.00216891
       4110.00    0.00215517
       4120.00    0.00161805
       4130.00    0.00113004
       4140.00    0.00190124
       4150.00    0.00133887
       4160.00    0.00135843
       4170.00    0.00131806
       4180.00    0.00127893
       4190.00    0.00136903
       4200.00    0.00102655
       4210.00    0.00153019
       4220.00    0.00114919
       4230.00   0.000728904
       4240.00    0.00114972
       4250.00    0.00113638
       4260.00    0.00117636
       4270.00    0.00133911
       4280.00    0.00138513
       4290.00    0.00143884
       4300.00    0.00125739
       4310.00    0.00168931
       4320.00    0.00185522
       4330.00    0.00250941
       4340.00    0.00265384
       4350.00    0.00308137
       4360.00    0.00204555
       4370.00    0.00214232
       4380.00    0.00232795
       4390.00    0.00180287
       4400.00    0.00207239
       4410.00    0.00307493
       4420.00    0.00332757
       4430.00    0.00223103
       4440.00    0.00336740
       4450.00    0.00350438
       4460.00    0.00346729
       4470.00    0.00398459
       4480.00    0.00414450
       4490.00    0.00487482
       4500.00    0.00441390
       4510.00    0.00508064
       4520.00    0.00505017
       4530.00    0.00548036
       4540.00    0.00562912
       4550.00    0.00580589
       4560.00    0.00643176
       4570.00    0.00734781
       4580.00    0.00634673
       4590.00    0.00626094
       4600.00    0.00621709
       4610.00    0.00712001
       4620.00    0.00683366
       4630.00    0.00659924
       4640.00    0.00598178
       4650.00    0.00678770
       4660.00    0.00722082
       4670.00    0.00663206
       4680.00    0.00607553
       4690.00    0.00701153
       4700.00    0.00738316
       4710.00    0.00734902
       4720.00    0.00756919
       4730.00    0.00797403
       4740.00    0.00799572
       4750.00    0.00826803
       4760.00    0.00638248
       4770.00    0.00535770
       4780.00    0.00630668
       4790.00    0.00722266
       4800.00    0.00589648
       4810.00    0.00575229
       4820.00    0.00627237
       4830.00    0.00705126
       4840.00    0.00678166
       4850.00    0.00710463
       4860.00    0.00907178
       4870.00    0.00804645
       4880.00    0.00921807
       4890.00    0.00858593
       4900.00    0.00954943
       4910.00    0.00911572
       4920.00     0.0114081
       4930.00     0.0126087
       4940.00     0.0122383
       4950.00     0.0110615
       4960.00    0.00783735
       4970.00    0.00777961
       4980.00    0.00891252
       4990.00    0.00902706
       5000.00    0.00824579
       5010.00    0.00806277
       5020.00    0.00788913
       5030.00    0.00921277
       5040.00     0.0107450
       5050.00     0.0105189
       5060.00    0.00997415
       5070.00     0.0101739
       5080.00     0.0108076
       5090.00     0.0109400
       5100.00     0.0108385
       5110.00     0.0116032
       5120.00     0.0113089
       5130.00     0.0122425
       5140.00     0.0120326
       5150.00     0.0122642
       5160.00     0.0121477
       5170.00    0.00875480
       5180.00    0.00705812
       5190.00    0.00856363
       5200.00    0.00974573
       5210.00     0.0105529
       5220.00     0.0127591
       5230.00     0.0146046
       5240.00     0.0140873
       5250.00     0.0139297
       5260.00     0.0139759
       5270.00     0.0142479
       5280.00     0.0152301
       5290.00     0.0147675
       5300.00     0.0162469
       5310.00     0.0162098
       5320.00     0.0156859
       5330.00     0.0161979
       5340.00     0.0168806
       5350.00     0.0176289
       5360.00     0.0186015
       5370.00     0.0183564
       5380.00     0.0199703
       5390.00     0.0206751
       5400.00     0.0207656
       5410.00     0.0210807
       5420.00     0.0221324
       5430.00     0.0221237
       5440.00     0.0219871
       5450.00     0.0173054
       5460.00     0.0142998
       5470.00     0.0150619
       5480.00     0.0156403
       5490.00     0.0164668
       5500.00     0.0134245
       5510.00     0.0115212
       5520.00    0.00955398
       5530.00    0.00903055
       5540.00    0.00866121
       5550.00    0.00805200
       5560.00     0.0102951
       5570.00     0.0125426
       5580.00     0.0143272
       5590.00     0.0159857
       5600.00     0.0151515
       5610.00     0.0148518
       5620.00     0.0145439
       5630.00     0.0138047
       5640.00     0.0144923
       5650.00     0.0146374
       5660.00     0.0166019
       5670.00     0.0154382
       5680.00     0.0167577
       5690.00     0.0179963
       5700.00     0.0191085
       5710.00     0.0188619
       5720.00     0.0188137
       5730.00     0.0196152
       5740.00     0.0202928
       5760.00     0.0206147
       5780.00     0.0206787
       5800.00     0.0228705
       5820.00     0.0230160
       5840.00     0.0191118
       5860.00     0.0159611
       5880.00     0.0126102
       5900.00     0.0105549
       5920.00     0.0113591
       5940.00     0.0131135
       5960.00     0.0151829
       5980.00     0.0143631
       6000.00     0.0154728
       6020.00     0.0169231
       6040.00     0.0191985
       6060.00     0.0212007
       6080.00     0.0205591
       6100.00     0.0223157
       6120.00     0.0207940
       6140.00     0.0175834
       6160.00     0.0155507
       6180.00     0.0135424
       6200.00     0.0129127
       6220.00     0.0120005
       6240.00     0.0125513
       6260.00     0.0136263
       6280.00     0.0162778
       6300.00     0.0194135
       6320.00     0.0232307
       6340.00     0.0288885
       6360.00     0.0298500
       6380.00     0.0294703
       6400.00     0.0329232
       6420.00     0.0364899
       6440.00     0.0388062
       6460.00     0.0412562
       6480.00     0.0442678
       6500.00     0.0470737
       6520.00     0.0567285
       6540.00     0.0604361
       6560.00     0.0634586
       6580.00     0.0560131
       6600.00     0.0470849
       6620.00     0.0447892
       6640.00     0.0411065
       6660.00     0.0381508
       6680.00     0.0346012
       6700.00     0.0334600
       6720.00     0.0315495
       6740.00     0.0317267
       6760.00     0.0332402
       6780.00     0.0334242
       6800.00     0.0332875
       6820.00     0.0365420
       6840.00     0.0379221
       6860.00     0.0389899
       6880.00     0.0391925
       6900.00     0.0431984
       6920.00     0.0494423
       6940.00     0.0565144
       6960.00     0.0620221
       6980.00     0.0661783
       7000.00     0.0719002
       7020.00     0.0811061
       7040.00     0.0915068
       7060.00     0.0780856
       7080.00     0.0574350
       7100.00     0.0528289
       7120.00     0.0506417
       7140.00     0.0481623
       7160.00     0.0508929
       7180.00     0.0567682
       7200.00     0.0605584
       7220.00     0.0647731
       7240.00     0.0776690
       7260.00     0.0906376
       7280.00      0.103750
       7300.00      0.118124
       7320.00      0.134426
       7340.00      0.145784
       7360.00      0.161215
       7380.00      0.172556
       7400.00      0.177846
       7420.00      0.185098
       7440.00      0.187171
       7460.00      0.194010
       7480.00      0.204067
       7500.00      0.212099
       7520.00      0.218818
       7540.00      0.221926
       7560.00      0.225364
       7580.00      0.236581
       7600.00      0.224978
       7620.00      0.212752
       7640.00      0.171235
       7660.00      0.124828
       7680.00     0.0962750
       7700.00      0.104458
       7720.00      0.119917
       7740.00      0.133534
       7760.00      0.133525
       7780.00      0.138098
       7800.00      0.147774
       7820.00      0.159401
       7840.00      0.164095
       7860.00      0.171751
       7880.00      0.182456
       7900.00      0.183205
       7920.00      0.188669
       7940.00      0.194215
       7960.00      0.203992
       7980.00      0.218295
       8000.00      0.230680
       8020.00      0.243328
       8040.00      0.260778
       8060.00      0.279220
       8080.00      0.294774
       8100.00      0.309714
       8120.00      0.324795
       8140.00      0.337132
       8160.00      0.322776
       8180.00      0.299459
       8200.00      0.293110
       8220.00      0.334062
       8240.00      0.342640
       8260.00      0.356228
       8280.00      0.336680
       8300.00      0.316180
       8320.00      0.317509
       8340.00      0.316018
       8360.00      0.320461
       8380.00      0.325091
       8400.00      0.331767
       8420.00      0.320139
       8440.00      0.287247
       8460.00      0.256360
       8480.00      0.251450
       8500.00      0.271311
       8520.00      0.260064
       8540.00      0.287141
       8560.00      0.297031
       8580.00      0.307280
       8600.00      0.318897
       8620.00      0.328443
       8640.00      0.330298
       8660.00      0.340577
       8680.00      0.329077
       8700.00      0.322925
       8720.00      0.322683
       8740.00      0.351284
       8760.00      0.361497
       8780.00      0.366119
       8800.00      0.389981
       8820.00      0.382198
       8840.00      0.379367
       8860.00      0.377824
       8880.00      0.347116
       8900.00      0.358936
       8920.00      0.379473
       8940.00      0.384749
       8960.00      0.387189
       8980.00      0.408978
       9000.00      0.410966
       9020.00      0.426053
       9040.00      0.442034
       9060.00      0.430600
       9080.00      0.422759
       9100.00      0.437113
       9120.00      0.452549
       9140.00      0.444806
       9160.00      0.457215
       9180.00      0.472506
       9200.00      0.484895
       9220.00      0.486483
       9240.00      0.456643
       9260.00      0.448523
       9280.00      0.482120
       9300.00      0.473232
       9320.00      0.480611
       9340.00      0.513179
       9360.00      0.470384
       9380.00      0.462802
       9400.00      0.482994
       9420.00      0.465450
       9440.00      0.481408
       9460.00      0.476990
       9480.00      0.496890
       9500.00      0.482942
       9520.00      0.503020
       9540.00      0.512535
       9560.00      0.520283
       9580.00      0.513389
       9600.00      0.511143
       9620.00      0.511074
       9640.00      0.521105
       9660.00      0.522455
       9680.00      0.538617
       9700.00      0.518509
       9720.00      0.548385
       9740.00      0.539226
       9760.00      0.539190
       9780.00      0.543509
       9800.00      0.547012
       9820.00      0.563956
       9840.00      0.558393
       9860.00      0.542979
       9880.00      0.540120
       9900.00      0.477917
       9920.00      0.427532
       9940.00      0.479842
       9960.00      0.497991
       9980.00      0.508229
       10000.0      0.520078
       10020.0      0.532747
       10040.0      0.531599
       10060.0      0.551885
       10080.0      0.566485
       10100.0      0.564932
       10120.0      0.566736
       10140.0      0.571105
       10160.0      0.563821
       10180.0      0.561432
       10200.0      0.538770
       10220.0      0.551325
       10240.0      0.549739
       10260.0      0.538331
       10280.0      0.541427
       10300.0      0.557507
       10320.0      0.559207
       10340.0      0.565439
       10360.0      0.584988
       10380.0      0.588299
       10400.0      0.595275
       10420.0      0.608565
       10440.0      0.614560
       10460.0      0.640559
       10480.0      0.596869
       10500.0      0.620568
       10520.0      0.631122
       10540.0      0.627862
       10560.0      0.622228
       10580.0      0.620230
       10600.0      0.607907
       10620.0      0.629927
