       3160.00       9.15223
       3170.00       8.90007
       3180.00       9.09948
       3190.00       9.23767
       3200.00       9.52206
       3210.00       9.60206
       3220.00       9.49975
       3230.00       9.38980
       3240.00       9.71508
       3250.00       9.32848
       3260.00       9.40197
       3270.00       9.19771
       3280.00       9.11018
       3290.00       9.07086
       3300.00       9.13729
       3310.00       8.94670
       3320.00       9.07648
       3330.00       9.04692
       3340.00       9.18021
       3350.00       9.27273
       3360.00       9.14720
       3370.00       9.09395
       3380.00       9.15081
       3390.00       9.07190
       3400.00       9.03396
       3410.00       8.72921
       3420.00       8.93191
       3430.00       8.80771
       3440.00       8.79434
       3450.00       8.99286
       3460.00       8.97019
       3470.00       8.89141
       3480.00       8.75812
       3490.00       8.77688
       3500.00       8.97043
       3510.00       8.82824
       3520.00       8.83685
       3530.00       8.85084
       3540.00       8.99336
       3550.00       8.70829
       3560.00       8.72252
       3570.00       8.62949
       3580.00       8.57333
       3590.00       8.51641
       3600.00       8.43217
       3610.00       8.33992
       3620.00       8.38241
       3630.00       8.30451
       3640.00       8.22494
       3650.00       8.21394
       3660.00       8.15909
       3670.00       8.16605
       3680.00       8.06068
       3690.00       8.13319
       3700.00       8.34594
       3710.00       8.53280
       3720.00       8.90481
       3730.00       9.22456
       3740.00       9.77278
       3750.00       10.0956
       3760.00       10.5318
       3770.00       10.6459
       3780.00       11.7818
       3790.00       11.6396
       3800.00       11.1257
       3810.00       12.4823
       3820.00       12.9705
       3830.00       11.1984
       3840.00       11.1294
       3850.00       13.0185
       3860.00       13.9165
       3870.00       13.5642
       3880.00       11.8233
       3890.00       10.4749
       3900.00       11.8313
       3910.00       13.4645
       3920.00       13.6156
       3930.00       13.8731
       3940.00       13.9835
       3950.00       13.7156
       3960.00       12.1158
       3970.00       10.6782
       3980.00       12.3241
       3990.00       14.0576
       4000.00       14.2998
       4010.00       14.1497
       4020.00       13.8099
       4030.00       13.6712
       4040.00       13.8552
       4050.00       13.6604
       4060.00       13.6173
       4070.00       13.3394
       4080.00       12.8848
       4090.00       11.5997
       4100.00       10.1530
       4110.00       10.9847
       4120.00       12.3975
       4130.00       12.7380
       4140.00       13.0584
       4150.00       13.0731
       4160.00       13.1060
       4170.00       13.1113
       4180.00       13.1898
       4190.00       13.0670
       4200.00       13.0632
       4210.00       12.9504
       4220.00       12.9469
       4230.00       12.8349
       4240.00       12.8407
       4250.00       12.6394
       4260.00       12.6098
       4270.00       12.5534
       4280.00       12.5330
       4290.00       12.4592
       4300.00       12.2611
       4310.00       12.1084
       4320.00       11.6021
       4330.00       10.3029
       4340.00       9.19484
       4350.00       10.4666
       4360.00       11.7940
       4370.00       11.7846
       4380.00       11.6878
       4390.00       11.5391
       4400.00       11.5042
       4410.00       11.5389
       4420.00       11.4608
       4430.00       11.3399
       4440.00       11.2799
       4450.00       11.2804
       4460.00       10.9205
       4470.00       10.5280
       4480.00       10.4789
       4490.00       10.8476
       4500.00       10.9425
       4510.00       10.8079
       4520.00       10.6571
       4530.00       10.7264
       4540.00       10.5933
       4550.00       10.5868
       4560.00       10.5887
       4570.00       10.5405
       4580.00       10.5174
       4590.00       10.4945
       4600.00       10.4468
       4610.00       10.4739
       4620.00       10.4926
       4630.00       10.3791
       4640.00       10.4309
       4650.00       10.3509
       4660.00       10.3205
       4670.00       10.1837
       4680.00       10.1946
       4690.00       10.1729
       4700.00       10.0210
       4710.00       10.0728
       4720.00       10.0677
       4730.00       9.90079
       4740.00       9.94448
       4750.00       9.82689
       4760.00       9.82232
       4770.00       9.82579
       4780.00       9.73320
       4790.00       9.59306
       4800.00       9.61293
       4810.00       9.53727
       4820.00       9.50160
       4830.00       9.37895
       4840.00       8.98013
       4850.00       7.97552
       4860.00       7.24350
       4870.00       7.95063
       4880.00       8.93005
       4890.00       9.06827
       4900.00       9.10442
       4910.00       8.96899
       4920.00       8.85744
       4930.00       8.95589
       4940.00       8.98423
       4950.00       8.96608
       4960.00       8.94029
       4970.00       8.89921
       4980.00       8.99658
       4990.00       8.84820
       5000.00       8.75399
       5010.00       8.71360
       5020.00       8.72673
       5030.00       8.68656
       5040.00       8.69210
       5050.00       8.71277
       5060.00       8.61994
       5070.00       8.60294
       5080.00       8.47303
       5090.00       8.37370
       5100.00       8.30476
       5110.00       8.28102
       5120.00       8.33210
       5130.00       8.29349
       5140.00       8.25502
       5150.00       8.20185
       5160.00       8.11180
       5170.00       8.05171
       5180.00       7.96230
       5190.00       7.91010
       5200.00       7.80660
       5210.00       7.78427
       5220.00       7.70339
       5230.00       7.65940
       5240.00       7.66669
       5250.00       7.65937
       5260.00       7.69573
       5270.00       7.65208
       5280.00       7.63759
       5290.00       7.63039
       5300.00       7.70262
       5310.00       7.50798
       5320.00       7.51544
       5330.00       7.49416
       5340.00       7.47296
       5350.00       7.46615
       5360.00       7.45935
       5370.00       7.25309
       5380.00       7.23250
       5390.00       7.21198
       5400.00       7.19863
       5410.00       7.17118
       5420.00       7.02382
       5430.00       7.04471
       5440.00       6.94525
       5450.00       6.94163
       5460.00       6.97237
       5470.00       6.90017
       5480.00       6.90503
       5490.00       6.88757
       5500.00       6.83679
       5510.00       6.80841
       5520.00       6.76558
       5530.00       6.83568
       5540.00       6.86201
       5550.00       6.82070
       5560.00       6.80086
       5570.00       6.79140
       5580.00       6.83339
       5590.00       6.74451
       5600.00       6.69011
       5610.00       6.61953
       5620.00       6.43551
       5630.00       6.31603
       5640.00       6.30754
       5650.00       6.29909
       5660.00       6.29066
       5670.00       6.28227
       5680.00       6.27390
       5690.00       6.26556
       5700.00       6.25726
       5710.00       6.24898
       5720.00       6.24073
       5730.00       6.23184
       5740.00       6.22365
       5760.00       6.04395
       5780.00       6.14351
       5800.00       6.11045
       5820.00       6.06776
       5840.00       6.03912
       5860.00       5.95779
       5880.00       5.93297
       5900.00       5.93815
       5920.00       5.92649
       5940.00       5.88785
       5960.00       5.89313
       5980.00       5.84527
       6000.00       5.82196
       6020.00       5.74605
       6040.00       5.70169
       6060.00       5.60900
       6080.00       5.56475
       6100.00       5.54588
       6120.00       5.48962
       6140.00       5.42064
       6160.00       5.36764
       6180.00       5.32365
       6200.00       5.26945
       6220.00       5.26112
       6240.00       5.20440
       6260.00       5.12176
       6280.00       5.05610
       6300.00       5.01333
       6320.00       4.93632
       6340.00       4.90385
       6360.00       4.85113
       6380.00       4.84372
       6400.00       4.81125
       6420.00       4.82069
       6440.00       4.78968
       6460.00       4.73813
       6480.00       4.71820
       6500.00       4.78785
       6520.00       4.72387
       6540.00       4.46138
       6560.00       4.42270
       6580.00       4.59823
       6600.00       4.81907
       6620.00       4.78082
       6640.00       4.74740
       6660.00       4.61480
       6680.00       4.60843
       6700.00       4.60096
       6720.00       4.53887
       6740.00       4.50951
       6760.00       4.45202
       6780.00       4.37850
       6800.00       4.31780
       6820.00       4.28382
       6840.00       4.31549
       6860.00       4.18522
       6880.00       4.06906
       6900.00       4.15985
       6920.00       4.17713
       6940.00       4.06641
       6960.00       4.08881
       6980.00       4.02118
       7000.00       3.94629
       7020.00       3.91870
       7040.00       3.86409
       7060.00       3.80220
       7080.00       3.79416
       7100.00       3.80503
       7120.00       3.76263
       7140.00       3.69958
       7160.00       3.69780
       7180.00       3.67204
       7200.00       3.67141
       7220.00       3.66972
       7240.00       3.61413
       7260.00       3.62525
       7280.00       3.66785
       7300.00       3.70654
       7320.00       3.72621
       7340.00       3.61650
       7360.00       3.63630
       7380.00       3.58290
       7400.00       3.60062
       7420.00       3.49655
       7440.00       3.46761
       7460.00       3.45113
       7480.00       3.38922
       7500.00       3.32151
       7520.00       3.35338
       7540.00       3.37291
       7560.00       3.36196
       7580.00       3.09617
       7600.00       2.74116
       7620.00       3.28025
       7640.00       3.33326
       7660.00       3.25014
       7680.00       3.02297
       7700.00       3.15922
       7720.00       3.16739
       7740.00       3.14289
       7760.00       3.13824
       7780.00       2.92953
       7800.00       2.94801
       7820.00       2.95369
       7840.00       2.85245
       7860.00       2.80722
       7880.00       2.78990
       7900.00       2.76541
       7920.00       2.79707
       7940.00       2.78954
       7960.00       2.81378
       7980.00       2.76309
       8000.00       2.83223
       8020.00       2.79511
       8040.00       2.80243
       8060.00       2.85861
       8080.00       2.80845
       8100.00       2.72121
       8120.00       2.76540
       8140.00       2.77600
       8160.00       2.67917
       8180.00       2.69460
       8200.00       2.72396
       8220.00       2.62424
       8240.00       2.71120
       8260.00       2.70556
       8280.00       2.68886
       8300.00       2.74415
       8320.00       2.78768
       8340.00       2.71768
       8360.00       2.66358
       8380.00       2.72663
       8400.00       2.74974
       8420.00       2.64824
       8440.00       2.64196
       8460.00       2.61084
       8480.00       2.68816
       8500.00       2.64357
       8520.00       2.61446
       8540.00       2.55592
       8560.00       2.47218
       8580.00       2.42807
       8600.00       2.49360
       8620.00       2.51134
       8640.00       2.55734
       8660.00       2.50372
       8680.00       2.67735
       8700.00       2.59203
       8720.00       2.48517
       8740.00       2.43177
       8760.00       2.55463
       8780.00       2.68782
       8800.00       2.80910
       8820.00       2.77930
       8840.00       2.46702
       8860.00       2.29735
       8880.00       2.47271
       8900.00       2.47446
       8920.00       2.45261
       8940.00       2.40561
       8960.00       2.39170
       8980.00       2.26878
       9000.00       2.13196
       9020.00       2.29435
       9040.00       2.50640
       9060.00       2.40965
       9080.00       2.47260
       9100.00       2.48230
       9120.00       2.51881
       9140.00       2.36051
       9160.00       2.36037
       9180.00       2.44650
       9200.00       2.26443
       9220.00       2.17777
       9240.00       2.19997
       9260.00       2.27910
       9280.00       2.32366
       9300.00       2.24708
       9320.00       2.13470
       9340.00       2.28456
       9360.00       2.22164
       9380.00       2.24668
       9400.00       2.41285
       9420.00       2.12341
       9440.00       1.95679
       9460.00       2.17187
       9480.00       2.10150
       9500.00       1.93034
       9520.00       1.95964
       9540.00       1.94190
       9560.00       1.96785
       9580.00       2.09474
       9600.00       2.05451
       9620.00       2.02796
       9640.00       2.13330
       9660.00       2.04491
       9680.00       2.00077
       9700.00       2.10353
       9720.00       1.97482
       9740.00       2.10472
       9760.00       2.08276
       9780.00       2.02373
       9800.00       2.00828
       9820.00       2.05601
       9840.00       2.00945
       9860.00       2.04301
       9880.00       1.99473
       9900.00       2.00500
       9920.00       1.95699
       9940.00       1.95883
       9960.00       1.99177
       9980.00       1.99698
       10000.0       1.89045
       10020.0       1.81794
       10040.0       1.65351
       10060.0       1.79398
       10080.0       1.87089
       10100.0       1.89067
       10120.0       1.94289
       10140.0       1.91264
       10160.0       1.92921
       10180.0       1.90062
       10200.0       1.91527
       10220.0       1.95083
       10240.0       2.01689
       10260.0       1.91824
       10280.0       1.88474
       10300.0       1.80753
       10320.0       1.90894
       10340.0       1.85493
       10360.0       1.79890
       10380.0       1.99374
       10400.0       1.91339
       10420.0       1.93138
       10440.0       1.79245
       10460.0       1.77732
       10480.0       1.85205
       10500.0       1.79532
       10520.0       1.85192
       10540.0       1.89523
       10560.0       1.85650
       10580.0       1.72859
       10600.0       1.76973
       10620.0       1.76567
