       3160.00       3.25929
       3170.00       3.21939
       3180.00       3.05660
       3190.00       3.30772
       3200.00       3.16767
       3210.00       3.20806
       3220.00       3.28829
       3230.00       3.17639
       3240.00       3.19828
       3250.00       3.03454
       3260.00       3.05448
       3270.00       3.15862
       3280.00       3.02333
       3290.00       3.09127
       3300.00       3.03301
       3310.00       2.98928
       3320.00       2.99530
       3330.00       3.04841
       3340.00       3.05070
       3350.00       3.01620
       3360.00       2.98802
       3370.00       2.96174
       3380.00       3.00418
       3390.00       2.96806
       3400.00       2.99945
       3410.00       2.90076
       3420.00       2.89914
       3430.00       2.93602
       3440.00       2.83283
       3450.00       2.94621
       3460.00       2.93260
       3470.00       2.90133
       3480.00       2.92165
       3490.00       2.91916
       3500.00       2.98835
       3510.00       2.96688
       3520.00       2.94053
       3530.00       2.91849
       3540.00       2.91273
       3550.00       2.86776
       3560.00       2.86423
       3570.00       2.86730
       3580.00       2.81013
       3590.00       2.81783
       3600.00       2.80715
       3610.00       2.78800
       3620.00       2.79893
       3630.00       2.74435
       3640.00       2.72996
       3650.00       2.76267
       3660.00       2.77355
       3670.00       2.71084
       3680.00       2.67119
       3690.00       2.68303
       3700.00       2.69323
       3710.00       2.66778
       3720.00       2.79269
       3730.00       2.86818
       3740.00       2.99385
       3750.00       3.20528
       3760.00       3.30949
       3770.00       3.44077
       3780.00       3.84142
       3790.00       3.83632
       3800.00       3.64983
       3810.00       4.33473
       3820.00       4.57680
       3830.00       3.77979
       3840.00       3.70463
       3850.00       4.57923
       3860.00       5.00055
       3870.00       4.90045
       3880.00       4.07886
       3890.00       3.48394
       3900.00       4.02785
       3910.00       4.85782
       3920.00       5.05496
       3930.00       5.03837
       3940.00       5.04792
       3950.00       4.84576
       3960.00       4.04461
       3970.00       3.45623
       3980.00       4.16801
       3990.00       4.95893
       4000.00       5.25454
       4010.00       5.27070
       4020.00       5.18097
       4030.00       5.13172
       4040.00       5.26787
       4050.00       5.25486
       4060.00       5.25637
       4070.00       5.19660
       4080.00       4.93941
       4090.00       4.25315
       4100.00       3.57309
       4110.00       3.97194
       4120.00       4.75974
       4130.00       5.06784
       4140.00       5.06268
       4150.00       5.06109
       4160.00       5.04892
       4170.00       4.99460
       4180.00       5.00371
       4190.00       4.96376
       4200.00       4.91702
       4210.00       4.86354
       4220.00       4.93195
       4230.00       4.86135
       4240.00       4.79453
       4250.00       4.77635
       4260.00       4.81678
       4270.00       4.76772
       4280.00       4.74972
       4290.00       4.65318
       4300.00       4.67988
       4310.00       4.53290
       4320.00       4.24400
       4330.00       3.53640
       4340.00       3.13724
       4350.00       3.72582
       4360.00       4.24879
       4370.00       4.43710
       4380.00       4.37339
       4390.00       4.37345
       4400.00       4.32351
       4410.00       4.39685
       4420.00       4.37031
       4430.00       4.32734
       4440.00       4.29777
       4450.00       4.30459
       4460.00       4.20615
       4470.00       4.06877
       4480.00       4.05314
       4490.00       4.14211
       4500.00       4.15898
       4510.00       4.11073
       4520.00       4.05945
       4530.00       4.07640
       4540.00       4.01250
       4550.00       4.02624
       4560.00       4.04314
       4570.00       4.07923
       4580.00       4.07673
       4590.00       4.06146
       4600.00       4.00799
       4610.00       4.00247
       4620.00       4.06683
       4630.00       4.04854
       4640.00       3.98924
       4650.00       4.00274
       4660.00       3.89343
       4670.00       3.88824
       4680.00       3.91440
       4690.00       3.87791
       4700.00       3.83221
       4710.00       3.82096
       4720.00       3.80354
       4730.00       3.86372
       4740.00       3.83082
       4750.00       3.81349
       4760.00       3.79007
       4770.00       3.78520
       4780.00       3.78035
       4790.00       3.74796
       4800.00       3.67598
       4810.00       3.66834
       4820.00       3.59682
       4830.00       3.51953
       4840.00       3.31225
       4850.00       2.77498
       4860.00       2.45601
       4870.00       2.80093
       4880.00       3.23702
       4890.00       3.42836
       4900.00       3.49620
       4910.00       3.46219
       4920.00       3.43428
       4930.00       3.43624
       4940.00       3.47976
       4950.00       3.48162
       4960.00       3.44207
       4970.00       3.46466
       4980.00       3.37818
       4990.00       3.38611
       5000.00       3.38520
       5010.00       3.35795
       5020.00       3.31036
       5030.00       3.32419
       5040.00       3.25357
       5050.00       3.23551
       5060.00       3.23201
       5070.00       3.21985
       5080.00       3.19908
       5090.00       3.16686
       5100.00       3.09738
       5110.00       3.11141
       5120.00       3.15976
       5130.00       3.13359
       5140.00       3.12749
       5150.00       3.13281
       5160.00       3.12958
       5170.00       3.12637
       5180.00       3.10051
       5190.00       3.04367
       5200.00       3.06884
       5210.00       3.09673
       5220.00       3.04865
       5230.00       3.03161
       5240.00       3.02302
       5250.00       3.01447
       5260.00       2.98922
       5270.00       2.98911
       5280.00       2.95845
       5290.00       2.93622
       5300.00       2.91408
       5310.00       2.88373
       5320.00       2.86453
       5330.00       2.85915
       5340.00       2.84556
       5350.00       2.85395
       5360.00       2.84041
       5370.00       2.81054
       5380.00       2.80259
       5390.00       2.77834
       5400.00       2.75418
       5410.00       2.74638
       5420.00       2.74132
       5430.00       2.69791
       5440.00       2.66141
       5450.00       2.67940
       5460.00       2.63366
       5470.00       2.64466
       5480.00       2.60959
       5490.00       2.58614
       5500.00       2.60437
       5510.00       2.58234
       5520.00       2.57766
       5530.00       2.54595
       5540.00       2.54718
       5550.00       2.54232
       5560.00       2.53643
       5570.00       2.52688
       5580.00       2.56283
       5590.00       2.54066
       5600.00       2.51465
       5610.00       2.48690
       5620.00       2.50596
       5630.00       2.49864
       5640.00       2.49057
       5650.00       2.48305
       5660.00       2.47529
       5670.00       2.46782
       5680.00       2.46012
       5690.00       2.45271
       5700.00       2.44506
       5710.00       2.43769
       5720.00       2.43010
       5730.00       2.42278
       5740.00       2.41550
       5760.00       2.35593
       5780.00       2.33306
       5800.00       2.37256
       5820.00       2.33441
       5840.00       2.30683
       5860.00       2.28794
       5880.00       2.25796
       5900.00       2.26174
       5920.00       2.24097
       5940.00       2.18552
       5960.00       2.19812
       5980.00       2.17115
       6000.00       2.14826
       6020.00       2.13504
       6040.00       2.12214
       6060.00       2.12433
       6080.00       2.14074
       6100.00       2.12266
       6120.00       2.11237
       6140.00       2.10263
       6160.00       2.04103
       6180.00       2.04748
       6200.00       2.04561
       6220.00       2.03573
       6240.00       2.03626
       6260.00       2.00726
       6280.00       2.00017
       6300.00       2.02455
       6320.00       1.98751
       6340.00       1.98702
       6360.00       1.98308
       6380.00       1.97019
       6400.00       1.95762
       6420.00       1.93165
       6440.00       1.89308
       6460.00       1.88608
       6480.00       1.87211
       6500.00       1.84018
       6520.00       1.79561
       6540.00       1.63179
       6560.00       1.55459
       6580.00       1.70680
       6600.00       1.78052
       6620.00       1.79175
       6640.00       1.77730
       6660.00       1.72924
       6680.00       1.72055
       6700.00       1.69768
       6720.00       1.68193
       6740.00       1.70371
       6760.00       1.69389
       6780.00       1.63655
       6800.00       1.65265
       6820.00       1.64200
       6840.00       1.63720
       6860.00       1.58346
       6880.00       1.60253
       6900.00       1.62700
       6920.00       1.63014
       6940.00       1.56056
       6960.00       1.56640
       6980.00       1.59575
       7000.00       1.58553
       7020.00       1.56451
       7040.00       1.60090
       7060.00       1.56104
       7080.00       1.54876
       7100.00       1.53345
       7120.00       1.54995
       7140.00       1.47597
       7160.00       1.47369
       7180.00       1.50799
       7200.00       1.46550
       7220.00       1.43077
       7240.00       1.42317
       7260.00       1.40268
       7280.00       1.41273
       7300.00       1.42031
       7320.00       1.41763
       7340.00       1.37540
       7360.00       1.38083
       7380.00       1.35801
       7400.00       1.34542
       7420.00       1.34101
       7440.00       1.32143
       7460.00       1.32497
       7480.00       1.33241
       7500.00       1.29795
       7520.00       1.31791
       7540.00       1.35079
       7560.00       1.34062
       7580.00       1.19563
       7600.00       1.05739
       7620.00       1.32352
       7640.00       1.27916
       7660.00       1.28425
       7680.00       1.17701
       7700.00       1.23776
       7720.00       1.26420
       7740.00       1.26055
       7760.00       1.24936
       7780.00       1.25275
       7800.00       1.23957
       7820.00       1.22815
       7840.00       1.24260
       7860.00       1.20548
       7880.00       1.18213
       7900.00       1.15296
       7920.00       1.17523
       7940.00       1.13902
       7960.00       1.15016
       7980.00       1.15114
       8000.00       1.13946
       8020.00       1.14522
       8040.00       1.15331
       8060.00       1.15282
       8080.00       1.12800
       8100.00       1.10747
       8120.00       1.14791
       8140.00       1.11626
       8160.00       1.09825
       8180.00       1.11564
       8200.00       1.10970
       8220.00       1.03295
       8240.00       1.10147
       8260.00       1.05956
       8280.00       1.11351
       8300.00       1.04827
       8320.00       1.08136
       8340.00       1.10163
       8360.00       1.03460
       8380.00       1.03703
       8400.00      0.984278
       8420.00       1.01521
       8440.00      0.989692
       8460.00       1.00608
       8480.00      0.976376
       8500.00      0.993232
       8520.00       1.01035
       8540.00       1.01417
       8560.00       1.01129
       8580.00      0.969270
       8600.00       1.00164
       8620.00       1.02535
       8640.00       1.01109
       8660.00      0.964550
       8680.00      0.986491
       8700.00       1.07256
       8720.00      0.949839
       8740.00      0.897153
       8760.00       1.02369
       8780.00       1.09336
       8800.00       1.06954
       8820.00      0.967008
       8840.00      0.885843
       8860.00      0.885664
       8880.00      0.953537
       8900.00      0.963754
       8920.00      0.966526
       8940.00       1.01178
       8960.00      0.950425
       8980.00      0.874645
       9000.00      0.772313
       9020.00      0.862311
       9040.00      0.924654
       9060.00      0.973122
       9080.00      0.969687
       9100.00      0.940316
       9120.00      0.941792
       9140.00      0.904909
       9160.00      0.878594
       9180.00      0.895853
       9200.00      0.838106
       9220.00      0.781246
       9240.00      0.824001
       9260.00      0.865938
       9280.00      0.860437
       9300.00      0.829725
       9320.00      0.797886
       9340.00      0.883961
       9360.00      0.879722
       9380.00      0.916156
       9400.00      0.900008
       9420.00      0.837840
       9440.00      0.832180
       9460.00      0.846236
       9480.00      0.858065
       9500.00      0.885593
       9520.00      0.791600
       9540.00      0.751812
       9560.00      0.816058
       9580.00      0.880035
       9600.00      0.836492
       9620.00      0.814017
       9640.00      0.796201
       9660.00      0.797589
       9680.00      0.782153
       9700.00      0.790822
       9720.00      0.809566
       9740.00      0.817541
       9760.00      0.773037
       9780.00      0.795901
       9800.00      0.728723
       9820.00      0.771300
       9840.00      0.771671
       9860.00      0.773378
       9880.00      0.751474
       9900.00      0.757808
       9920.00      0.691076
       9940.00      0.697654
       9960.00      0.740137
       9980.00      0.755996
       10000.0      0.716642
       10020.0      0.652854
       10040.0      0.643665
       10060.0      0.636845
       10080.0      0.679379
       10100.0      0.717389
       10120.0      0.670462
       10140.0      0.675793
       10160.0      0.722680
       10180.0      0.682791
       10200.0      0.647516
       10220.0      0.662036
       10240.0      0.694116
       10260.0      0.689475
       10280.0      0.663736
       10300.0      0.643935
       10320.0      0.649794
       10340.0      0.661019
       10360.0      0.688625
       10380.0      0.683200
       10400.0      0.651847
       10420.0      0.648906
       10440.0      0.629399
       10460.0      0.591458
       10480.0      0.666744
       10500.0      0.626920
       10520.0      0.617084
       10540.0      0.620923
       10560.0      0.616691
       10580.0      0.534980
       10600.0      0.620868
       10620.0      0.580337
