       3160.00      0.134430
       3170.00      0.125180
       3180.00      0.124048
       3190.00      0.127877
       3200.00      0.126076
       3210.00      0.129475
       3220.00      0.130665
       3230.00      0.124376
       3240.00      0.126167
       3250.00      0.134848
       3260.00      0.141903
       3270.00      0.142579
       3280.00      0.136805
       3290.00      0.134182
       3300.00      0.146266
       3310.00      0.144727
       3320.00      0.144806
       3330.00      0.147129
       3340.00      0.142276
       3350.00      0.144721
       3360.00      0.142637
       3370.00      0.140756
       3380.00      0.142109
       3390.00      0.143832
       3400.00      0.148685
       3410.00      0.145055
       3420.00      0.149877
       3430.00      0.159589
       3440.00      0.154717
       3450.00      0.146407
       3460.00      0.151909
       3470.00      0.149810
       3480.00      0.148766
       3490.00      0.149319
       3500.00      0.152553
       3510.00      0.158447
       3520.00      0.155691
       3530.00      0.158214
       3540.00      0.167541
       3550.00      0.171882
       3560.00      0.169000
       3570.00      0.161886
       3580.00      0.154692
       3590.00      0.158961
       3600.00      0.165046
       3610.00      0.155300
       3620.00      0.159709
       3630.00      0.160916
       3640.00      0.161706
       3650.00      0.166295
       3660.00      0.168292
       3670.00      0.169987
       3680.00      0.169641
       3690.00      0.169123
       3700.00      0.173515
       3710.00      0.179552
       3720.00      0.185729
       3730.00      0.182941
       3740.00      0.197928
       3750.00      0.208050
       3760.00      0.211814
       3770.00      0.213688
       3780.00      0.246402
       3790.00      0.252908
       3800.00      0.225040
       3810.00      0.276077
       3820.00      0.289947
       3830.00      0.232255
       3840.00      0.218246
       3850.00      0.292070
       3860.00      0.343490
       3870.00      0.343099
       3880.00      0.281610
       3890.00      0.229936
       3900.00      0.263135
       3910.00      0.339206
       3920.00      0.366945
       3930.00      0.300906
       3940.00      0.295481
       3950.00      0.361509
       3960.00      0.303696
       3970.00      0.238429
       3980.00      0.305390
       3990.00      0.393801
       4000.00      0.426668
       4010.00      0.441795
       4020.00      0.454297
       4030.00      0.445115
       4040.00      0.437933
       4050.00      0.440227
       4060.00      0.441405
       4070.00      0.422951
       4080.00      0.396107
       4090.00      0.368351
       4100.00      0.295722
       4110.00      0.321037
       4120.00      0.403096
       4130.00      0.424615
       4140.00      0.437260
       4150.00      0.442279
       4160.00      0.446299
       4170.00      0.440260
       4180.00      0.420507
       4190.00      0.443154
       4200.00      0.447388
       4210.00      0.450941
       4220.00      0.450227
       4230.00      0.444164
       4240.00      0.452335
       4250.00      0.456597
       4260.00      0.460739
       4270.00      0.457659
       4280.00      0.446660
       4290.00      0.431779
       4300.00      0.413987
       4310.00      0.408864
       4320.00      0.412515
       4330.00      0.342114
       4340.00      0.295609
       4350.00      0.342456
       4360.00      0.423524
       4370.00      0.438878
       4380.00      0.434463
       4390.00      0.431722
       4400.00      0.433459
       4410.00      0.429038
       4420.00      0.438214
       4430.00      0.440937
       4440.00      0.433691
       4450.00      0.428205
       4460.00      0.426670
       4470.00      0.437613
       4480.00      0.440545
       4490.00      0.439231
       4500.00      0.456242
       4510.00      0.458830
       4520.00      0.440332
       4530.00      0.428375
       4540.00      0.438298
       4550.00      0.432265
       4560.00      0.438155
       4570.00      0.450703
       4580.00      0.440999
       4590.00      0.439061
       4600.00      0.446788
       4610.00      0.454112
       4620.00      0.452020
       4630.00      0.455333
       4640.00      0.448828
       4650.00      0.450343
       4660.00      0.448277
       4670.00      0.444116
       4680.00      0.459550
       4690.00      0.459026
       4700.00      0.444644
       4710.00      0.446148
       4720.00      0.453393
       4730.00      0.454692
       4740.00      0.459140
       4750.00      0.456824
       4760.00      0.442270
       4770.00      0.449088
       4780.00      0.453064
       4790.00      0.458360
       4800.00      0.454291
       4810.00      0.453790
       4820.00      0.443987
       4830.00      0.428741
       4840.00      0.406233
       4850.00      0.345550
       4860.00      0.291314
       4870.00      0.331413
       4880.00      0.396644
       4890.00      0.413609
       4900.00      0.428718
       4910.00      0.426757
       4920.00      0.418076
       4930.00      0.417532
       4940.00      0.425247
       4950.00      0.428788
       4960.00      0.432747
       4970.00      0.429598
       4980.00      0.422217
       4990.00      0.412254
       5000.00      0.418008
       5010.00      0.402637
       5020.00      0.406387
       5030.00      0.418657
       5040.00      0.410283
       5050.00      0.408202
       5060.00      0.414317
       5070.00      0.405665
       5080.00      0.403101
       5090.00      0.407176
       5100.00      0.404535
       5110.00      0.409386
       5120.00      0.404874
       5130.00      0.390054
       5140.00      0.398021
       5150.00      0.400110
       5160.00      0.388780
       5170.00      0.386830
       5180.00      0.394742
       5190.00      0.381553
       5200.00      0.386488
       5210.00      0.397388
       5220.00      0.395849
       5230.00      0.387456
       5240.00      0.394094
       5250.00      0.403879
       5260.00      0.387926
       5270.00      0.373735
       5280.00      0.389692
       5290.00      0.398726
       5300.00      0.404582
       5310.00      0.397425
       5320.00      0.385879
       5330.00      0.384995
       5340.00      0.394073
       5350.00      0.399604
       5360.00      0.390690
       5370.00      0.393661
       5380.00      0.406903
       5390.00      0.396638
       5400.00      0.391079
       5410.00      0.386053
       5420.00      0.399171
       5430.00      0.403156
       5440.00      0.403985
       5450.00      0.404028
       5460.00      0.411111
       5470.00      0.398646
       5480.00      0.397139
       5490.00      0.409643
       5500.00      0.402685
       5510.00      0.401954
       5520.00      0.405482
       5530.00      0.400500
       5540.00      0.400548
       5550.00      0.402905
       5560.00      0.403717
       5570.00      0.400308
       5580.00      0.394998
       5590.00      0.388942
       5600.00      0.382527
       5610.00      0.392505
       5620.00      0.396367
       5630.00      0.392249
       5640.00      0.393447
       5650.00      0.390482
       5660.00      0.392811
       5670.00      0.387221
       5680.00      0.393308
       5690.00      0.394118
       5700.00      0.388930
       5710.00      0.385631
       5720.00      0.390557
       5730.00      0.401430
       5740.00      0.398871
       5760.00      0.394519
       5780.00      0.389829
       5800.00      0.385170
       5820.00      0.380544
       5840.00      0.375949
       5860.00      0.371386
       5880.00      0.366854
       5900.00      0.362353
       5920.00      0.357918
       5940.00      0.353476
       5960.00      0.349065
       5980.00      0.344505
       6000.00      0.353145
       6020.00      0.350695
       6040.00      0.353070
       6060.00      0.351552
       6080.00      0.359353
       6100.00      0.359925
       6120.00      0.354910
       6140.00      0.346902
       6160.00      0.341476
       6180.00      0.349391
       6200.00      0.346542
       6220.00      0.341925
       6240.00      0.338468
       6260.00      0.339638
       6280.00      0.341787
       6300.00      0.341719
       6320.00      0.336245
       6340.00      0.334679
       6360.00      0.333122
       6380.00      0.333919
       6400.00      0.331341
       6420.00      0.326450
       6440.00      0.327525
       6460.00      0.327073
       6480.00      0.323723
       6500.00      0.318850
       6520.00      0.318167
       6540.00      0.299167
       6560.00      0.265601
       6580.00      0.281120
       6600.00      0.314763
       6620.00      0.316555
       6640.00      0.318046
       6660.00      0.317219
       6680.00      0.316141
       6700.00      0.314783
       6720.00      0.318455
       6740.00      0.314468
       6760.00      0.311326
       6780.00      0.316582
       6800.00      0.313389
       6820.00      0.319735
       6840.00      0.322860
       6860.00      0.307504
       6880.00      0.299935
       6900.00      0.303461
       6920.00      0.306165
       6940.00      0.310206
       6960.00      0.308087
       6980.00      0.304083
       7000.00      0.294458
       7020.00      0.300252
       7040.00      0.296941
       7060.00      0.298550
       7080.00      0.297647
       7100.00      0.293710
       7120.00      0.295345
       7140.00      0.297000
       7160.00      0.303956
       7180.00      0.302217
       7200.00      0.294021
       7220.00      0.289302
       7240.00      0.286143
       7260.00      0.287208
       7280.00      0.287592
       7300.00      0.284873
       7320.00      0.282111
       7340.00      0.285008
       7360.00      0.283741
       7380.00      0.281554
       7400.00      0.279523
       7420.00      0.276208
       7440.00      0.278451
       7460.00      0.278592
       7480.00      0.272736
       7500.00      0.271097
       7520.00      0.267082
       7540.00      0.265948
       7560.00      0.260216
       7580.00      0.262657
       7600.00      0.233190
       7620.00      0.233194
       7640.00      0.248965
       7660.00      0.264514
       7680.00      0.248475
       7700.00      0.256789
       7720.00      0.267853
       7740.00      0.262608
       7760.00      0.259289
       7780.00      0.257525
       7800.00      0.261738
       7820.00      0.262270
       7840.00      0.256916
       7860.00      0.258735
       7880.00      0.262659
       7900.00      0.256884
       7920.00      0.253835
       7940.00      0.253115
       7960.00      0.259509
       7980.00      0.255379
       8000.00      0.254554
       8020.00      0.250191
       8040.00      0.253686
       8060.00      0.255547
       8080.00      0.247857
       8100.00      0.252334
       8120.00      0.256447
       8140.00      0.254007
       8160.00      0.246239
       8180.00      0.244801
       8200.00      0.245012
       8220.00      0.252574
       8240.00      0.257015
       8260.00      0.253006
       8280.00      0.253865
       8300.00      0.244710
       8320.00      0.246355
       8340.00      0.241692
       8360.00      0.235903
       8380.00      0.264037
       8400.00      0.231881
       8420.00      0.242846
       8440.00      0.244700
       8460.00      0.240688
       8480.00      0.239213
       8500.00      0.238249
       8520.00      0.238918
       8540.00      0.223603
       8560.00      0.217616
       8580.00      0.236102
       8600.00      0.225470
       8620.00      0.239565
       8640.00      0.231966
       8660.00      0.210738
       8680.00      0.229371
       8700.00      0.242223
       8720.00      0.221437
       8740.00      0.205462
       8760.00      0.222547
       8780.00      0.237875
       8800.00      0.229714
       8820.00      0.236118
       8840.00      0.219276
       8860.00      0.205186
       8880.00      0.218794
       8900.00      0.225381
       8920.00      0.223080
       8940.00      0.222461
       8960.00      0.238364
       8980.00      0.223373
       9000.00      0.203726
       9020.00      0.211278
       9040.00      0.229994
       9060.00      0.226210
       9080.00      0.218114
       9100.00      0.221578
       9120.00      0.226735
       9140.00      0.236941
       9160.00      0.224300
       9180.00      0.226021
       9200.00      0.217544
       9220.00      0.187422
       9240.00      0.185283
       9260.00      0.204395
       9280.00      0.215600
       9300.00      0.192447
       9320.00      0.212452
       9340.00      0.230724
       9360.00      0.205839
       9380.00      0.208133
       9400.00      0.228570
       9420.00      0.202193
       9440.00      0.217986
       9460.00      0.212423
       9480.00      0.199674
       9500.00      0.210944
       9520.00      0.214203
       9540.00      0.182277
       9560.00      0.184219
       9580.00      0.207288
       9600.00      0.198513
       9620.00      0.197701
       9640.00      0.189470
       9660.00      0.196882
       9680.00      0.205808
       9700.00      0.206837
       9720.00      0.202830
       9740.00      0.208049
       9760.00      0.204603
       9780.00      0.210168
       9800.00      0.196859
       9820.00      0.218577
       9840.00      0.199054
       9860.00      0.208917
       9880.00      0.196497
       9900.00      0.203241
       9920.00      0.189612
       9940.00      0.205109
       9960.00      0.194683
       9980.00      0.196882
       10000.0      0.200376
       10020.0      0.199016
       10040.0      0.182559
       10060.0      0.185254
       10080.0      0.185225
       10100.0      0.189320
       10120.0      0.187490
       10140.0      0.200537
       10160.0      0.202328
       10180.0      0.183678
       10200.0      0.186291
       10220.0      0.187849
       10240.0      0.184020
       10260.0      0.187221
       10280.0      0.197162
       10300.0      0.179299
       10320.0      0.189485
       10340.0      0.185297
       10360.0      0.175086
       10380.0      0.173102
       10400.0      0.184331
       10420.0      0.189122
       10440.0      0.183932
       10460.0      0.179844
       10480.0      0.175832
       10500.0      0.173850
       10520.0      0.181437
       10540.0      0.166584
       10560.0      0.175693
       10580.0      0.169063
       10600.0      0.173318
       10620.0      0.164062
