       3160.00      0.450164
       3170.00      0.431553
       3180.00      0.427259
       3190.00      0.420388
       3200.00      0.418750
       3210.00      0.418577
       3220.00      0.379563
       3230.00      0.390759
       3240.00      0.399965
       3250.00      0.396179
       3260.00      0.430465
       3270.00      0.416769
       3280.00      0.406638
       3290.00      0.430168
       3300.00      0.445691
       3310.00      0.426157
       3320.00      0.423310
       3330.00      0.423442
       3340.00      0.415803
       3350.00      0.435011
       3360.00      0.424295
       3370.00      0.407020
       3380.00      0.421631
       3390.00      0.431563
       3400.00      0.423424
       3410.00      0.424161
       3420.00      0.431571
       3430.00      0.443930
       3440.00      0.433738
       3450.00      0.423907
       3460.00      0.431681
       3470.00      0.432381
       3480.00      0.432034
       3490.00      0.422617
       3500.00      0.425413
       3510.00      0.438987
       3520.00      0.444079
       3530.00      0.445174
       3540.00      0.470598
       3550.00      0.480091
       3560.00      0.462998
       3570.00      0.456613
       3580.00      0.434172
       3590.00      0.453780
       3600.00      0.474432
       3610.00      0.431714
       3620.00      0.452026
       3630.00      0.455213
       3640.00      0.445693
       3650.00      0.468786
       3660.00      0.479274
       3670.00      0.470756
       3680.00      0.458195
       3690.00      0.466095
       3700.00      0.475215
       3710.00      0.487503
       3720.00      0.499725
       3730.00      0.485585
       3740.00      0.509541
       3750.00      0.548870
       3760.00      0.578191
       3770.00      0.578446
       3780.00      0.655998
       3790.00      0.638246
       3800.00      0.624548
       3810.00      0.763891
       3820.00      0.770858
       3830.00      0.600957
       3840.00      0.583444
       3850.00      0.780892
       3860.00      0.906328
       3870.00      0.895940
       3880.00      0.750778
       3890.00      0.612900
       3900.00      0.713527
       3910.00      0.887703
       3920.00      0.967522
       3930.00      0.823365
       3940.00      0.795853
       3950.00      0.921809
       3960.00      0.739150
       3970.00      0.637937
       3980.00      0.809109
       3990.00       1.01064
       4000.00       1.07312
       4010.00       1.11457
       4020.00       1.15453
       4030.00       1.13557
       4040.00       1.10514
       4050.00       1.10971
       4060.00       1.09318
       4070.00       1.04918
       4080.00       1.00081
       4090.00      0.926546
       4100.00      0.764162
       4110.00      0.855744
       4120.00       1.02259
       4130.00       1.07955
       4140.00       1.08333
       4150.00       1.09585
       4160.00       1.10058
       4170.00       1.06894
       4180.00       1.04007
       4190.00       1.08601
       4200.00       1.08812
       4210.00       1.11253
       4220.00       1.11297
       4230.00       1.10666
       4240.00       1.12657
       4250.00       1.14480
       4260.00       1.14967
       4270.00       1.15816
       4280.00       1.12465
       4290.00       1.08864
       4300.00       1.05727
       4310.00       1.04133
       4320.00       1.05862
       4330.00      0.922533
       4340.00      0.773802
       4350.00      0.853748
       4360.00       1.06831
       4370.00       1.12109
       4380.00       1.10206
       4390.00       1.08264
       4400.00       1.09174
       4410.00       1.07961
       4420.00       1.07940
       4430.00       1.08259
       4440.00       1.08354
       4450.00       1.07294
       4460.00       1.05448
       4470.00       1.08289
       4480.00       1.08394
       4490.00       1.08084
       4500.00       1.12318
       4510.00       1.14647
       4520.00       1.10547
       4530.00       1.08412
       4540.00       1.09008
       4550.00       1.07217
       4560.00       1.09384
       4570.00       1.12812
       4580.00       1.10436
       4590.00       1.08126
       4600.00       1.10407
       4610.00       1.11541
       4620.00       1.12445
       4630.00       1.11507
       4640.00       1.09813
       4650.00       1.10615
       4660.00       1.10221
       4670.00       1.10052
       4680.00       1.11225
       4690.00       1.12869
       4700.00       1.09747
       4710.00       1.09040
       4720.00       1.14461
       4730.00       1.11476
       4740.00       1.11022
       4750.00       1.11662
       4760.00       1.09683
       4770.00       1.11303
       4780.00       1.10418
       4790.00       1.10946
       4800.00       1.10499
       4810.00       1.09406
       4820.00       1.08641
       4830.00       1.04290
       4840.00       1.00461
       4850.00      0.885151
       4860.00      0.717064
       4870.00      0.761735
       4880.00      0.951281
       4890.00       1.00994
       4900.00       1.04272
       4910.00       1.04208
       4920.00       1.02013
       4930.00       1.02459
       4940.00       1.03837
       4950.00       1.05368
       4960.00       1.06411
       4970.00       1.06302
       4980.00       1.03306
       4990.00       1.01830
       5000.00       1.02695
       5010.00      0.986782
       5020.00      0.995465
       5030.00       1.02227
       5040.00       1.03281
       5050.00       1.00219
       5060.00       1.01375
       5070.00      0.999262
       5080.00      0.989020
       5090.00       1.00227
       5100.00      0.998777
       5110.00       1.01124
       5120.00      0.992950
       5130.00      0.975536
       5140.00      0.963541
       5150.00      0.971646
       5160.00      0.978815
       5170.00      0.948915
       5180.00      0.959908
       5190.00      0.956358
       5200.00      0.948830
       5210.00      0.948503
       5220.00      0.958816
       5230.00      0.935648
       5240.00      0.952383
       5250.00      0.973107
       5260.00      0.938994
       5270.00      0.890238
       5280.00      0.913518
       5290.00      0.956527
       5300.00      0.963339
       5310.00      0.955270
       5320.00      0.939134
       5330.00      0.928317
       5340.00      0.920845
       5350.00      0.945121
       5360.00      0.963981
       5370.00      0.949526
       5380.00      0.956442
       5390.00      0.954475
       5400.00      0.929354
       5410.00      0.918715
       5420.00      0.946415
       5430.00      0.942474
       5440.00      0.967359
       5450.00      0.963679
       5460.00      0.964766
       5470.00      0.957309
       5480.00      0.942398
       5490.00      0.950986
       5500.00      0.951144
       5510.00      0.937079
       5520.00      0.955219
       5530.00      0.962877
       5540.00      0.957391
       5550.00      0.963147
       5560.00      0.962348
       5570.00      0.942917
       5580.00      0.957039
       5590.00      0.943258
       5600.00      0.939720
       5610.00      0.956547
       5620.00      0.968696
       5630.00      0.945774
       5640.00      0.954219
       5650.00      0.936915
       5660.00      0.948096
       5670.00      0.919880
       5680.00      0.950240
       5690.00      0.940361
       5700.00      0.942353
       5710.00      0.938886
       5720.00      0.940873
       5730.00      0.952817
       5740.00      0.951157
       5760.00      0.938844
       5780.00      0.927515
       5800.00      0.936844
       5820.00      0.942541
       5840.00      0.936647
       5860.00      0.929023
       5880.00      0.919684
       5900.00      0.908650
       5920.00      0.921360
       5940.00      0.919132
       5960.00      0.896020
       5980.00      0.899966
       6000.00      0.898696
       6020.00      0.894848
       6040.00      0.892744
       6060.00      0.894080
       6080.00      0.891992
       6100.00      0.903531
       6120.00      0.889554
       6140.00      0.865526
       6160.00      0.853448
       6180.00      0.856565
       6200.00      0.868031
       6220.00      0.863572
       6240.00      0.846665
       6260.00      0.847276
       6280.00      0.857800
       6300.00      0.851782
       6320.00      0.833484
       6340.00      0.831673
       6360.00      0.831506
       6380.00      0.829713
       6400.00      0.832796
       6420.00      0.822927
       6440.00      0.823594
       6460.00      0.829078
       6480.00      0.812904
       6500.00      0.796990
       6520.00      0.799161
       6540.00      0.783703
       6560.00      0.685746
       6580.00      0.680980
       6600.00      0.776815
       6620.00      0.797281
       6640.00      0.810511
       6660.00      0.798726
       6680.00      0.787012
       6700.00      0.783888
       6720.00      0.775377
       6740.00      0.772306
       6760.00      0.770021
       6780.00      0.777701
       6800.00      0.784572
       6820.00      0.781510
       6840.00      0.808057
       6860.00      0.789814
       6880.00      0.750933
       6900.00      0.736797
       6920.00      0.759717
       6940.00      0.752293
       6960.00      0.751622
       6980.00      0.741439
       7000.00      0.742879
       7020.00      0.740763
       7040.00      0.727748
       7060.00      0.729215
       7080.00      0.724809
       7100.00      0.723718
       7120.00      0.717311
       7140.00      0.719300
       7160.00      0.759620
       7180.00      0.758950
       7200.00      0.714387
       7220.00      0.708742
       7240.00      0.706856
       7260.00      0.697331
       7280.00      0.688429
       7300.00      0.690737
       7320.00      0.678712
       7340.00      0.681812
       7360.00      0.691171
       7380.00      0.686907
       7400.00      0.673408
       7420.00      0.665158
       7440.00      0.664138
       7460.00      0.666948
       7480.00      0.665443
       7500.00      0.662215
       7520.00      0.647963
       7540.00      0.640806
       7560.00      0.634580
       7580.00      0.724377
       7600.00      0.674397
       7620.00      0.608130
       7640.00      0.624335
       7660.00      0.609629
       7680.00      0.577160
       7700.00      0.627154
       7720.00      0.642873
       7740.00      0.638262
       7760.00      0.625314
       7780.00      0.625041
       7800.00      0.623704
       7820.00      0.625162
       7840.00      0.628201
       7860.00      0.637233
       7880.00      0.628898
       7900.00      0.617780
       7920.00      0.614647
       7940.00      0.609766
       7960.00      0.614167
       7980.00      0.618025
       8000.00      0.611420
       8020.00      0.608472
       8040.00      0.606506
       8060.00      0.606869
       8080.00      0.614038
       8100.00      0.608357
       8120.00      0.616509
       8140.00      0.598163
       8160.00      0.564451
       8180.00      0.563515
       8200.00      0.593913
       8220.00      0.580472
       8240.00      0.558593
       8260.00      0.583504
       8280.00      0.589679
       8300.00      0.560933
       8320.00      0.545238
       8340.00      0.545797
       8360.00      0.546913
       8380.00      0.572299
       8400.00      0.551908
       8420.00      0.551953
       8440.00      0.553904
       8460.00      0.572531
       8480.00      0.565795
       8500.00      0.544133
       8520.00      0.546936
       8540.00      0.545230
       8560.00      0.543532
       8580.00      0.539724
       8600.00      0.537745
       8620.00      0.542879
       8640.00      0.553396
       8660.00      0.531382
       8680.00      0.507677
       8700.00      0.557155
       8720.00      0.564566
       8740.00      0.539523
       8760.00      0.497709
       8780.00      0.540729
       8800.00      0.568929
       8820.00      0.555930
       8840.00      0.530308
       8860.00      0.484769
       8880.00      0.479177
       8900.00      0.520435
       8920.00      0.525377
       8940.00      0.537844
       8960.00      0.569137
       8980.00      0.540418
       9000.00      0.502370
       9020.00      0.475595
       9040.00      0.518403
       9060.00      0.539141
       9080.00      0.499887
       9100.00      0.522570
       9120.00      0.498150
       9140.00      0.511539
       9160.00      0.532575
       9180.00      0.523387
       9200.00      0.529470
       9220.00      0.462183
       9240.00      0.453319
       9260.00      0.484173
       9280.00      0.542633
       9300.00      0.616076
       9320.00      0.568536
       9340.00      0.628996
       9360.00      0.554463
       9380.00      0.545479
       9400.00      0.587438
       9420.00      0.529665
       9440.00      0.525959
       9460.00      0.552442
       9480.00      0.554561
       9500.00      0.540392
       9520.00      0.542473
       9540.00      0.486718
       9560.00      0.465288
       9580.00      0.495195
       9600.00      0.512977
       9620.00      0.513744
       9640.00      0.483177
       9660.00      0.493512
       9680.00      0.484129
       9700.00      0.482595
       9720.00      0.505362
       9740.00      0.490364
       9760.00      0.477289
       9780.00      0.469202
       9800.00      0.474123
       9820.00      0.484573
       9840.00      0.473303
       9860.00      0.457132
       9880.00      0.480054
       9900.00      0.475520
       9920.00      0.476810
       9940.00      0.468855
       9960.00      0.473697
       9980.00      0.458603
       10000.0      0.470609
       10020.0      0.470705
       10040.0      0.419007
       10060.0      0.412551
       10080.0      0.438917
       10100.0      0.442313
       10120.0      0.435849
       10140.0      0.461398
       10160.0      0.437146
       10180.0      0.447197
       10200.0      0.422967
       10220.0      0.443314
       10240.0      0.443361
       10260.0      0.450286
       10280.0      0.454862
       10300.0      0.440022
       10320.0      0.440427
       10340.0      0.439725
       10360.0      0.434218
       10380.0      0.428931
       10400.0      0.454405
       10420.0      0.438939
       10440.0      0.424378
       10460.0      0.416720
       10480.0      0.444795
       10500.0      0.419284
       10520.0      0.437480
       10540.0      0.408239
       10560.0      0.424028
       10580.0      0.413465
       10600.0      0.419197
       10620.0      0.420215
