       3160.00       3.42492
       3170.00       3.19802
       3180.00       3.38656
       3190.00       3.17956
       3200.00       3.33117
       3210.00       3.32714
       3220.00       3.27885
       3230.00       3.37592
       3240.00       3.45353
       3250.00       3.35123
       3260.00       3.21284
       3270.00       3.32606
       3280.00       3.18005
       3290.00       3.21451
       3300.00       3.28810
       3310.00       3.16585
       3320.00       3.16552
       3330.00       3.20878
       3340.00       3.30362
       3350.00       3.26031
       3360.00       3.23242
       3370.00       3.20243
       3380.00       3.29994
       3390.00       3.29471
       3400.00       3.27453
       3410.00       3.29107
       3420.00       3.28740
       3430.00       3.24515
       3440.00       3.21869
       3450.00       3.25512
       3460.00       3.26780
       3470.00       3.26425
       3480.00       3.20438
       3490.00       3.23022
       3500.00       3.23773
       3510.00       3.15885
       3520.00       3.19112
       3530.00       3.20805
       3540.00       3.21337
       3550.00       3.21508
       3560.00       3.23251
       3570.00       3.19207
       3580.00       3.10207
       3590.00       3.12180
       3600.00       3.13223
       3610.00       3.11932
       3620.00       3.08116
       3630.00       3.11125
       3640.00       3.11390
       3650.00       3.11862
       3660.00       3.10106
       3670.00       2.98714
       3680.00       3.04407
       3690.00       3.01580
       3700.00       3.08543
       3710.00       3.20409
       3720.00       3.35224
       3730.00       3.59722
       3740.00       3.75170
       3750.00       4.07784
       3760.00       4.31555
       3770.00       4.48175
       3780.00       5.25743
       3790.00       5.21803
       3800.00       4.97444
       3810.00       6.28277
       3820.00       6.77962
       3830.00       4.70343
       3840.00       5.03005
       3850.00       6.84585
       3860.00       7.83090
       3870.00       7.53429
       3880.00       5.76447
       3890.00       4.80174
       3900.00       6.21548
       3910.00       7.58747
       3920.00       8.02286
       3930.00       8.15147
       3940.00       8.14371
       3950.00       7.64602
       3960.00       5.95926
       3970.00       4.87560
       3980.00       6.31385
       3990.00       8.09272
       4000.00       8.48630
       4010.00       8.40798
       4020.00       8.45675
       4030.00       8.44208
       4040.00       8.49052
       4050.00       8.48213
       4060.00       8.29189
       4070.00       8.07755
       4080.00       7.51475
       4090.00       6.22311
       4100.00       4.85890
       4110.00       5.72256
       4120.00       7.31817
       4130.00       7.96021
       4140.00       8.11321
       4150.00       8.03843
       4160.00       8.03135
       4170.00       7.96934
       4180.00       7.98074
       4190.00       8.04678
       4200.00       8.00943
       4210.00       8.00855
       4220.00       7.97751
       4230.00       7.92855
       4240.00       7.86780
       4250.00       7.83731
       4260.00       7.86075
       4270.00       7.74096
       4280.00       7.72883
       4290.00       7.68707
       4300.00       7.42046
       4310.00       6.94829
       4320.00       6.69642
       4330.00       5.21361
       4340.00       4.36489
       4350.00       5.68022
       4360.00       6.88613
       4370.00       7.24915
       4380.00       7.27330
       4390.00       7.19292
       4400.00       7.21709
       4410.00       7.21804
       4420.00       7.18443
       4430.00       7.12797
       4440.00       7.10618
       4450.00       7.06733
       4460.00       6.97725
       4470.00       6.68249
       4480.00       6.71874
       4490.00       6.79452
       4500.00       6.81903
       4510.00       6.80956
       4520.00       6.72688
       4530.00       6.72328
       4540.00       6.71969
       4550.00       6.59298
       4560.00       6.64554
       4570.00       6.71458
       4580.00       6.68324
       4590.00       6.65758
       4600.00       6.67079
       4610.00       6.67842
       4620.00       6.75215
       4630.00       6.56707
       4640.00       6.58584
       4650.00       6.51692
       4660.00       6.51932
       4670.00       6.51082
       4680.00       6.49146
       4690.00       6.43962
       4700.00       6.46384
       4710.00       6.38524
       4720.00       6.39329
       4730.00       6.33670
       4740.00       6.33945
       4750.00       6.32075
       4760.00       6.28607
       4770.00       6.27289
       4780.00       6.24911
       4790.00       6.15100
       4800.00       6.13819
       4810.00       6.09366
       4820.00       5.98064
       4830.00       5.85226
       4840.00       5.31929
       4850.00       4.31019
       4860.00       3.69299
       4870.00       4.31550
       4880.00       5.32266
       4890.00       5.65547
       4900.00       5.76346
       4910.00       5.82434
       4920.00       5.79179
       4930.00       5.82653
       4940.00       5.80958
       4950.00       5.74126
       4960.00       5.73482
       4970.00       5.72328
       4980.00       5.72201
       4990.00       5.71565
       5000.00       5.72459
       5010.00       5.68267
       5020.00       5.66120
       5030.00       5.60438
       5040.00       5.59326
       5050.00       5.58723
       5060.00       5.56109
       5070.00       5.53003
       5080.00       5.49909
       5090.00       5.45327
       5100.00       5.43259
       5110.00       5.42196
       5120.00       5.41137
       5130.00       5.40082
       5140.00       5.40022
       5150.00       5.39468
       5160.00       5.34474
       5170.00       5.29993
       5180.00       5.26020
       5190.00       5.25988
       5200.00       5.23997
       5210.00       5.21036
       5220.00       5.17598
       5230.00       5.09792
       5240.00       5.09791
       5250.00       5.04940
       5260.00       5.05432
       5270.00       5.03023
       5280.00       5.04000
       5290.00       4.99196
       5300.00       4.94410
       5310.00       4.95398
       5320.00       4.93988
       5330.00       4.92583
       5340.00       4.93091
       5350.00       4.89314
       5360.00       4.87926
       5370.00       4.77533
       5380.00       4.79485
       5390.00       4.80958
       5400.00       4.75351
       5410.00       4.76826
       5420.00       4.68899
       5430.00       4.63862
       5440.00       4.60856
       5450.00       4.63000
       5460.00       4.57349
       5470.00       4.59399
       5480.00       4.56098
       5490.00       4.55313
       5500.00       4.52587
       5510.00       4.52135
       5520.00       4.47487
       5530.00       4.52158
       5540.00       4.47343
       5550.00       4.46583
       5560.00       4.45963
       5570.00       4.45071
       5580.00       4.45323
       5590.00       4.45300
       5600.00       4.39821
       5610.00       4.35633
       5620.00       4.37486
       5630.00       4.42137
       5640.00       4.39727
       5650.00       4.37281
       5660.00       4.34889
       5670.00       4.32550
       5680.00       4.30175
       5690.00       4.27852
       5700.00       4.25493
       5710.00       4.23232
       5720.00       4.20889
       5730.00       4.18599
       5740.00       4.16406
       5760.00       4.11423
       5780.00       4.22952
       5800.00       4.21626
       5820.00       4.19871
       5840.00       4.15031
       5860.00       4.09791
       5880.00       4.06015
       5900.00       4.06020
       5920.00       4.02196
       5940.00       3.96426
       5960.00       3.94241
       5980.00       3.91007
       6000.00       3.88939
       6020.00       3.86378
       6040.00       3.85014
       6060.00       3.82105
       6080.00       3.82188
       6100.00       3.82062
       6120.00       3.79149
       6140.00       3.75177
       6160.00       3.71065
       6180.00       3.67392
       6200.00       3.66453
       6220.00       3.66012
       6240.00       3.64267
       6260.00       3.59280
       6280.00       3.57690
       6300.00       3.57847
       6320.00       3.54902
       6340.00       3.52899
       6360.00       3.49987
       6380.00       3.47493
       6400.00       3.43980
       6420.00       3.41877
       6440.00       3.37177
       6460.00       3.32704
       6480.00       3.30813
       6500.00       3.37278
       6520.00       3.22846
       6540.00       2.81364
       6560.00       2.72820
       6580.00       3.04693
       6600.00       3.28039
       6620.00       3.28202
       6640.00       3.22764
       6660.00       3.20916
       6680.00       3.16143
       6700.00       3.10334
       6720.00       3.09676
       6740.00       3.12837
       6760.00       3.07881
       6780.00       3.02466
       6800.00       3.01539
       6820.00       3.03156
       6840.00       3.02046
       6860.00       3.00386
       6880.00       2.94442
       6900.00       2.93478
       6920.00       2.98996
       6940.00       2.97180
       6960.00       2.98705
       6980.00       2.90187
       7000.00       2.88994
       7020.00       2.86865
       7040.00       2.82541
       7060.00       2.83941
       7080.00       2.82060
       7100.00       2.76137
       7120.00       2.74896
       7140.00       2.71843
       7160.00       2.67350
       7180.00       2.72847
       7200.00       2.68871
       7220.00       2.71159
       7240.00       2.63411
       7260.00       2.60019
       7280.00       2.64552
       7300.00       2.64141
       7320.00       2.63524
       7340.00       2.60585
       7360.00       2.55829
       7380.00       2.58621
       7400.00       2.51728
       7420.00       2.45215
       7440.00       2.44795
       7460.00       2.46460
       7480.00       2.39060
       7500.00       2.38389
       7520.00       2.36942
       7540.00       2.38205
       7560.00       2.37440
       7580.00       2.22401
       7600.00       1.83450
       7620.00       2.31995
       7640.00       2.32620
       7660.00       2.27392
       7680.00       2.10652
       7700.00       2.18009
       7720.00       2.21502
       7740.00       2.21620
       7760.00       2.16881
       7780.00       2.19204
       7800.00       2.19262
       7820.00       2.14957
       7840.00       2.18858
       7860.00       2.13863
       7880.00       2.08893
       7900.00       2.05978
       7920.00       2.03336
       7940.00       2.11644
       7960.00       2.07625
       7980.00       2.05669
       8000.00       2.06078
       8020.00       2.06135
       8040.00       2.04482
       8060.00       2.05270
       8080.00       2.03785
       8100.00       2.00610
       8120.00       2.01872
       8140.00       1.94931
       8160.00       1.89804
       8180.00       2.02415
       8200.00       1.78319
       8220.00       1.82842
       8240.00       1.74456
       8260.00       1.80230
       8280.00       1.73982
       8300.00       1.81172
       8320.00       1.76512
       8340.00       1.75631
       8360.00       1.77739
       8380.00       1.74246
       8400.00       1.80197
       8420.00       1.72359
       8440.00       1.68602
       8460.00       1.68173
       8480.00       1.66455
       8500.00       1.76429
       8520.00       1.74939
       8540.00       1.84042
       8560.00       2.07322
       8580.00       1.89357
       8600.00       1.87940
       8620.00       1.91314
       8640.00       1.83120
       8660.00       1.89108
       8680.00       2.00759
       8700.00       2.08318
       8720.00       1.90639
       8740.00       1.80325
       8760.00       1.95670
       8780.00       2.14860
       8800.00       2.02767
       8820.00       2.00315
       8840.00       1.75030
       8860.00       1.70554
       8880.00       1.88552
       8900.00       1.98515
       8920.00       2.01781
       8940.00       2.06001
       8960.00       1.88261
       8980.00       1.60760
       9000.00       1.44897
       9020.00       1.74220
       9040.00       1.92989
       9060.00       1.89640
       9080.00       1.94383
       9100.00       1.97090
       9120.00       1.98780
       9140.00       1.97035
       9160.00       1.92824
       9180.00       1.86357
       9200.00       1.69648
       9220.00       1.49118
       9240.00       1.60756
       9260.00       1.74819
       9280.00       1.66594
       9300.00       1.73629
       9320.00       1.60223
       9340.00       1.90199
       9360.00       1.66422
       9380.00       1.82573
       9400.00       1.80153
       9420.00       1.60496
       9440.00       1.62422
       9460.00       1.64394
       9480.00       1.60716
       9500.00       1.49092
       9520.00       1.35699
       9540.00       1.32638
       9560.00       1.46159
       9580.00       1.55662
       9600.00       1.61466
       9620.00       1.59436
       9640.00       1.57414
       9660.00       1.60094
       9680.00       1.54291
       9700.00       1.54288
       9720.00       1.44591
       9740.00       1.60243
       9760.00       1.55714
       9780.00       1.54823
       9800.00       1.56066
       9820.00       1.55255
       9840.00       1.55587
       9860.00       1.46412
       9880.00       1.43616
       9900.00       1.49062
       9920.00       1.47888
       9940.00       1.50921
       9960.00       1.50746
       9980.00       1.52128
       10000.0       1.43904
       10020.0       1.31875
       10040.0       1.17409
       10060.0       1.41654
       10080.0       1.38720
       10100.0       1.50775
       10120.0       1.47130
       10140.0       1.46614
       10160.0       1.43443
       10180.0       1.43211
       10200.0       1.40683
       10220.0       1.40258
       10240.0       1.42894
       10260.0       1.39637
       10280.0       1.39390
       10300.0       1.40009
       10320.0       1.35469
       10340.0       1.37645
       10360.0       1.45712
       10380.0       1.44671
       10400.0       1.29481
       10420.0       1.34414
       10440.0       1.34937
       10460.0       1.33510
       10480.0       1.28055
       10500.0       1.34723
       10520.0       1.30013
       10540.0       1.37643
       10560.0       1.32246
       10580.0       1.30383
       10600.0       1.35783
       10620.0       1.28645
