       3160.00      0.205195
       3170.00      0.202586
       3180.00      0.209381
       3190.00      0.203753
       3200.00      0.199229
       3210.00      0.208296
       3220.00      0.200889
       3230.00      0.189290
       3240.00      0.192546
       3250.00      0.197025
       3260.00      0.215690
       3270.00      0.217979
       3280.00      0.200153
       3290.00      0.207863
       3300.00      0.217599
       3310.00      0.219573
       3320.00      0.214321
       3330.00      0.216106
       3340.00      0.211828
       3350.00      0.222242
       3360.00      0.215009
       3370.00      0.211418
       3380.00      0.212909
       3390.00      0.214758
       3400.00      0.223090
       3410.00      0.223439
       3420.00      0.228515
       3430.00      0.231656
       3440.00      0.219773
       3450.00      0.219136
       3460.00      0.219491
       3470.00      0.219486
       3480.00      0.221000
       3490.00      0.221436
       3500.00      0.220359
       3510.00      0.229743
       3520.00      0.222818
       3530.00      0.225711
       3540.00      0.242731
       3550.00      0.245727
       3560.00      0.239183
       3570.00      0.228060
       3580.00      0.220039
       3590.00      0.230081
       3600.00      0.241968
       3610.00      0.231822
       3620.00      0.235219
       3630.00      0.234057
       3640.00      0.231620
       3650.00      0.247174
       3660.00      0.251682
       3670.00      0.251250
       3680.00      0.246765
       3690.00      0.253175
       3700.00      0.263250
       3710.00      0.268827
       3720.00      0.282734
       3730.00      0.281142
       3740.00      0.294277
       3750.00      0.317542
       3760.00      0.340270
       3770.00      0.329881
       3780.00      0.388574
       3790.00      0.383282
       3800.00      0.367624
       3810.00      0.448937
       3820.00      0.449960
       3830.00      0.344282
       3840.00      0.350108
       3850.00      0.478441
       3860.00      0.537144
       3870.00      0.526435
       3880.00      0.426651
       3890.00      0.360238
       3900.00      0.427732
       3910.00      0.534252
       3920.00      0.543837
       3930.00      0.410856
       3940.00      0.417549
       3950.00      0.537739
       3960.00      0.419524
       3970.00      0.351255
       3980.00      0.499617
       3990.00      0.621358
       4000.00      0.654558
       4010.00      0.677743
       4020.00      0.686037
       4030.00      0.676540
       4040.00      0.665859
       4050.00      0.664215
       4060.00      0.659592
       4070.00      0.634972
       4080.00      0.610320
       4090.00      0.542599
       4100.00      0.447448
       4110.00      0.508255
       4120.00      0.624699
       4130.00      0.658804
       4140.00      0.672837
       4150.00      0.662673
       4160.00      0.661753
       4170.00      0.646816
       4180.00      0.637531
       4190.00      0.655233
       4200.00      0.665372
       4210.00      0.670810
       4220.00      0.658166
       4230.00      0.649920
       4240.00      0.659609
       4250.00      0.669399
       4260.00      0.668193
       4270.00      0.665754
       4280.00      0.646469
       4290.00      0.611180
       4300.00      0.601804
       4310.00      0.595429
       4320.00      0.579652
       4330.00      0.490547
       4340.00      0.434742
       4350.00      0.529614
       4360.00      0.631540
       4370.00      0.645537
       4380.00      0.633484
       4390.00      0.615677
       4400.00      0.622971
       4410.00      0.637778
       4420.00      0.636546
       4430.00      0.641357
       4440.00      0.634940
       4450.00      0.620864
       4460.00      0.627909
       4470.00      0.638471
       4480.00      0.640308
       4490.00      0.650865
       4500.00      0.669253
       4510.00      0.666389
       4520.00      0.643242
       4530.00      0.637291
       4540.00      0.635956
       4550.00      0.631961
       4560.00      0.642646
       4570.00      0.654918
       4580.00      0.637328
       4590.00      0.635804
       4600.00      0.654636
       4610.00      0.654093
       4620.00      0.659745
       4630.00      0.658051
       4640.00      0.662196
       4650.00      0.659836
       4660.00      0.651746
       4670.00      0.652015
       4680.00      0.668498
       4690.00      0.669725
       4700.00      0.655331
       4710.00      0.657505
       4720.00      0.670739
       4730.00      0.660774
       4740.00      0.663316
       4750.00      0.653408
       4760.00      0.639818
       4770.00      0.646235
       4780.00      0.652561
       4790.00      0.657041
       4800.00      0.653729
       4810.00      0.645452
       4820.00      0.637531
       4830.00      0.616573
       4840.00      0.578353
       4850.00      0.485659
       4860.00      0.433468
       4870.00      0.502503
       4880.00      0.579476
       4890.00      0.602903
       4900.00      0.618301
       4910.00      0.607921
       4920.00      0.603145
       4930.00      0.607347
       4940.00      0.618205
       4950.00      0.618464
       4960.00      0.617530
       4970.00      0.618415
       4980.00      0.611428
       4990.00      0.608021
       5000.00      0.603696
       5010.00      0.579958
       5020.00      0.585741
       5030.00      0.593170
       5040.00      0.592734
       5050.00      0.590883
       5060.00      0.593833
       5070.00      0.589901
       5080.00      0.595474
       5090.00      0.600231
       5100.00      0.591736
       5110.00      0.602689
       5120.00      0.590336
       5130.00      0.582578
       5140.00      0.587192
       5150.00      0.589071
       5160.00      0.569849
       5170.00      0.567543
       5180.00      0.575333
       5190.00      0.567094
       5200.00      0.562056
       5210.00      0.578288
       5220.00      0.572414
       5230.00      0.563470
       5240.00      0.576342
       5250.00      0.578621
       5260.00      0.556414
       5270.00      0.546683
       5280.00      0.566498
       5290.00      0.581300
       5300.00      0.581612
       5310.00      0.573313
       5320.00      0.563934
       5330.00      0.552490
       5340.00      0.565433
       5350.00      0.575362
       5360.00      0.564715
       5370.00      0.571424
       5380.00      0.574582
       5390.00      0.572073
       5400.00      0.557365
       5410.00      0.557197
       5420.00      0.576079
       5430.00      0.569806
       5440.00      0.581393
       5450.00      0.587744
       5460.00      0.583820
       5470.00      0.578204
       5480.00      0.585094
       5490.00      0.582329
       5500.00      0.584663
       5510.00      0.589246
       5520.00      0.585925
       5530.00      0.578117
       5540.00      0.577635
       5550.00      0.581077
       5560.00      0.578913
       5570.00      0.572849
       5580.00      0.570707
       5590.00      0.565236
       5600.00      0.565337
       5610.00      0.567655
       5620.00      0.569966
       5630.00      0.573372
       5640.00      0.566290
       5650.00      0.564737
       5660.00      0.564289
       5670.00      0.560552
       5680.00      0.567230
       5690.00      0.567873
       5700.00      0.562512
       5710.00      0.560982
       5720.00      0.562720
       5730.00      0.561195
       5740.00      0.564552
       5760.00      0.556112
       5780.00      0.550422
       5800.00      0.555494
       5820.00      0.554654
       5840.00      0.551689
       5860.00      0.543438
       5880.00      0.533656
       5900.00      0.533428
       5920.00      0.541082
       5940.00      0.546067
       5960.00      0.544234
       5980.00      0.540854
       6000.00      0.535423
       6020.00      0.532611
       6040.00      0.537026
       6060.00      0.532687
       6080.00      0.540142
       6100.00      0.534802
       6120.00      0.531022
       6140.00      0.519162
       6160.00      0.513943
       6180.00      0.514292
       6200.00      0.522164
       6220.00      0.517985
       6240.00      0.520810
       6260.00      0.516662
       6280.00      0.513036
       6300.00      0.510914
       6320.00      0.513233
       6340.00      0.506219
       6360.00      0.505605
       6380.00      0.504507
       6400.00      0.495156
       6420.00      0.487800
       6440.00      0.483388
       6460.00      0.483817
       6480.00      0.478868
       6500.00      0.475673
       6520.00      0.475787
       6540.00      0.445468
       6560.00      0.406848
       6580.00      0.438318
       6600.00      0.473554
       6620.00      0.473533
       6640.00      0.474449
       6660.00      0.468821
       6680.00      0.473935
       6700.00      0.473449
       6720.00      0.468800
       6740.00      0.465102
       6760.00      0.470627
       6780.00      0.466486
       6800.00      0.466944
       6820.00      0.464662
       6840.00      0.476034
       6860.00      0.448942
       6880.00      0.429059
       6900.00      0.447196
       6920.00      0.457498
       6940.00      0.450354
       6960.00      0.448167
       6980.00      0.445991
       7000.00      0.445161
       7020.00      0.445222
       7040.00      0.446166
       7060.00      0.444902
       7080.00      0.444524
       7100.00      0.438453
       7120.00      0.440279
       7140.00      0.442531
       7160.00      0.447375
       7180.00      0.438766
       7200.00      0.430247
       7220.00      0.429357
       7240.00      0.424434
       7260.00      0.426092
       7280.00      0.423512
       7300.00      0.424396
       7320.00      0.419031
       7340.00      0.416872
       7360.00      0.420979
       7380.00      0.420048
       7400.00      0.425301
       7420.00      0.413928
       7440.00      0.416243
       7460.00      0.412918
       7480.00      0.402833
       7500.00      0.404910
       7520.00      0.395397
       7540.00      0.392492
       7560.00      0.381499
       7580.00      0.356081
       7600.00      0.324576
       7620.00      0.363190
       7640.00      0.377870
       7660.00      0.400553
       7680.00      0.370638
       7700.00      0.388860
       7720.00      0.391599
       7740.00      0.387292
       7760.00      0.383328
       7780.00      0.382303
       7800.00      0.387383
       7820.00      0.391005
       7840.00      0.384217
       7860.00      0.380905
       7880.00      0.383569
       7900.00      0.378385
       7920.00      0.374995
       7940.00      0.373228
       7960.00      0.380729
       7980.00      0.372760
       8000.00      0.374161
       8020.00      0.369699
       8040.00      0.373305
       8060.00      0.373806
       8080.00      0.364298
       8100.00      0.367468
       8120.00      0.378015
       8140.00      0.377736
       8160.00      0.358516
       8180.00      0.355016
       8200.00      0.370572
       8220.00      0.361574
       8240.00      0.377227
       8260.00      0.365697
       8280.00      0.368119
       8300.00      0.376936
       8320.00      0.359658
       8340.00      0.359243
       8360.00      0.358830
       8380.00      0.360163
       8400.00      0.361601
       8420.00      0.359043
       8440.00      0.344117
       8460.00      0.367013
       8480.00      0.361270
       8500.00      0.339602
       8520.00      0.334096
       8540.00      0.328434
       8560.00      0.345323
       8580.00      0.347201
       8600.00      0.342632
       8620.00      0.350568
       8640.00      0.336367
       8660.00      0.331963
       8680.00      0.351477
       8700.00      0.362108
       8720.00      0.330927
       8740.00      0.320349
       8760.00      0.330268
       8780.00      0.350308
       8800.00      0.335729
       8820.00      0.339340
       8840.00      0.315213
       8860.00      0.309060
       8880.00      0.334665
       8900.00      0.332970
       8920.00      0.343798
       8940.00      0.332663
       8960.00      0.338619
       8980.00      0.329553
       9000.00      0.296271
       9020.00      0.329333
       9040.00      0.337239
       9060.00      0.332410
       9080.00      0.316608
       9100.00      0.323020
       9120.00      0.334827
       9140.00      0.328650
       9160.00      0.325454
       9180.00      0.321357
       9200.00      0.323464
       9220.00      0.291056
       9240.00      0.305606
       9260.00      0.318245
       9280.00      0.324329
       9300.00      0.300123
       9320.00      0.304918
       9340.00      0.347284
       9360.00      0.329929
       9380.00      0.342819
       9400.00      0.351684
       9420.00      0.300526
       9440.00      0.303414
       9460.00      0.309709
       9480.00      0.260570
       9500.00      0.312399
       9520.00      0.290607
       9540.00      0.281685
       9560.00      0.298629
       9580.00      0.308816
       9600.00      0.306909
       9620.00      0.319137
       9640.00      0.299538
       9660.00      0.314082
       9680.00      0.316967
       9700.00      0.311183
       9720.00      0.311727
       9740.00      0.306425
       9760.00      0.315229
       9780.00      0.321485
       9800.00      0.305469
       9820.00      0.311181
       9840.00      0.310043
       9860.00      0.316668
       9880.00      0.303846
       9900.00      0.317588
       9920.00      0.312778
       9940.00      0.309427
       9960.00      0.299063
       9980.00      0.313484
       10000.0      0.300075
       10020.0      0.283120
       10040.0      0.273542
       10060.0      0.284560
       10080.0      0.295750
       10100.0      0.286142
       10120.0      0.291477
       10140.0      0.290381
       10160.0      0.285524
       10180.0      0.283008
       10200.0      0.303917
       10220.0      0.280348
       10240.0      0.295320
       10260.0      0.286742
       10280.0      0.278349
       10300.0      0.281673
       10320.0      0.277692
       10340.0      0.289697
       10360.0      0.273888
       10380.0      0.289809
       10400.0      0.286052
       10420.0      0.263328
       10440.0      0.279534
       10460.0      0.256463
       10480.0      0.275411
       10500.0      0.275538
       10520.0      0.264076
       10540.0      0.258146
       10560.0      0.277271
       10580.0      0.251321
       10600.0      0.262758
       10620.0      0.271107
