       3160.00      0.961916
       3170.00      0.691689
       3180.00      0.851883
       3190.00       1.00996
       3200.00      0.880267
       3210.00      0.797650
       3220.00      0.778149
       3230.00      0.788331
       3240.00      0.899416
       3250.00      0.741041
       3260.00      0.805485
       3270.00      0.939292
       3280.00      0.781165
       3290.00      0.977117
       3300.00      0.942005
       3310.00      0.929544
       3320.00      0.948581
       3330.00      0.937767
       3340.00      0.937607
       3350.00      0.986536
       3360.00      0.857295
       3370.00      0.810151
       3380.00      0.962085
       3390.00      0.924299
       3400.00      0.968388
       3410.00      0.951028
       3420.00      0.965310
       3430.00      0.968682
       3440.00      0.818339
       3450.00      0.881572
       3460.00      0.971526
       3470.00      0.897384
       3480.00      0.846026
       3490.00      0.918588
       3500.00      0.956381
       3510.00       1.03880
       3520.00      0.956976
       3530.00      0.952261
       3540.00       1.05197
       3550.00       1.06096
       3560.00      0.924368
       3570.00      0.849463
       3580.00      0.736944
       3590.00      0.886598
       3600.00       1.06145
       3610.00       1.04088
       3620.00       1.02384
       3630.00       1.03904
       3640.00       1.04833
       3650.00       1.23537
       3660.00       1.26919
       3670.00       1.29802
       3680.00       1.28632
       3690.00       1.31925
       3700.00       1.31091
       3710.00       1.25018
       3720.00       1.25870
       3730.00       1.08704
       3740.00       1.01794
       3750.00       1.12273
       3760.00       1.22368
       3770.00       1.29407
       3780.00       1.38187
       3790.00       1.23219
       3800.00       1.18986
       3810.00       1.18720
       3820.00      0.962828
       3830.00      0.786257
       3840.00      0.869860
       3850.00      0.953029
       3860.00      0.892839
       3870.00      0.987398
       3880.00       1.01174
       3890.00       1.22142
       3900.00       1.40691
       3910.00       1.48290
       3920.00       1.28470
       3930.00      0.882785
       3940.00       1.00396
       3950.00       1.47192
       3960.00       1.20073
       3970.00       1.07789
       3980.00       1.69896
       3990.00       2.09578
       4000.00       2.16348
       4010.00       2.29522
       4020.00       2.32206
       4030.00       2.25224
       4040.00       2.18320
       4050.00       2.17781
       4060.00       2.08534
       4070.00       2.11845
       4080.00       2.23807
       4090.00       2.25249
       4100.00       2.11244
       4110.00       2.19076
       4120.00       2.34296
       4130.00       2.29875
       4140.00       2.28466
       4150.00       2.30173
       4160.00       2.29875
       4170.00       2.33055
       4180.00       2.18496
       4190.00       2.22363
       4200.00       2.33327
       4210.00       2.45710
       4220.00       2.35113
       4230.00       2.32634
       4240.00       2.38216
       4250.00       2.35658
       4260.00       2.36724
       4270.00       2.30786
       4280.00       2.22562
       4290.00       2.09019
       4300.00       1.71975
       4310.00       2.06982
       4320.00       2.43915
       4330.00       2.28854
       4340.00       2.34805
       4350.00       2.47233
       4360.00       2.62564
       4370.00       2.58362
       4380.00       2.39443
       4390.00       2.41919
       4400.00       2.59293
       4410.00       2.64559
       4420.00       2.74722
       4430.00       2.75818
       4440.00       2.73564
       4450.00       2.71916
       4460.00       2.67619
       4470.00       2.83675
       4480.00       2.95159
       4490.00       2.95053
       4500.00       3.01392
       4510.00       3.12015
       4520.00       2.90708
       4530.00       2.84641
       4540.00       2.88999
       4550.00       2.93455
       4560.00       3.02584
       4570.00       2.94144
       4580.00       2.92614
       4590.00       2.84618
       4600.00       2.94033
       4610.00       3.04403
       4620.00       3.00568
       4630.00       3.01102
       4640.00       2.88868
       4650.00       2.87410
       4660.00       2.88691
       4670.00       2.80273
       4680.00       2.88062
       4690.00       2.88465
       4700.00       2.87325
       4710.00       2.93285
       4720.00       3.08436
       4730.00       3.08606
       4740.00       3.14670
       4750.00       3.16986
       4760.00       3.07850
       4770.00       3.21773
       4780.00       3.22987
       4790.00       3.20614
       4800.00       3.27793
       4810.00       3.36082
       4820.00       3.25699
       4830.00       3.22535
       4840.00       3.17923
       4850.00       2.91054
       4860.00       2.70116
       4870.00       2.81834
       4880.00       3.04990
       4890.00       3.11020
       4900.00       3.19191
       4910.00       3.03091
       4920.00       3.00750
       4930.00       3.07134
       4940.00       3.16069
       4950.00       3.25540
       4960.00       3.22887
       4970.00       3.27539
       4980.00       3.15412
       4990.00       3.05532
       5000.00       3.13196
       5010.00       2.95453
       5020.00       2.97647
       5030.00       3.07813
       5040.00       3.12921
       5050.00       3.15312
       5060.00       3.20420
       5070.00       3.13057
       5080.00       3.08647
       5090.00       3.06199
       5100.00       3.07124
       5110.00       3.14274
       5120.00       3.10863
       5130.00       3.04432
       5140.00       2.97510
       5150.00       3.08057
       5160.00       2.82306
       5170.00       2.75570
       5180.00       2.87600
       5190.00       2.91918
       5200.00       3.04312
       5210.00       3.12010
       5220.00       3.07076
       5230.00       3.05711
       5240.00       3.14509
       5250.00       3.22095
       5260.00       3.03060
       5270.00       2.94264
       5280.00       3.08275
       5290.00       3.25943
       5300.00       3.28364
       5310.00       3.33674
       5320.00       3.16859
       5330.00       3.07440
       5340.00       3.17626
       5350.00       3.26948
       5360.00       3.24161
       5370.00       3.20594
       5380.00       3.20984
       5390.00       3.18912
       5400.00       3.07286
       5410.00       3.09496
       5420.00       3.17049
       5430.00       3.16432
       5440.00       3.27650
       5450.00       3.35160
       5460.00       3.22920
       5470.00       3.26500
       5480.00       3.19482
       5490.00       3.20865
       5500.00       3.21182
       5510.00       3.19925
       5520.00       3.24503
       5530.00       3.23916
       5540.00       3.22055
       5550.00       3.30077
       5560.00       3.25985
       5570.00       3.19685
       5580.00       3.23549
       5590.00       3.16264
       5600.00       3.27446
       5610.00       3.27492
       5620.00       3.29427
       5630.00       3.24759
       5640.00       3.34529
       5650.00       3.22044
       5660.00       3.25224
       5670.00       3.27457
       5680.00       3.27192
       5690.00       3.27549
       5700.00       3.28526
       5710.00       3.22376
       5720.00       3.32633
       5730.00       3.44087
       5740.00       3.45644
       5760.00       3.35541
       5780.00       3.38969
       5800.00       3.42983
       5820.00       3.50920
       5840.00       3.40029
       5860.00       3.31928
       5880.00       3.23882
       5900.00       3.29078
       5920.00       3.33940
       5940.00       3.34304
       5960.00       3.33776
       5980.00       3.29111
       6000.00       3.28309
       6020.00       3.26337
       6040.00       3.30819
       6060.00       3.30602
       6080.00       3.33296
       6100.00       3.40030
       6120.00       3.29961
       6140.00       3.22551
       6160.00       3.20642
       6180.00       3.31336
       6200.00       3.35116
       6220.00       3.30911
       6240.00       3.23333
       6260.00       3.28796
       6280.00       3.28313
       6300.00       3.35971
       6320.00       3.28193
       6340.00       3.31620
       6360.00       3.32802
       6380.00       3.38133
       6400.00       3.31274
       6420.00       3.38230
       6440.00       3.35532
       6460.00       3.31208
       6480.00       3.33188
       6500.00       3.30258
       6520.00       3.33313
       6540.00       3.24183
       6560.00       3.13760
       6580.00       3.27318
       6600.00       3.37311
       6620.00       3.34689
       6640.00       3.33681
       6660.00       3.36396
       6680.00       3.31683
       6700.00       3.28581
       6720.00       3.24972
       6740.00       3.29517
       6760.00       3.27758
       6780.00       3.30442
       6800.00       3.37271
       6820.00       3.31356
       6840.00       3.37626
       6860.00       3.32002
       6880.00       3.22555
       6900.00       3.40328
       6920.00       3.36022
       6940.00       3.34799
       6960.00       3.27994
       6980.00       3.25027
       7000.00       3.15257
       7020.00       3.26702
       7040.00       3.30546
       7060.00       3.24851
       7080.00       3.24433
       7100.00       3.22522
       7120.00       3.19878
       7140.00       3.16258
       7160.00       3.17350
       7180.00       3.14496
       7200.00       3.09693
       7220.00       3.17162
       7240.00       3.12622
       7260.00       3.13953
       7280.00       3.08719
       7300.00       3.12475
       7320.00       3.11380
       7340.00       3.08363
       7360.00       3.09928
       7380.00       3.06452
       7400.00       3.02040
       7420.00       3.00987
       7440.00       3.04456
       7460.00       3.08855
       7480.00       3.10866
       7500.00       3.08151
       7520.00       3.20734
       7540.00       3.29733
       7560.00       3.39620
       7580.00       3.18195
       7600.00       2.53840
       7620.00       3.23487
       7640.00       3.11299
       7660.00       3.07023
       7680.00       2.85502
       7700.00       2.96702
       7720.00       2.94559
       7740.00       2.97910
       7760.00       2.97370
       7780.00       3.00469
       7800.00       2.99246
       7820.00       2.98028
       7840.00       2.98396
       7860.00       2.92462
       7880.00       2.99574
       7900.00       2.92548
       7920.00       2.87344
       7940.00       2.96419
       7960.00       2.97229
       7980.00       2.98922
       8000.00       2.94859
       8020.00       2.94565
       8040.00       2.98670
       8060.00       3.01220
       8080.00       2.98505
       8100.00       2.95148
       8120.00       3.06834
       8140.00       3.12814
       8160.00       2.93195
       8180.00       2.95504
       8200.00       2.89177
       8220.00       2.96002
       8240.00       3.07730
       8260.00       3.06771
       8280.00       3.00051
       8300.00       2.98475
       8320.00       2.90957
       8340.00       2.87079
       8360.00       3.06063
       8380.00       3.07232
       8400.00       3.06290
       8420.00       2.95692
       8440.00       2.87449
       8460.00       2.87605
       8480.00       2.75667
       8500.00       2.87916
       8520.00       2.66901
       8540.00       2.67932
       8560.00       2.71644
       8580.00       2.93681
       8600.00       2.81484
       8620.00       2.83703
       8640.00       2.83865
       8660.00       2.77696
       8680.00       2.79501
       8700.00       2.88411
       8720.00       2.77205
       8740.00       2.78796
       8760.00       2.81389
       8780.00       2.76922
       8800.00       2.72072
       8820.00       2.74663
       8840.00       2.79043
       8860.00       2.79411
       8880.00       2.70418
       8900.00       2.72393
       8920.00       2.74954
       8940.00       2.77306
       8960.00       2.68793
       8980.00       2.70360
       9000.00       2.56399
       9020.00       2.76415
       9040.00       2.83236
       9060.00       2.74414
       9080.00       2.56672
       9100.00       2.68932
       9120.00       2.64853
       9140.00       2.58663
       9160.00       2.46322
       9180.00       2.70827
       9200.00       2.64664
       9220.00       2.67542
       9240.00       2.60839
       9260.00       2.58748
       9280.00       2.87344
       9300.00       2.59346
       9320.00       2.39437
       9340.00       2.71109
       9360.00       2.59195
       9380.00       2.64486
       9400.00       2.94022
       9420.00       2.50786
       9440.00       2.55313
       9460.00       2.71970
       9480.00       2.61137
       9500.00       2.46999
       9520.00       2.58739
       9540.00       2.69504
       9560.00       2.63391
       9580.00       2.59703
       9600.00       2.52531
       9620.00       2.48146
       9640.00       2.45247
       9660.00       2.44556
       9680.00       2.58299
       9700.00       2.57037
       9720.00       2.57782
       9740.00       2.53621
       9760.00       2.44405
       9780.00       2.50957
       9800.00       2.48640
       9820.00       2.45073
       9840.00       2.44215
       9860.00       2.38340
       9880.00       2.38931
       9900.00       2.33090
       9920.00       2.36363
       9940.00       2.39090
       9960.00       2.38787
       9980.00       2.37777
       10000.0       2.42960
       10020.0       2.41593
       10040.0       2.48157
       10060.0       2.60495
       10080.0       2.49452
       10100.0       2.47208
       10120.0       2.30993
       10140.0       2.42047
       10160.0       2.46270
       10180.0       2.32758
       10200.0       2.23461
       10220.0       2.41537
       10240.0       2.31222
       10260.0       2.33012
       10280.0       2.40471
       10300.0       2.33309
       10320.0       2.36969
       10340.0       2.38220
       10360.0       2.46807
       10380.0       2.39517
       10400.0       2.37696
       10420.0       2.28925
       10440.0       2.23405
       10460.0       2.16892
       10480.0       2.33520
       10500.0       2.32738
       10520.0       2.25740
       10540.0       2.19104
       10560.0       2.30746
       10580.0       2.24460
       10600.0       2.22702
       10620.0       2.16288
