       3160.00       1.53617
       3170.00       1.58120
       3180.00       1.63535
       3190.00       1.55387
       3200.00       1.74131
       3210.00       1.70793
       3220.00       1.23908
       3230.00       1.48303
       3240.00       1.73959
       3250.00       2.03139
       3260.00       2.29125
       3270.00       2.17317
       3280.00       2.11573
       3290.00       2.26646
       3300.00       2.39296
       3310.00       2.23727
       3320.00       2.21638
       3330.00       2.11733
       3340.00       2.16472
       3350.00       2.31388
       3360.00       2.09715
       3370.00       1.96793
       3380.00       2.17956
       3390.00       2.33574
       3400.00       2.39799
       3410.00       2.32705
       3420.00       2.35773
       3430.00       2.39321
       3440.00       2.01484
       3450.00       2.06845
       3460.00       2.33418
       3470.00       2.26588
       3480.00       2.19674
       3490.00       2.24432
       3500.00       2.46622
       3510.00       2.64424
       3520.00       2.29439
       3530.00       2.44163
       3540.00       2.81376
       3550.00       2.70111
       3560.00       2.45706
       3570.00       2.15932
       3580.00       1.78685
       3590.00       2.10801
       3600.00       2.61612
       3610.00       2.30821
       3620.00       2.54264
       3630.00       2.70633
       3640.00       2.53454
       3650.00       2.92916
       3660.00       3.20486
       3670.00       3.18449
       3680.00       2.97379
       3690.00       3.08616
       3700.00       3.06743
       3710.00       3.00963
       3720.00       2.91999
       3730.00       2.33820
       3740.00       2.08173
       3750.00       2.47387
       3760.00       2.72754
       3770.00       3.09888
       3780.00       3.40156
       3790.00       3.00586
       3800.00       2.94060
       3810.00       2.87008
       3820.00       2.17013
       3830.00       1.73046
       3840.00       2.06090
       3850.00       2.34968
       3860.00       2.33584
       3870.00       2.39274
       3880.00       2.37556
       3890.00       2.81874
       3900.00       3.22459
       3910.00       3.46442
       3920.00       3.13728
       3930.00       1.94521
       3940.00       2.13766
       3950.00       3.33955
       3960.00       2.67935
       3970.00       2.47025
       3980.00       3.70626
       3990.00       4.63407
       4000.00       4.89703
       4010.00       5.16188
       4020.00       5.37439
       4030.00       5.23912
       4040.00       4.96807
       4050.00       4.94841
       4060.00       4.89097
       4070.00       4.79076
       4080.00       5.19167
       4090.00       5.49659
       4100.00       5.19448
       4110.00       5.50935
       4120.00       5.70963
       4130.00       5.62338
       4140.00       5.48181
       4150.00       5.32239
       4160.00       5.57975
       4170.00       5.48439
       4180.00       5.25148
       4190.00       5.29300
       4200.00       5.50829
       4210.00       5.77637
       4220.00       5.41435
       4230.00       5.21567
       4240.00       5.51075
       4250.00       5.39724
       4260.00       5.48287
       4270.00       5.33894
       4280.00       5.22163
       4290.00       4.81203
       4300.00       4.08235
       4310.00       4.78573
       4320.00       5.60356
       4330.00       5.50871
       4340.00       5.79534
       4350.00       6.04332
       4360.00       6.33034
       4370.00       6.36866
       4380.00       5.57071
       4390.00       5.70110
       4400.00       5.98630
       4410.00       6.31380
       4420.00       6.64852
       4430.00       6.63255
       4440.00       6.73599
       4450.00       6.51055
       4460.00       6.41931
       4470.00       6.85712
       4480.00       6.99633
       4490.00       6.99978
       4500.00       7.32608
       4510.00       7.42732
       4520.00       6.94954
       4530.00       6.74177
       4540.00       6.93869
       4550.00       7.13663
       4560.00       7.28029
       4570.00       7.39339
       4580.00       7.30261
       4590.00       7.17498
       4600.00       7.23742
       4610.00       7.46365
       4620.00       7.63340
       4630.00       7.58830
       4640.00       7.30304
       4650.00       7.28917
       4660.00       7.18091
       4670.00       7.11978
       4680.00       7.32918
       4690.00       7.30171
       4700.00       7.14707
       4710.00       7.31607
       4720.00       7.64459
       4730.00       7.53719
       4740.00       7.75748
       4750.00       7.75464
       4760.00       7.55432
       4770.00       7.78305
       4780.00       7.85169
       4790.00       7.83351
       4800.00       7.95963
       4810.00       7.96441
       4820.00       7.88405
       4830.00       7.77130
       4840.00       7.72169
       4850.00       7.21942
       4860.00       6.65768
       4870.00       6.90373
       4880.00       7.19781
       4890.00       7.49331
       4900.00       7.72132
       4910.00       7.40883
       4920.00       7.37118
       4930.00       7.56686
       4940.00       7.73233
       4950.00       7.77800
       4960.00       7.68478
       4970.00       7.81204
       4980.00       7.60844
       4990.00       7.55808
       5000.00       7.48571
       5010.00       7.24218
       5020.00       7.36140
       5030.00       7.53026
       5040.00       7.42290
       5050.00       7.63667
       5060.00       7.71109
       5070.00       7.39162
       5080.00       7.41997
       5090.00       7.53636
       5100.00       7.44701
       5110.00       7.74017
       5120.00       7.61823
       5130.00       7.40763
       5140.00       7.42231
       5150.00       7.51245
       5160.00       7.04739
       5170.00       6.57007
       5180.00       6.74877
       5190.00       7.03794
       5200.00       7.42049
       5210.00       7.52025
       5220.00       7.53941
       5230.00       7.50457
       5240.00       7.78627
       5250.00       7.88213
       5260.00       7.23105
       5270.00       7.06489
       5280.00       7.73052
       5290.00       7.88392
       5300.00       7.96015
       5310.00       8.10370
       5320.00       7.75352
       5330.00       7.61791
       5340.00       7.88612
       5350.00       7.96963
       5360.00       8.06796
       5370.00       7.71316
       5380.00       7.78381
       5390.00       7.68691
       5400.00       7.38939
       5410.00       7.51869
       5420.00       7.63491
       5430.00       7.65547
       5440.00       7.67203
       5450.00       7.75596
       5460.00       7.75819
       5470.00       7.72761
       5480.00       7.64099
       5490.00       7.83022
       5500.00       7.84706
       5510.00       7.80955
       5520.00       7.92701
       5530.00       7.80449
       5540.00       7.83668
       5550.00       7.96885
       5560.00       7.82386
       5570.00       7.73310
       5580.00       7.68095
       5590.00       7.65956
       5600.00       7.55508
       5610.00       7.78460
       5620.00       7.79356
       5630.00       7.89356
       5640.00       7.84926
       5650.00       7.85050
       5660.00       7.82153
       5670.00       7.89063
       5680.00       7.97454
       5690.00       7.96053
       5700.00       7.92407
       5710.00       7.74555
       5720.00       8.00842
       5730.00       8.22563
       5740.00       8.09963
       5760.00       7.98990
       5780.00       7.99922
       5800.00       8.09688
       5820.00       8.24527
       5840.00       8.10728
       5860.00       8.06503
       5880.00       7.72510
       5900.00       7.66994
       5920.00       8.01938
       5940.00       8.03554
       5960.00       8.02291
       5980.00       7.98893
       6000.00       7.93382
       6020.00       8.02813
       6040.00       8.17841
       6060.00       8.20078
       6080.00       8.16678
       6100.00       8.31513
       6120.00       8.23210
       6140.00       7.91994
       6160.00       7.92892
       6180.00       8.04846
       6200.00       8.10520
       6220.00       8.05853
       6240.00       7.92998
       6260.00       8.06847
       6280.00       8.05639
       6300.00       8.09864
       6320.00       8.05949
       6340.00       8.10146
       6360.00       8.12974
       6380.00       8.12435
       6400.00       8.13902
       6420.00       8.16691
       6440.00       8.14155
       6460.00       8.15603
       6480.00       8.04513
       6500.00       8.09269
       6520.00       8.22516
       6540.00       7.88638
       6560.00       7.74509
       6580.00       8.16964
       6600.00       8.24848
       6620.00       8.23647
       6640.00       8.17948
       6660.00       8.12284
       6680.00       8.17528
       6700.00       7.99781
       6720.00       8.01852
       6740.00       7.99472
       6760.00       7.97107
       6780.00       7.90974
       6800.00       8.03729
       6820.00       8.08265
       6840.00       8.22769
       6860.00       7.73652
       6880.00       7.50907
       6900.00       7.77218
       6920.00       7.79912
       6940.00       7.70275
       6960.00       7.71132
       6980.00       7.60351
       7000.00       7.58789
       7020.00       7.50541
       7040.00       7.66618
       7060.00       7.64446
       7080.00       7.62287
       7100.00       7.60741
       7120.00       7.58004
       7140.00       7.53487
       7160.00       7.48995
       7180.00       7.37386
       7200.00       7.24655
       7220.00       7.35669
       7240.00       7.27144
       7260.00       7.21609
       7280.00       7.24910
       7300.00       7.29362
       7320.00       7.31456
       7340.00       7.33538
       7360.00       7.33287
       7380.00       7.28983
       7400.00       7.18929
       7420.00       7.25054
       7440.00       7.38612
       7460.00       7.39496
       7480.00       7.40946
       7500.00       7.38400
       7520.00       7.58030
       7540.00       7.75855
       7560.00       7.85107
       7580.00       7.39063
       7600.00       6.33663
       7620.00       7.21164
       7640.00       7.09209
       7660.00       7.21861
       7680.00       6.86597
       7700.00       7.26991
       7720.00       7.36178
       7740.00       7.50286
       7760.00       7.46149
       7780.00       7.38739
       7800.00       7.47254
       7820.00       7.36599
       7840.00       7.35810
       7860.00       7.37744
       7880.00       7.26110
       7900.00       7.21567
       7920.00       7.04638
       7940.00       6.98020
       7960.00       7.10223
       7980.00       7.05766
       8000.00       7.04002
       8020.00       6.97451
       8040.00       7.04220
       8060.00       7.05653
       8080.00       6.96502
       8100.00       6.85287
       8120.00       6.93598
       8140.00       6.78770
       8160.00       6.51446
       8180.00       6.58734
       8200.00       6.95690
       8220.00       6.59687
       8240.00       6.67939
       8260.00       7.03570
       8280.00       6.85356
       8300.00       6.82160
       8320.00       6.61003
       8340.00       6.60955
       8360.00       6.85953
       8380.00       6.95534
       8400.00       6.99983
       8420.00       6.79035
       8440.00       6.73882
       8460.00       6.82391
       8480.00       6.62137
       8500.00       6.61082
       8520.00       6.33450
       8540.00       6.38471
       8560.00       6.90893
       8580.00       6.92270
       8600.00       6.75257
       8620.00       6.83605
       8640.00       6.66691
       8660.00       6.52815
       8680.00       6.80357
       8700.00       6.84686
       8720.00       6.68905
       8740.00       6.82531
       8760.00       6.70729
       8780.00       6.77474
       8800.00       6.77392
       8820.00       6.65681
       8840.00       6.63692
       8860.00       6.59782
       8880.00       6.51559
       8900.00       6.40012
       8920.00       6.50554
       8940.00       6.49098
       8960.00       6.35250
       8980.00       6.20511
       9000.00       5.84947
       9020.00       6.20128
       9040.00       6.53735
       9060.00       6.26351
       9080.00       5.98147
       9100.00       6.21250
       9120.00       6.05832
       9140.00       6.02636
       9160.00       5.83593
       9180.00       6.06527
       9200.00       6.22858
       9220.00       6.15482
       9240.00       6.07675
       9260.00       5.86520
       9280.00       6.27619
       9300.00       5.76186
       9320.00       5.27725
       9340.00       5.67771
       9360.00       5.09948
       9380.00       5.74916
       9400.00       6.06878
       9420.00       4.98081
       9440.00       5.06079
       9460.00       5.37532
       9480.00       5.24227
       9500.00       5.53261
       9520.00       5.50752
       9540.00       5.58108
       9560.00       5.60963
       9580.00       5.55777
       9600.00       5.43046
       9620.00       5.47692
       9640.00       5.46999
       9660.00       5.74619
       9680.00       5.86234
       9700.00       5.79298
       9720.00       5.57004
       9740.00       5.69461
       9760.00       5.49905
       9780.00       5.69754
       9800.00       5.70335
       9820.00       5.73090
       9840.00       5.58028
       9860.00       5.73365
       9880.00       5.60959
       9900.00       5.56805
       9920.00       5.62574
       9940.00       5.57573
       9960.00       5.59028
       9980.00       5.63045
       10000.0       5.60637
       10020.0       5.73592
       10040.0       5.69470
       10060.0       5.67063
       10080.0       5.64666
       10100.0       5.54240
       10120.0       5.50612
       10140.0       5.49947
       10160.0       5.42135
       10180.0       5.25539
       10200.0       5.42942
       10220.0       5.36025
       10240.0       5.37065
       10260.0       5.28521
       10280.0       5.43289
       10300.0       5.22735
       10320.0       5.15097
       10340.0       5.15340
       10360.0       5.18883
       10380.0       5.13766
       10400.0       5.09902
       10420.0       5.11384
       10440.0       5.08358
       10460.0       5.06160
       10480.0       4.88884
       10500.0       5.07488
       10520.0       4.94743
       10540.0       4.97859
       10560.0       4.98939
       10580.0       4.89918
       10600.0       4.74481
       10620.0       4.77611
