       3160.00      0.124353
       3170.00      0.147407
       3180.00      0.162083
       3190.00      0.154224
       3200.00      0.169146
       3210.00      0.158779
       3220.00      0.138563
       3230.00      0.132119
       3240.00      0.140987
       3250.00      0.179354
       3260.00      0.199210
       3270.00      0.196552
       3280.00      0.188511
       3290.00      0.211212
       3300.00      0.217243
       3310.00      0.194465
       3320.00      0.198925
       3330.00      0.194878
       3340.00      0.206188
       3350.00      0.202429
       3360.00      0.181459
       3370.00      0.181631
       3380.00      0.204597
       3390.00      0.203852
       3400.00      0.206772
       3410.00      0.208130
       3420.00      0.214378
       3430.00      0.202312
       3440.00      0.183082
       3450.00      0.188377
       3460.00      0.202356
       3470.00      0.198187
       3480.00      0.186066
       3490.00      0.191703
       3500.00      0.221648
       3510.00      0.222789
       3520.00      0.209104
       3530.00      0.220713
       3540.00      0.245235
       3550.00      0.223649
       3560.00      0.190354
       3570.00      0.182314
       3580.00      0.161886
       3590.00      0.205027
       3600.00      0.243009
       3610.00      0.216485
       3620.00      0.244575
       3630.00      0.266841
       3640.00      0.252434
       3650.00      0.292126
       3660.00      0.324802
       3670.00      0.305139
       3680.00      0.298588
       3690.00      0.319308
       3700.00      0.313530
       3710.00      0.291530
       3720.00      0.279554
       3730.00      0.247498
       3740.00      0.223803
       3750.00      0.252304
       3760.00      0.285616
       3770.00      0.310120
       3780.00      0.323100
       3790.00      0.273506
       3800.00      0.273164
       3810.00      0.257249
       3820.00      0.183912
       3830.00      0.163190
       3840.00      0.189684
       3850.00      0.205103
       3860.00      0.195273
       3870.00      0.214801
       3880.00      0.236820
       3890.00      0.300554
       3900.00      0.342364
       3910.00      0.355931
       3920.00      0.304602
       3930.00      0.208721
       3940.00      0.266981
       3950.00      0.360808
       3960.00      0.279530
       3970.00      0.268580
       3980.00      0.448993
       3990.00      0.499563
       4000.00      0.531216
       4010.00      0.553283
       4020.00      0.571669
       4030.00      0.546500
       4040.00      0.526904
       4050.00      0.515795
       4060.00      0.507452
       4070.00      0.514907
       4080.00      0.562910
       4090.00      0.551822
       4100.00      0.526430
       4110.00      0.572541
       4120.00      0.571151
       4130.00      0.558413
       4140.00      0.547932
       4150.00      0.531850
       4160.00      0.549209
       4170.00      0.540088
       4180.00      0.534559
       4190.00      0.531228
       4200.00      0.552980
       4210.00      0.602138
       4220.00      0.576556
       4230.00      0.569423
       4240.00      0.595507
       4250.00      0.596696
       4260.00      0.581028
       4270.00      0.583926
       4280.00      0.571492
       4290.00      0.513267
       4300.00      0.430827
       4310.00      0.529650
       4320.00      0.623585
       4330.00      0.586224
       4340.00      0.605053
       4350.00      0.648109
       4360.00      0.671210
       4370.00      0.658941
       4380.00      0.589694
       4390.00      0.607864
       4400.00      0.649772
       4410.00      0.674777
       4420.00      0.694797
       4430.00      0.689664
       4440.00      0.707081
       4450.00      0.676132
       4460.00      0.676226
       4470.00      0.722142
       4480.00      0.745634
       4490.00      0.756870
       4500.00      0.792730
       4510.00      0.785242
       4520.00      0.729400
       4530.00      0.722931
       4540.00      0.748429
       4550.00      0.769924
       4560.00      0.787022
       4570.00      0.784986
       4580.00      0.773658
       4590.00      0.760504
       4600.00      0.774248
       4610.00      0.796445
       4620.00      0.812228
       4630.00      0.781945
       4640.00      0.744882
       4650.00      0.746574
       4660.00      0.737578
       4670.00      0.707612
       4680.00      0.727268
       4690.00      0.727349
       4700.00      0.717961
       4710.00      0.751187
       4720.00      0.791268
       4730.00      0.783524
       4740.00      0.812262
       4750.00      0.812970
       4760.00      0.785222
       4770.00      0.813574
       4780.00      0.843610
       4790.00      0.834456
       4800.00      0.852060
       4810.00      0.858447
       4820.00      0.856566
       4830.00      0.828140
       4840.00      0.815552
       4850.00      0.759599
       4860.00      0.706831
       4870.00      0.753237
       4880.00      0.778760
       4890.00      0.808192
       4900.00      0.842582
       4910.00      0.794860
       4920.00      0.793245
       4930.00      0.812895
       4940.00      0.836728
       4950.00      0.849636
       4960.00      0.846476
       4970.00      0.835914
       4980.00      0.827893
       4990.00      0.817410
       5000.00      0.779883
       5010.00      0.763520
       5020.00      0.784021
       5030.00      0.815382
       5040.00      0.808732
       5050.00      0.846837
       5060.00      0.851690
       5070.00      0.810082
       5080.00      0.804436
       5090.00      0.804830
       5100.00      0.790866
       5110.00      0.811046
       5120.00      0.812827
       5130.00      0.779990
       5140.00      0.786666
       5150.00      0.792573
       5160.00      0.715819
       5170.00      0.704808
       5180.00      0.750103
       5190.00      0.767285
       5200.00      0.808973
       5210.00      0.819729
       5220.00      0.810549
       5230.00      0.816319
       5240.00      0.845540
       5250.00      0.852407
       5260.00      0.779092
       5270.00      0.757181
       5280.00      0.851371
       5290.00      0.877354
       5300.00      0.884548
       5310.00      0.903070
       5320.00      0.841731
       5330.00      0.842127
       5340.00      0.874785
       5350.00      0.899002
       5360.00      0.908932
       5370.00      0.874711
       5380.00      0.886872
       5390.00      0.864983
       5400.00      0.822259
       5410.00      0.830913
       5420.00      0.860725
       5430.00      0.856408
       5440.00      0.875683
       5450.00      0.893044
       5460.00      0.901926
       5470.00      0.868431
       5480.00      0.845712
       5490.00      0.876076
       5500.00      0.888406
       5510.00      0.885056
       5520.00      0.885187
       5530.00      0.876663
       5540.00      0.891493
       5550.00      0.895061
       5560.00      0.884844
       5570.00      0.865212
       5580.00      0.862804
       5590.00      0.851843
       5600.00      0.851689
       5610.00      0.884635
       5620.00      0.886467
       5630.00      0.877242
       5640.00      0.882475
       5650.00      0.889384
       5660.00      0.882739
       5670.00      0.884558
       5680.00      0.894797
       5690.00      0.892383
       5700.00      0.901732
       5710.00      0.878362
       5720.00      0.916150
       5730.00      0.926244
       5740.00      0.925464
       5760.00      0.918096
       5780.00      0.928995
       5800.00      0.957146
       5820.00      0.958791
       5840.00      0.939937
       5860.00      0.925296
       5880.00      0.882267
       5900.00      0.889010
       5920.00      0.938553
       5940.00      0.943450
       5960.00      0.945102
       5980.00      0.946742
       6000.00      0.934015
       6020.00      0.938067
       6040.00      0.946846
       6060.00      0.944511
       6080.00      0.955572
       6100.00      0.945378
       6120.00      0.943070
       6140.00      0.906483
       6160.00      0.912863
       6180.00      0.919201
       6200.00      0.916236
       6220.00      0.916367
       6240.00      0.905761
       6260.00      0.905925
       6280.00      0.906088
       6300.00      0.913087
       6320.00      0.913226
       6340.00      0.915630
       6360.00      0.921027
       6380.00      0.921891
       6400.00      0.913028
       6420.00      0.919129
       6440.00      0.922219
       6460.00      0.910474
       6480.00      0.909880
       6500.00      0.910761
       6520.00      0.930722
       6540.00      0.883970
       6560.00      0.867414
       6580.00      0.922962
       6600.00      0.944819
       6620.00      0.942688
       6640.00      0.931199
       6660.00      0.932714
       6680.00      0.937086
       6700.00      0.925003
       6720.00      0.919402
       6740.00      0.918804
       6760.00      0.918209
       6780.00      0.919736
       6800.00      0.928291
       6820.00      0.933288
       6840.00      0.958546
       6860.00      0.909010
       6880.00      0.900803
       6900.00      0.930096
       6920.00      0.932249
       6940.00      0.928873
       6960.00      0.909014
       6980.00      0.898182
       7000.00      0.887411
       7020.00      0.899881
       7040.00      0.909561
       7060.00      0.906306
       7080.00      0.904422
       7100.00      0.895808
       7120.00      0.893964
       7140.00      0.880735
       7160.00      0.879612
       7180.00      0.867830
       7200.00      0.880707
       7220.00      0.884896
       7240.00      0.875181
       7260.00      0.864200
       7280.00      0.856567
       7300.00      0.878477
       7320.00      0.887191
       7340.00      0.880861
       7360.00      0.875867
       7380.00      0.868305
       7400.00      0.867899
       7420.00      0.875234
       7440.00      0.883816
       7460.00      0.884013
       7480.00      0.876531
       7500.00      0.869089
       7520.00      0.914507
       7540.00      0.951434
       7560.00      0.974238
       7580.00      0.867493
       7600.00      0.740529
       7620.00      0.977872
       7640.00      0.907660
       7660.00      0.886547
       7680.00      0.811954
       7700.00      0.832220
       7720.00      0.849901
       7740.00      0.868109
       7760.00      0.871422
       7780.00      0.886406
       7800.00      0.885974
       7820.00      0.879424
       7840.00      0.878401
       7860.00      0.869469
       7880.00      0.852079
       7900.00      0.838412
       7920.00      0.819375
       7940.00      0.831777
       7960.00      0.857944
       7980.00      0.835404
       8000.00      0.824342
       8020.00      0.837205
       8040.00      0.830955
       8060.00      0.835425
       8080.00      0.819142
       8100.00      0.811211
       8120.00      0.824537
       8140.00      0.821923
       8160.00      0.795862
       8180.00      0.808543
       8200.00      0.830499
       8220.00      0.829061
       8240.00      0.850280
       8260.00      0.850539
       8280.00      0.855999
       8300.00      0.807232
       8320.00      0.816795
       8340.00      0.821723
       8360.00      0.803728
       8380.00      0.820085
       8400.00      0.821551
       8420.00      0.825283
       8440.00      0.816523
       8460.00      0.830432
       8480.00      0.815493
       8500.00      0.798373
       8520.00      0.763358
       8540.00      0.749802
       8560.00      0.787745
       8580.00      0.789813
       8600.00      0.782411
       8620.00      0.804469
       8640.00      0.773804
       8660.00      0.749912
       8680.00      0.795049
       8700.00      0.796522
       8720.00      0.782621
       8740.00      0.794519
       8760.00      0.774677
       8780.00      0.776727
       8800.00      0.764085
       8820.00      0.773747
       8840.00      0.781200
       8860.00      0.792400
       8880.00      0.772831
       8900.00      0.767868
       8920.00      0.764000
       8940.00      0.776209
       8960.00      0.750975
       8980.00      0.758895
       9000.00      0.735407
       9020.00      0.792139
       9040.00      0.802033
       9060.00      0.732650
       9080.00      0.727874
       9100.00      0.758354
       9120.00      0.736751
       9140.00      0.730426
       9160.00      0.723084
       9180.00      0.732457
       9200.00      0.762596
       9220.00      0.746927
       9240.00      0.759812
       9260.00      0.729746
       9280.00      0.814812
       9300.00      0.785786
       9320.00      0.751237
       9340.00      0.809065
       9360.00      0.743424
       9380.00      0.779084
       9400.00      0.811538
       9420.00      0.693474
       9440.00      0.698595
       9460.00      0.752766
       9480.00      0.729975
       9500.00      0.759672
       9520.00      0.754054
       9540.00      0.777054
       9560.00      0.764415
       9580.00      0.740340
       9600.00      0.714869
       9620.00      0.724824
       9640.00      0.679137
       9660.00      0.713401
       9680.00      0.713904
       9700.00      0.689244
       9720.00      0.694226
       9740.00      0.695749
       9760.00      0.701678
       9780.00      0.694371
       9800.00      0.697349
       9820.00      0.692518
       9840.00      0.710564
       9860.00      0.687281
       9880.00      0.694609
       9900.00      0.684021
       9920.00      0.688431
       9940.00      0.682713
       9960.00      0.689510
       9980.00      0.694842
       10000.0      0.698717
       10020.0      0.686337
       10040.0      0.705466
       10060.0      0.682656
       10080.0      0.682252
       10100.0      0.681848
       10120.0      0.697052
       10140.0      0.676799
       10160.0      0.675937
       10180.0      0.661446
       10200.0      0.666718
       10220.0      0.663072
       10240.0      0.671591
       10260.0      0.665618
       10280.0      0.671771
       10300.0      0.660710
       10320.0      0.654328
       10340.0      0.641492
       10360.0      0.638867
       10380.0      0.647780
       10400.0      0.626287
       10420.0      0.680198
       10440.0      0.658726
       10460.0      0.642368
       10480.0      0.650732
       10500.0      0.644934
       10520.0      0.642798
       10540.0      0.650206
       10560.0      0.642629
       10580.0      0.622416
       10600.0      0.626660
       10620.0      0.641703
