       3160.00       9.80833
       3170.00       9.38340
       3180.00       9.58634
       3190.00       9.70810
       3200.00       9.98841
       3210.00       9.94141
       3220.00       9.60973
       3230.00       9.82461
       3240.00       9.63695
       3250.00       9.49750
       3260.00       9.55437
       3270.00       9.43162
       3280.00       9.10757
       3290.00       9.00241
       3300.00       8.92106
       3310.00       8.95572
       3320.00       8.79823
       3330.00       8.79477
       3340.00       8.79133
       3350.00       8.86400
       3360.00       8.79210
       3370.00       8.56937
       3380.00       8.60434
       3390.00       8.54136
       3400.00       8.46377
       3410.00       8.47632
       3420.00       8.47389
       3430.00       8.36001
       3440.00       8.22457
       3450.00       8.21551
       3460.00       8.31700
       3470.00       8.16081
       3480.00       8.15201
       3490.00       8.07022
       3500.00       8.06901
       3510.00       8.07507
       3520.00       7.96524
       3530.00       7.97878
       3540.00       8.09304
       3550.00       7.97690
       3560.00       7.85426
       3570.00       7.91793
       3580.00       7.84598
       3590.00       7.73893
       3600.00       7.80239
       3610.00       7.72429
       3620.00       7.71000
       3630.00       7.60450
       3640.00       7.54859
       3650.00       7.56981
       3660.00       7.52127
       3670.00       7.55634
       3680.00       7.41806
       3690.00       7.37033
       3700.00       7.18507
       3710.00       7.18632
       3720.00       7.35885
       3730.00       7.40062
       3740.00       7.53758
       3750.00       7.92530
       3760.00       8.00591
       3770.00       8.01172
       3780.00       8.83340
       3790.00       8.48056
       3800.00       8.00884
       3810.00       9.07828
       3820.00       9.24134
       3830.00       7.97272
       3840.00       8.15773
       3850.00       9.83138
       3860.00       10.1163
       3870.00       9.70812
       3880.00       8.21158
       3890.00       7.56145
       3900.00       8.89492
       3910.00       9.93475
       3920.00       9.80537
       3930.00       9.57936
       3940.00       9.88498
       3950.00       9.73735
       3960.00       8.36752
       3970.00       7.28709
       3980.00       8.88264
       3990.00       9.93359
       4000.00       9.92150
       4010.00       9.78870
       4020.00       9.42830
       4030.00       9.47448
       4040.00       10.0441
       4050.00       10.0445
       4060.00       10.0197
       4070.00       9.78217
       4080.00       9.58327
       4090.00       8.51287
       4100.00       7.39796
       4110.00       8.21718
       4120.00       9.26133
       4130.00       9.45491
       4140.00       9.11192
       4150.00       9.20052
       4160.00       9.34996
       4170.00       9.33365
       4180.00       9.34791
       4190.00       9.27693
       4200.00       9.19416
       4210.00       9.26313
       4220.00       9.10226
       4230.00       9.11690
       4240.00       9.00523
       4250.00       8.96605
       4260.00       8.87320
       4270.00       8.80466
       4280.00       8.82578
       4290.00       8.75173
       4300.00       8.71953
       4310.00       8.56328
       4320.00       8.34875
       4330.00       7.12861
       4340.00       6.53076
       4350.00       7.70522
       4360.00       8.40661
       4370.00       8.50986
       4380.00       8.15291
       4390.00       8.13434
       4400.00       8.30702
       4410.00       8.25350
       4420.00       8.13680
       4430.00       8.08391
       4440.00       8.04848
       4450.00       8.00748
       4460.00       7.69235
       4470.00       7.36152
       4480.00       7.58404
       4490.00       7.89073
       4500.00       7.82788
       4510.00       7.75966
       4520.00       7.58460
       4530.00       7.65225
       4540.00       7.66908
       4550.00       7.58500
       4560.00       7.55160
       4570.00       7.46257
       4580.00       7.48524
       4590.00       7.38008
       4600.00       7.30308
       4610.00       7.28724
       4620.00       7.26043
       4630.00       7.18420
       4640.00       7.19618
       4650.00       7.12041
       4660.00       7.05043
       4670.00       7.04079
       4680.00       7.01485
       4690.00       6.97272
       4700.00       6.95247
       4710.00       6.88900
       4720.00       6.82040
       4730.00       6.90298
       4740.00       6.90993
       4750.00       6.77196
       4760.00       6.73631
       4770.00       6.68479
       4780.00       6.62814
       4790.00       6.66220
       4800.00       6.65363
       4810.00       6.53381
       4820.00       6.48853
       4830.00       6.40649
       4840.00       6.12467
       4850.00       5.38154
       4860.00       4.89426
       4870.00       5.49552
       4880.00       6.09014
       4890.00       6.15066
       4900.00       6.16412
       4910.00       6.01659
       4920.00       5.83858
       4930.00       5.99218
       4940.00       6.08841
       4950.00       6.10185
       4960.00       6.02788
       4970.00       6.00037
       4980.00       6.03439
       4990.00       5.98143
       5000.00       5.93888
       5010.00       5.86597
       5020.00       5.89491
       5030.00       5.90853
       5040.00       5.77543
       5050.00       5.67314
       5060.00       5.67704
       5070.00       5.62060
       5080.00       5.63964
       5090.00       5.57848
       5100.00       5.60253
       5110.00       5.60653
       5120.00       5.63540
       5130.00       5.63933
       5140.00       5.66307
       5150.00       5.61742
       5160.00       5.58678
       5170.00       5.59569
       5180.00       5.57013
       5190.00       5.55940
       5200.00       5.49479
       5210.00       5.40107
       5220.00       5.39073
       5230.00       5.34143
       5240.00       5.28746
       5250.00       5.21913
       5260.00       5.25282
       5270.00       5.19932
       5280.00       5.21844
       5290.00       5.12184
       5300.00       5.14584
       5310.00       5.03535
       5320.00       5.04026
       5330.00       4.97342
       5340.00       4.99274
       5350.00       4.95006
       5360.00       4.96936
       5370.00       4.85568
       5380.00       4.83718
       5390.00       4.80456
       5400.00       4.80038
       5410.00       4.76324
       5420.00       4.69990
       5430.00       4.64384
       5440.00       4.61047
       5450.00       4.65345
       5460.00       4.63466
       5470.00       4.61128
       5480.00       4.52751
       5490.00       4.57219
       5500.00       4.51661
       5510.00       4.48158
       5520.00       4.47946
       5530.00       4.48657
       5540.00       4.43799
       5550.00       4.44515
       5560.00       4.40277
       5570.00       4.36512
       5580.00       4.40892
       5590.00       4.34266
       5600.00       4.33992
       5610.00       4.31673
       5620.00       4.32130
       5630.00       4.31724
       5640.00       4.25988
       5650.00       4.22662
       5660.00       4.22591
       5670.00       4.25442
       5680.00       4.21552
       5690.00       4.23723
       5700.00       4.16898
       5710.00       4.13668
       5720.00       4.15262
       5730.00       4.10711
       5740.00       4.13149
       5760.00       4.07245
       5780.00       4.02837
       5800.00       4.02634
       5820.00       3.97660
       5840.00       3.93766
       5860.00       3.79243
       5880.00       3.74659
       5900.00       3.77622
       5920.00       3.76605
       5940.00       3.75723
       5960.00       3.72153
       5980.00       3.71164
       6000.00       3.67888
       6020.00       3.66115
       6040.00       3.69882
       6060.00       3.64666
       6080.00       3.67868
       6100.00       3.71133
       6120.00       3.65672
       6140.00       3.52401
       6160.00       3.47326
       6180.00       3.42696
       6200.00       3.40892
       6220.00       3.41476
       6240.00       3.38298
       6260.00       3.31232
       6280.00       3.26930
       6300.00       3.29250
       6320.00       3.25425
       6340.00       3.20218
       6360.00       3.16606
       6380.00       3.15014
       6400.00       3.14746
       6420.00       3.13686
       6440.00       3.09625
       6460.00       3.06575
       6480.00       3.04646
       6500.00       3.04728
       6520.00       2.98867
       6540.00       2.76440
       6560.00       2.66233
       6580.00       2.87504
       6600.00       2.92966
       6620.00       2.90772
       6640.00       2.86749
       6660.00       2.81027
       6680.00       2.77705
       6700.00       2.74670
       6720.00       2.72487
       6740.00       2.72737
       6760.00       2.69442
       6780.00       2.65414
       6800.00       2.66058
       6820.00       2.67370
       6840.00       2.67595
       6860.00       2.53587
       6880.00       2.50257
       6900.00       2.55626
       6920.00       2.55108
       6940.00       2.49856
       6960.00       2.50639
       6980.00       2.47036
       7000.00       2.46840
       7020.00       2.46827
       7040.00       2.40116
       7060.00       2.41565
       7080.00       2.42035
       7100.00       2.39630
       7120.00       2.41248
       7140.00       2.37538
       7160.00       2.33101
       7180.00       2.33233
       7200.00       2.35134
       7220.00       2.27775
       7240.00       2.22463
       7260.00       2.23255
       7280.00       2.19560
       7300.00       2.23288
       7320.00       2.24280
       7340.00       2.22141
       7360.00       2.16412
       7380.00       2.17207
       7400.00       2.16585
       7420.00       2.14284
       7440.00       2.13366
       7460.00       2.13067
       7480.00       2.09873
       7500.00       2.11930
       7520.00       2.16620
       7540.00       2.16688
       7560.00       2.19992
       7580.00       1.86088
       7600.00       1.60378
       7620.00       2.06519
       7640.00       2.03176
       7660.00       2.04309
       7680.00       1.86718
       7700.00       1.92788
       7720.00       1.95425
       7740.00       1.95052
       7760.00       1.91527
       7780.00       1.89397
       7800.00       1.88225
       7820.00       1.85788
       7840.00       1.86029
       7860.00       1.83513
       7880.00       1.80685
       7900.00       1.80906
       7920.00       1.82155
       7940.00       1.78293
       7960.00       1.76980
       7980.00       1.75706
       8000.00       1.74343
       8020.00       1.71080
       8040.00       1.71986
       8060.00       1.70674
       8080.00       1.71576
       8100.00       1.68698
       8120.00       1.69789
       8140.00       1.64080
       8160.00       1.61335
       8180.00       1.63246
       8200.00       1.62413
       8220.00       1.55413
       8240.00       1.58562
       8260.00       1.61974
       8280.00       1.64723
       8300.00       1.62790
       8320.00       1.52565
       8340.00       1.56936
       8360.00       1.57689
       8380.00       1.47397
       8400.00       1.48988
       8420.00       1.44578
       8440.00       1.59395
       8460.00       1.49167
       8480.00       1.49386
       8500.00       1.49904
       8520.00       1.52125
       8540.00       1.46456
       8560.00       1.54660
       8580.00       1.55190
       8600.00       1.53140
       8620.00       1.55091
       8640.00       1.42578
       8660.00       1.49106
       8680.00       1.58218
       8700.00       1.52317
       8720.00       1.49863
       8740.00       1.40626
       8760.00       1.38035
       8780.00       1.58419
       8800.00       1.53309
       8820.00       1.40506
       8840.00       1.30875
       8860.00       1.33312
       8880.00       1.44379
       8900.00       1.45257
       8920.00       1.52361
       8940.00       1.45463
       8960.00       1.35466
       8980.00       1.31191
       9000.00       1.15747
       9020.00       1.32898
       9040.00       1.40273
       9060.00       1.31861
       9080.00       1.32918
       9100.00       1.36099
       9120.00       1.31971
       9140.00       1.36730
       9160.00       1.35680
       9180.00       1.29637
       9200.00       1.17692
       9220.00       1.15169
       9240.00       1.20244
       9260.00       1.23343
       9280.00       1.25411
       9300.00       1.20044
       9320.00       1.17899
       9340.00       1.14945
       9360.00       1.16115
       9380.00       1.28721
       9400.00       1.32786
       9420.00       1.20706
       9440.00       1.20127
       9460.00       1.30192
       9480.00       1.25642
       9500.00       1.13090
       9520.00       1.14110
       9540.00       1.08928
       9560.00       1.19712
       9580.00       1.22495
       9600.00       1.22373
       9620.00       1.22489
       9640.00       1.21336
       9660.00       1.21322
       9680.00       1.20124
       9700.00       1.05240
       9720.00       1.12129
       9740.00       1.17787
       9760.00       1.20314
       9780.00       1.18817
       9800.00       1.10564
       9820.00       1.13973
       9840.00       1.15192
       9860.00       1.10796
       9880.00       1.03451
       9900.00       1.10451
       9920.00       1.12361
       9940.00       1.11520
       9960.00       1.09069
       9980.00       1.09872
       10000.0       1.04912
       10020.0      0.989533
       10040.0       1.00838
       10060.0      0.979011
       10080.0       1.07822
       10100.0      0.994061
       10120.0      0.970437
       10140.0      0.969528
       10160.0      0.936009
       10180.0       1.00528
       10200.0      0.963575
       10220.0      0.964433
       10240.0      0.921727
       10260.0      0.932104
       10280.0      0.935497
       10300.0      0.926256
       10320.0      0.860986
       10340.0      0.929575
       10360.0      0.837980
       10380.0      0.907085
       10400.0      0.920781
       10420.0      0.857127
       10440.0      0.849625
       10460.0      0.883578
       10480.0      0.849787
       10500.0      0.875842
       10520.0      0.931599
       10540.0      0.838904
       10560.0      0.879314
       10580.0      0.823205
       10600.0      0.788468
       10620.0      0.838345
