       3160.00      0.851042
       3170.00      0.957391
       3180.00      0.872907
       3190.00      0.837985
       3200.00      0.920131
       3210.00      0.977182
       3220.00      0.807690
       3230.00      0.860883
       3240.00      0.970753
       3250.00       1.17751
       3260.00       1.24157
       3270.00       1.30611
       3280.00       1.24607
       3290.00       1.27667
       3300.00       1.36451
       3310.00       1.29288
       3320.00       1.27792
       3330.00       1.24010
       3340.00       1.26010
       3350.00       1.36188
       3360.00       1.22819
       3370.00       1.12970
       3380.00       1.27029
       3390.00       1.39671
       3400.00       1.44418
       3410.00       1.37690
       3420.00       1.38611
       3430.00       1.28311
       3440.00       1.14947
       3450.00       1.18139
       3460.00       1.31286
       3470.00       1.26669
       3480.00       1.24517
       3490.00       1.25052
       3500.00       1.38271
       3510.00       1.48433
       3520.00       1.39655
       3530.00       1.44467
       3540.00       1.61637
       3550.00       1.55605
       3560.00       1.37450
       3570.00       1.17416
       3580.00       1.07766
       3590.00       1.31180
       3600.00       1.54151
       3610.00       1.39542
       3620.00       1.48298
       3630.00       1.55682
       3640.00       1.58906
       3650.00       1.75442
       3660.00       1.90032
       3670.00       1.96142
       3680.00       1.84541
       3690.00       1.89253
       3700.00       1.87825
       3710.00       1.78932
       3720.00       1.75638
       3730.00       1.49385
       3740.00       1.30986
       3750.00       1.48588
       3760.00       1.73995
       3770.00       1.82537
       3780.00       1.99563
       3790.00       1.78513
       3800.00       1.66209
       3810.00       1.64362
       3820.00       1.30242
       3830.00       1.00510
       3840.00       1.15053
       3850.00       1.30182
       3860.00       1.23250
       3870.00       1.36818
       3880.00       1.49514
       3890.00       1.78796
       3900.00       2.02561
       3910.00       2.05949
       3920.00       1.75624
       3930.00       1.28900
       3940.00       1.40489
       3950.00       2.07945
       3960.00       1.82135
       3970.00       1.56669
       3980.00       2.29759
       3990.00       2.97874
       4000.00       3.30434
       4010.00       3.41319
       4020.00       3.46732
       4030.00       3.37730
       4040.00       3.27793
       4050.00       3.17066
       4060.00       3.08134
       4070.00       3.08211
       4080.00       3.33660
       4090.00       3.40244
       4100.00       3.23823
       4110.00       3.39621
       4120.00       3.48545
       4130.00       3.41400
       4140.00       3.37023
       4150.00       3.38937
       4160.00       3.48593
       4170.00       3.42534
       4180.00       3.39347
       4190.00       3.37119
       4200.00       3.54230
       4210.00       3.74014
       4220.00       3.52283
       4230.00       3.50648
       4240.00       3.61895
       4250.00       3.62175
       4260.00       3.59067
       4270.00       3.51868
       4280.00       3.39811
       4290.00       3.20360
       4300.00       2.66993
       4310.00       3.00302
       4320.00       3.75818
       4330.00       3.71684
       4340.00       3.75520
       4350.00       4.05932
       4360.00       4.21089
       4370.00       3.94883
       4380.00       3.68086
       4390.00       3.84579
       4400.00       3.91934
       4410.00       4.01307
       4420.00       4.22284
       4430.00       4.24013
       4440.00       4.27963
       4450.00       4.15814
       4460.00       4.12092
       4470.00       4.40720
       4480.00       4.56656
       4490.00       4.61939
       4500.00       4.84483
       4510.00       4.88237
       4520.00       4.52740
       4530.00       4.46496
       4540.00       4.63954
       4550.00       4.72010
       4560.00       4.80279
       4570.00       4.81704
       4580.00       4.75217
       4590.00       4.67527
       4600.00       4.74565
       4610.00       4.93660
       4620.00       5.01775
       4630.00       4.98797
       4640.00       4.74558
       4650.00       4.72382
       4660.00       4.62932
       4670.00       4.59639
       4680.00       4.76606
       4690.00       4.67388
       4700.00       4.60978
       4710.00       4.91526
       4720.00       5.02949
       4730.00       4.92498
       4740.00       5.07391
       4750.00       5.12516
       4760.00       4.99792
       4770.00       5.16889
       4780.00       5.21489
       4790.00       5.26541
       4800.00       5.34519
       4810.00       5.38229
       4820.00       5.31597
       4830.00       5.18257
       4840.00       5.17946
       4850.00       4.70340
       4860.00       4.36024
       4870.00       4.76772
       4880.00       4.87676
       4890.00       5.07907
       4900.00       5.25111
       4910.00       5.01806
       4920.00       4.89230
       4930.00       5.00286
       4940.00       5.11870
       4950.00       5.18207
       4960.00       5.16421
       4970.00       5.11113
       4980.00       4.92764
       4990.00       4.95801
       5000.00       4.81572
       5010.00       4.66215
       5020.00       4.71822
       5030.00       4.68747
       5040.00       4.66639
       5050.00       4.84590
       5060.00       4.82067
       5070.00       4.68564
       5080.00       4.61517
       5090.00       4.67056
       5100.00       4.69967
       5110.00       4.80837
       5120.00       4.85698
       5130.00       4.74441
       5140.00       4.69501
       5150.00       4.71885
       5160.00       4.30462
       5170.00       4.12013
       5180.00       4.41468
       5190.00       4.64815
       5200.00       4.86494
       5210.00       4.89740
       5220.00       4.90319
       5230.00       4.93492
       5240.00       5.03886
       5250.00       5.13970
       5260.00       4.77503
       5270.00       4.60013
       5280.00       5.05050
       5290.00       5.23665
       5300.00       5.28067
       5310.00       5.34796
       5320.00       5.00881
       5330.00       4.96120
       5340.00       5.16060
       5350.00       5.23502
       5360.00       5.13502
       5370.00       5.05119
       5380.00       5.08964
       5390.00       4.98784
       5400.00       4.80942
       5410.00       4.85961
       5420.00       5.03746
       5430.00       5.08757
       5440.00       5.18324
       5450.00       5.26767
       5460.00       5.23212
       5470.00       5.15275
       5480.00       5.13870
       5490.00       5.24475
       5500.00       5.21464
       5510.00       5.17951
       5520.00       5.17013
       5530.00       5.26307
       5540.00       5.29952
       5550.00       5.44286
       5560.00       5.33133
       5570.00       5.22020
       5580.00       5.20070
       5590.00       5.11550
       5600.00       5.15183
       5610.00       5.30902
       5620.00       5.19389
       5630.00       5.29519
       5640.00       5.21057
       5650.00       5.18133
       5660.00       5.18217
       5670.00       5.23289
       5680.00       5.21870
       5690.00       5.21947
       5700.00       5.21527
       5710.00       5.05753
       5720.00       5.27121
       5730.00       5.37554
       5740.00       5.42531
       5760.00       5.39174
       5780.00       5.47585
       5800.00       5.59351
       5820.00       5.65205
       5840.00       5.52614
       5860.00       5.39144
       5880.00       5.22398
       5900.00       5.32133
       5920.00       5.50879
       5940.00       5.49501
       5960.00       5.53826
       5980.00       5.53866
       6000.00       5.47777
       6020.00       5.51595
       6040.00       5.50705
       6060.00       5.58690
       6080.00       5.57317
       6100.00       5.59663
       6120.00       5.59682
       6140.00       5.32984
       6160.00       5.33549
       6180.00       5.46468
       6200.00       5.49724
       6220.00       5.43409
       6240.00       5.32148
       6260.00       5.34514
       6280.00       5.37316
       6300.00       5.34263
       6320.00       5.39286
       6340.00       5.38923
       6360.00       5.43010
       6380.00       5.47514
       6400.00       5.40058
       6420.00       5.37935
       6440.00       5.40656
       6460.00       5.42047
       6480.00       5.42120
       6500.00       5.47414
       6520.00       5.47037
       6540.00       5.18982
       6560.00       5.16969
       6580.00       5.42478
       6600.00       5.42977
       6620.00       5.38773
       6640.00       5.34169
       6660.00       5.29592
       6680.00       5.32240
       6700.00       5.22631
       6720.00       5.20654
       6740.00       5.22886
       6760.00       5.20502
       6780.00       5.21053
       6800.00       5.26591
       6820.00       5.25462
       6840.00       5.40880
       6860.00       5.12503
       6880.00       5.11835
       6900.00       5.23059
       6920.00       5.26452
       6940.00       5.16376
       6960.00       5.16518
       6980.00       5.00450
       7000.00       4.98212
       7020.00       5.06865
       7040.00       5.09845
       7060.00       5.11605
       7080.00       5.09761
       7100.00       5.12309
       7120.00       5.04513
       7140.00       5.05477
       7160.00       5.02090
       7180.00       4.99510
       7200.00       4.99693
       7220.00       5.04577
       7240.00       4.96542
       7260.00       4.94784
       7280.00       4.96533
       7300.00       5.05247
       7320.00       5.03094
       7340.00       4.98640
       7360.00       4.96132
       7380.00       4.94404
       7400.00       4.96126
       7420.00       4.99744
       7440.00       5.03723
       7460.00       5.03510
       7480.00       5.00273
       7500.00       5.01579
       7520.00       5.09648
       7540.00       5.20676
       7560.00       5.20420
       7580.00       4.42552
       7600.00       3.67811
       7620.00       5.18179
       7640.00       4.96830
       7660.00       4.99595
       7680.00       4.58519
       7700.00       4.68348
       7720.00       4.71531
       7740.00       4.83834
       7760.00       4.89147
       7780.00       4.80255
       7800.00       4.85914
       7820.00       4.84671
       7840.00       4.80548
       7860.00       4.86523
       7880.00       4.83134
       7900.00       4.72960
       7920.00       4.69980
       7940.00       4.65590
       7960.00       4.74015
       7980.00       4.74244
       8000.00       4.75887
       8020.00       4.67647
       8040.00       4.64725
       8060.00       4.66379
       8080.00       4.60324
       8100.00       4.56743
       8120.00       4.71989
       8140.00       4.66313
       8160.00       4.49918
       8180.00       4.56425
       8200.00       4.49793
       8220.00       4.59710
       8240.00       4.54131
       8260.00       4.75632
       8280.00       4.48863
       8300.00       4.60731
       8320.00       4.53844
       8340.00       4.58521
       8360.00       4.68251
       8380.00       4.58358
       8400.00       4.60297
       8420.00       4.67602
       8440.00       4.50073
       8460.00       4.53689
       8480.00       4.40945
       8500.00       4.37578
       8520.00       4.17296
       8540.00       4.21287
       8560.00       4.49380
       8580.00       4.57893
       8600.00       4.59130
       8620.00       4.57737
       8640.00       4.30488
       8660.00       4.20349
       8680.00       4.53921
       8700.00       4.56779
       8720.00       4.50541
       8740.00       4.53394
       8760.00       4.47193
       8780.00       4.46818
       8800.00       4.35839
       8820.00       4.43188
       8840.00       4.37706
       8860.00       4.31610
       8880.00       4.37964
       8900.00       4.30942
       8920.00       4.25853
       8940.00       4.26483
       8960.00       4.13219
       8980.00       4.13874
       9000.00       4.06354
       9020.00       4.36184
       9040.00       4.46170
       9060.00       4.00541
       9080.00       4.09316
       9100.00       4.26444
       9120.00       4.10002
       9140.00       4.05391
       9160.00       4.15931
       9180.00       4.10095
       9200.00       4.15660
       9220.00       4.04328
       9240.00       3.99779
       9260.00       4.00138
       9280.00       3.95313
       9300.00       3.90205
       9320.00       3.62054
       9340.00       3.67941
       9360.00       3.60507
       9380.00       3.88385
       9400.00       3.77629
       9420.00       3.35691
       9440.00       3.49961
       9460.00       3.59088
       9480.00       3.61612
       9500.00       3.55194
       9520.00       3.70492
       9540.00       3.78609
       9560.00       3.76338
       9580.00       3.79686
       9600.00       3.85671
       9620.00       3.89868
       9640.00       3.74975
       9660.00       3.95281
       9680.00       4.07905
       9700.00       3.92776
       9720.00       4.07972
       9740.00       3.99584
       9760.00       4.04851
       9780.00       3.99975
       9800.00       3.89634
       9820.00       3.87976
       9840.00       3.84601
       9860.00       3.76362
       9880.00       3.83330
       9900.00       3.88269
       9920.00       3.77507
       9940.00       3.83292
       9960.00       3.81955
       9980.00       3.84590
       10000.0       3.73639
       10020.0       3.75433
       10040.0       3.81447
       10060.0       3.72535
       10080.0       3.81336
       10100.0       3.61258
       10120.0       3.74519
       10140.0       3.54533
       10160.0       3.84180
       10180.0       3.68699
       10200.0       3.59657
       10220.0       3.67810
       10240.0       3.61567
       10260.0       3.56451
       10280.0       3.69515
       10300.0       3.63854
       10320.0       3.50542
       10340.0       3.65182
       10360.0       3.69665
       10380.0       3.62685
       10400.0       3.78850
       10420.0       3.51792
       10440.0       3.50035
       10460.0       3.58289
       10480.0       3.67591
       10500.0       3.67699
       10520.0       3.50330
       10540.0       3.54764
       10560.0       3.42575
       10580.0       3.39789
       10600.0       3.37013
       10620.0       3.11343
