       3160.00      0.163691
       3170.00      0.186358
       3180.00      0.208883
       3190.00      0.173010
       3200.00      0.206115
       3210.00      0.201681
       3220.00      0.184482
       3230.00      0.165360
       3240.00      0.176842
       3250.00      0.210722
       3260.00      0.235491
       3270.00      0.244076
       3280.00      0.221639
       3290.00      0.240743
       3300.00      0.262993
       3310.00      0.245086
       3320.00      0.240541
       3330.00      0.236305
       3340.00      0.240362
       3350.00      0.259487
       3360.00      0.239210
       3370.00      0.206413
       3380.00      0.232947
       3390.00      0.245655
       3400.00      0.259388
       3410.00      0.256019
       3420.00      0.249522
       3430.00      0.261760
       3440.00      0.217182
       3450.00      0.227950
       3460.00      0.248532
       3470.00      0.239047
       3480.00      0.241319
       3490.00      0.228958
       3500.00      0.255321
       3510.00      0.276732
       3520.00      0.258791
       3530.00      0.268932
       3540.00      0.298454
       3550.00      0.298009
       3560.00      0.271662
       3570.00      0.250708
       3580.00      0.209604
       3590.00      0.231578
       3600.00      0.289318
       3610.00      0.274902
       3620.00      0.273625
       3630.00      0.280866
       3640.00      0.288454
       3650.00      0.311005
       3660.00      0.344432
       3670.00      0.347575
       3680.00      0.323989
       3690.00      0.329834
       3700.00      0.337925
       3710.00      0.346604
       3720.00      0.319624
       3730.00      0.270324
       3740.00      0.269477
       3750.00      0.303710
       3760.00      0.308505
       3770.00      0.325815
       3780.00      0.378328
       3790.00      0.349169
       3800.00      0.318069
       3810.00      0.324852
       3820.00      0.271063
       3830.00      0.211078
       3840.00      0.224791
       3850.00      0.250226
       3860.00      0.252731
       3870.00      0.256554
       3880.00      0.259633
       3890.00      0.309146
       3900.00      0.356004
       3910.00      0.399151
       3920.00      0.379504
       3930.00      0.253828
       3940.00      0.243085
       3950.00      0.377807
       3960.00      0.368342
       3970.00      0.279452
       3980.00      0.414125
       3990.00      0.541436
       4000.00      0.575893
       4010.00      0.588699
       4020.00      0.608777
       4030.00      0.589262
       4040.00      0.560922
       4050.00      0.568552
       4060.00      0.564500
       4070.00      0.555177
       4080.00      0.581123
       4090.00      0.614724
       4100.00      0.581599
       4110.00      0.597154
       4120.00      0.646038
       4130.00      0.619765
       4140.00      0.609109
       4150.00      0.596813
       4160.00      0.606856
       4170.00      0.598890
       4180.00      0.575955
       4190.00      0.588434
       4200.00      0.601968
       4210.00      0.609433
       4220.00      0.605771
       4230.00      0.597699
       4240.00      0.620688
       4250.00      0.627268
       4260.00      0.618324
       4270.00      0.596266
       4280.00      0.574201
       4290.00      0.565552
       4300.00      0.472574
       4310.00      0.479189
       4320.00      0.583296
       4330.00      0.655355
       4340.00      0.648452
       4350.00      0.635554
       4360.00      0.688960
       4370.00      0.691133
       4380.00      0.621262
       4390.00      0.614729
       4400.00      0.629609
       4410.00      0.662891
       4420.00      0.707567
       4430.00      0.707132
       4440.00      0.710600
       4450.00      0.709214
       4460.00      0.697443
       4470.00      0.732536
       4480.00      0.759948
       4490.00      0.752522
       4500.00      0.778208
       4510.00      0.811669
       4520.00      0.781082
       4530.00      0.749494
       4540.00      0.755267
       4550.00      0.771200
       4560.00      0.773717
       4570.00      0.809514
       4580.00      0.790065
       4590.00      0.765397
       4600.00      0.784391
       4610.00      0.806044
       4620.00      0.824766
       4630.00      0.823288
       4640.00      0.795687
       4650.00      0.776359
       4660.00      0.774794
       4670.00      0.774137
       4680.00      0.790887
       4690.00      0.786805
       4700.00      0.777163
       4710.00      0.774321
       4720.00      0.829508
       4730.00      0.825478
       4740.00      0.836970
       4750.00      0.852553
       4760.00      0.826569
       4770.00      0.846917
       4780.00      0.876581
       4790.00      0.876120
       4800.00      0.883462
       4810.00      0.881041
       4820.00      0.893975
       4830.00      0.878071
       4840.00      0.864361
       4850.00      0.838546
       4860.00      0.761884
       4870.00      0.760992
       4880.00      0.834446
       4890.00      0.847098
       4900.00      0.860942
       4910.00      0.850417
       4920.00      0.798833
       4930.00      0.805473
       4940.00      0.835492
       4950.00      0.841937
       4960.00      0.851282
       4970.00      0.864262
       4980.00      0.829910
       4990.00      0.820460
       5000.00      0.810393
       5010.00      0.780652
       5020.00      0.787209
       5030.00      0.808259
       5040.00      0.811206
       5050.00      0.792451
       5060.00      0.820026
       5070.00      0.823579
       5080.00      0.804542
       5090.00      0.815929
       5100.00      0.819469
       5110.00      0.820064
       5120.00      0.821205
       5130.00      0.805461
       5140.00      0.791144
       5150.00      0.789425
       5160.00      0.777372
       5170.00      0.729057
       5180.00      0.728554
       5190.00      0.770624
       5200.00      0.805150
       5210.00      0.821665
       5220.00      0.817759
       5230.00      0.806708
       5240.00      0.838937
       5250.00      0.847682
       5260.00      0.799882
       5270.00      0.766387
       5280.00      0.803945
       5290.00      0.866226
       5300.00      0.860617
       5310.00      0.868077
       5320.00      0.860109
       5330.00      0.833290
       5340.00      0.827609
       5350.00      0.848462
       5360.00      0.861289
       5370.00      0.862561
       5380.00      0.855042
       5390.00      0.856321
       5400.00      0.826736
       5410.00      0.814565
       5420.00      0.865400
       5430.00      0.876738
       5440.00      0.894917
       5450.00      0.898429
       5460.00      0.883923
       5470.00      0.891721
       5480.00      0.871301
       5490.00      0.862893
       5500.00      0.886006
       5510.00      0.879301
       5520.00      0.884492
       5530.00      0.888818
       5540.00      0.882989
       5550.00      0.900797
       5560.00      0.894967
       5570.00      0.879914
       5580.00      0.887565
       5590.00      0.875091
       5600.00      0.859317
       5610.00      0.899507
       5620.00      0.868753
       5630.00      0.876356
       5640.00      0.873973
       5650.00      0.886511
       5660.00      0.863441
       5670.00      0.875953
       5680.00      0.872763
       5690.00      0.898378
       5700.00      0.868058
       5710.00      0.881294
       5720.00      0.872388
       5730.00      0.923150
       5740.00      0.863640
       5760.00      0.846825
       5780.00      0.798623
       5800.00      0.795627
       5820.00      0.846943
       5840.00      0.875303
       5860.00      0.866724
       5880.00      0.850242
       5900.00      0.850533
       5920.00      0.852404
       5940.00      0.882633
       5960.00      0.887525
       5980.00      0.882209
       6000.00      0.887070
       6020.00      0.869348
       6040.00      0.893595
       6060.00      0.901461
       6080.00      0.898495
       6100.00      0.891712
       6120.00      0.887269
       6140.00      0.864556
       6160.00      0.838192
       6180.00      0.854416
       6200.00      0.876575
       6220.00      0.879025
       6240.00      0.865705
       6260.00      0.871165
       6280.00      0.878080
       6300.00      0.881237
       6320.00      0.874004
       6340.00      0.863864
       6360.00      0.874395
       6380.00      0.881193
       6400.00      0.874782
       6420.00      0.872786
       6440.00      0.879525
       6460.00      0.871729
       6480.00      0.866872
       6500.00      0.859883
       6520.00      0.862271
       6540.00      0.875381
       6560.00      0.832752
       6580.00      0.830932
       6600.00      0.883027
       6620.00      0.884602
       6640.00      0.881938
       6660.00      0.874369
       6680.00      0.884365
       6700.00      0.878930
       6720.00      0.874225
       6740.00      0.869547
       6760.00      0.866282
       6780.00      0.877535
       6800.00      0.872200
       6820.00      0.876506
       6840.00      0.898581
       6860.00      0.867984
       6880.00      0.834843
       6900.00      0.833101
       6920.00      0.848958
       6940.00      0.860676
       6960.00      0.866946
       6980.00      0.849038
       7000.00      0.839924
       7020.00      0.842866
       7040.00      0.853105
       7060.00      0.850025
       7080.00      0.852914
       7100.00      0.851170
       7120.00      0.844835
       7140.00      0.841813
       7160.00      0.876727
       7180.00      0.879501
       7200.00      0.821794
       7220.00      0.816925
       7240.00      0.825659
       7260.00      0.825319
       7280.00      0.818551
       7300.00      0.815026
       7320.00      0.817275
       7340.00      0.813135
       7360.00      0.823010
       7380.00      0.820145
       7400.00      0.821724
       7420.00      0.811939
       7440.00      0.822969
       7460.00      0.824527
       7480.00      0.811684
       7500.00      0.812640
       7520.00      0.803009
       7540.00      0.792808
       7560.00      0.780804
       7580.00      0.860879
       7600.00      0.783469
       7620.00      0.723053
       7640.00      0.776917
       7660.00      0.763277
       7680.00      0.735080
       7700.00      0.797612
       7720.00      0.810098
       7740.00      0.798328
       7760.00      0.809542
       7780.00      0.817088
       7800.00      0.808991
       7820.00      0.802732
       7840.00      0.804267
       7860.00      0.808771
       7880.00      0.801966
       7900.00      0.786900
       7920.00      0.774865
       7940.00      0.766428
       7960.00      0.772735
       7980.00      0.781358
       8000.00      0.772383
       8020.00      0.782130
       8040.00      0.777856
       8060.00      0.767794
       8080.00      0.777481
       8100.00      0.766892
       8120.00      0.785181
       8140.00      0.806255
       8160.00      0.780758
       8180.00      0.761109
       8200.00      0.776950
       8220.00      0.765378
       8240.00      0.793061
       8260.00      0.795675
       8280.00      0.774531
       8300.00      0.764769
       8320.00      0.734799
       8340.00      0.745385
       8360.00      0.744722
       8380.00      0.768640
       8400.00      0.774055
       8420.00      0.795010
       8440.00      0.766504
       8460.00      0.762478
       8480.00      0.768408
       8500.00      0.750079
       8520.00      0.737879
       8540.00      0.720803
       8560.00      0.721306
       8580.00      0.757270
       8600.00      0.732103
       8620.00      0.766789
       8640.00      0.761222
       8660.00      0.703247
       8680.00      0.701087
       8700.00      0.754358
       8720.00      0.763901
       8740.00      0.762153
       8760.00      0.719800
       8780.00      0.733622
       8800.00      0.714401
       8820.00      0.747279
       8840.00      0.724936
       8860.00      0.728583
       8880.00      0.715345
       8900.00      0.713737
       8920.00      0.719484
       8940.00      0.735677
       8960.00      0.740827
       8980.00      0.729273
       9000.00      0.727132
       9020.00      0.690749
       9040.00      0.718736
       9060.00      0.732133
       9080.00      0.677936
       9100.00      0.690849
       9120.00      0.671369
       9140.00      0.704727
       9160.00      0.668438
       9180.00      0.693497
       9200.00      0.704201
       9220.00      0.690996
       9240.00      0.695580
       9260.00      0.682451
       9280.00      0.740503
       9300.00      0.692603
       9320.00      0.751890
       9340.00      0.786867
       9360.00      0.687162
       9380.00      0.665735
       9400.00      0.745989
       9420.00      0.704154
       9440.00      0.650099
       9460.00      0.698702
       9480.00      0.718461
       9500.00      0.683442
       9520.00      0.722326
       9540.00      0.700203
       9560.00      0.682090
       9580.00      0.685064
       9600.00      0.662182
       9620.00      0.672970
       9640.00      0.640981
       9660.00      0.661945
       9680.00      0.642685
       9700.00      0.640395
       9720.00      0.668454
       9740.00      0.646416
       9760.00      0.646050
       9780.00      0.642815
       9800.00      0.645324
       9820.00      0.657834
       9840.00      0.638895
       9860.00      0.639023
       9880.00      0.651944
       9900.00      0.656301
       9920.00      0.647427
       9940.00      0.638590
       9960.00      0.657047
       9980.00      0.634154
       10000.0      0.666122
       10020.0      0.653113
       10040.0      0.637824
       10060.0      0.618874
       10080.0      0.642259
       10100.0      0.628010
       10120.0      0.639720
       10140.0      0.628764
       10160.0      0.626144
       10180.0      0.613878
       10200.0      0.626442
       10220.0      0.612849
       10240.0      0.616681
       10260.0      0.630079
       10280.0      0.613826
       10300.0      0.625814
       10320.0      0.617797
       10340.0      0.606642
       10360.0      0.615412
       10380.0      0.628657
       10400.0      0.617996
       10420.0      0.622201
       10440.0      0.626838
       10460.0      0.610424
       10480.0      0.615065
       10500.0      0.606315
       10520.0      0.580689
       10540.0      0.582252
       10560.0      0.600653
       10580.0      0.584475
       10600.0      0.595737
       10620.0      0.600786
