   3265.000               0
   3270.000       0.000000    
   3275.000      9.9908131E-05
   3280.000      2.0467694E-04
   3285.000      3.3381919E-04
   3290.000      6.0304237E-04
   3295.000      7.5985480E-04
   3300.000      1.0621989E-03
   3305.000      1.5964487E-03
   3310.000      2.1319774E-03
   3315.000      3.1917391E-03
   3320.000      4.7656572E-03
   3325.000      6.9240755E-03
   3330.000      9.9172676E-03
   3335.000      1.4135271E-02
   3340.000      1.9830087E-02
   3345.000      2.7526785E-02
   3350.000      3.7270915E-02
   3355.000      4.8617218E-02
   3360.000      6.1059758E-02
   3365.000      7.3979363E-02
   3370.000      8.6453743E-02
   3375.000      9.8945595E-02
   3380.000      0.1097645    
   3385.000      0.1183826    
   3390.000      0.1244701    
   3395.000      0.1280493    
   3400.000      0.1299559    
   3405.000      0.1309144    
   3410.000      0.1312743    
   3415.000      0.1308313    
   3420.000      0.1307628    
   3425.000      0.1310640    
   3430.000      0.1313578    
   3435.000      0.1315893    
   3440.000      0.1324376    
   3445.000      0.1362294    
   3450.000      0.1419948    
   3455.000      0.1491159    
   3460.000      0.1570024    
   3465.000      0.1638005    
   3470.000      0.1682834    
   3475.000      0.1698704    
   3480.000      0.1690050    
   3485.000      0.1660956    
   3490.000      0.1633385    
   3495.000      0.1641385    
   3500.000      0.1677225    
   3505.000      0.1724268    
   3510.000      0.1778926    
   3515.000      0.1827085    
   3520.000      0.1863850    
   3525.000      0.1888587    
   3530.000      0.1908693    
   3535.000      0.1929610    
   3540.000      0.1953146    
   3545.000      0.1981666    
   3550.000      0.2005469    
   3555.000      0.2019748    
   3560.000      0.2018929    
   3565.000      0.2007868    
   3570.000      0.1978568    
   3575.000      0.1936274    
   3580.000      0.1880214    
   3585.000      0.1820276    
   3590.000      0.1772545    
   3595.000      0.1750806    
   3600.000      0.1768767    
   3605.000      0.1827080    
   3610.000      0.1910887    
   3615.000      0.1993449    
   3620.000      0.2063475    
   3625.000      0.2114772    
   3630.000      0.2152607    
   3635.000      0.2182471    
   3640.000      0.2206845    
   3645.000      0.2222710    
   3650.000      0.2226783    
   3655.000      0.2210002    
   3660.000      0.2186703    
   3665.000      0.2165776    
   3670.000      0.2150388    
   3675.000      0.2131367    
   3680.000      0.2096293    
   3685.000      0.2032383    
   3690.000      0.1941944    
   3695.000      0.1852792    
   3700.000      0.1787677    
   3705.000      0.1775304    
   3710.000      0.1817984    
   3715.000      0.1890874    
   3720.000      0.1968025    
   3725.000      0.2012757    
   3730.000      0.2031142    
   3735.000      0.2032657    
   3740.000      0.2030627    
   3745.000      0.2038809    
   3750.000      0.2043495    
   3755.000      0.2037924    
   3760.000      0.2032108    
   3765.000      0.2047062    
   3770.000      0.2104816    
   3775.000      0.2205109    
   3780.000      0.2335491    
   3785.000      0.2456043    
   3790.000      0.2534129    
   3795.000      0.2568676    
   3800.000      0.2581288    
   3805.000      0.2602857    
   3810.000      0.2658249    
   3815.000      0.2744019    
   3820.000      0.2845736    
   3825.000      0.2937165    
   3830.000      0.3017988    
   3835.000      0.3076144    
   3840.000      0.3123195    
   3845.000      0.3158855    
   3850.000      0.3179144    
   3855.000      0.3183097    
   3860.000      0.3167256    
   3865.000      0.3143531    
   3870.000      0.3107504    
   3875.000      0.3062404    
   3880.000      0.3000677    
   3885.000      0.2930228    
   3890.000      0.2863066    
   3895.000      0.2811137    
   3900.000      0.2795525    
   3905.000      0.2811017    
   3910.000      0.2851365    
   3915.000      0.2900272    
   3920.000      0.2932844    
   3925.000      0.2944601    
   3930.000      0.2939587    
   3935.000      0.2934195    
   3940.000      0.2941394    
   3945.000      0.2969443    
   3950.000      0.3014700    
   3955.000      0.3064302    
   3960.000      0.3114208    
   3965.000      0.3155861    
   3970.000      0.3189104    
   3975.000      0.3205125    
   3980.000      0.3216842    
   3985.000      0.3219873    
   3990.000      0.3218473    
   3995.000      0.3221260    
   4000.000      0.3219584    
   4005.000      0.3218910    
   4010.000      0.3213755    
   4015.000      0.3199804    
   4020.000      0.3176813    
   4025.000      0.3149095    
   4030.000      0.3130186    
   4035.000      0.3120308    
   4040.000      0.3137431    
   4045.000      0.3167869    
   4050.000      0.3207502    
   4055.000      0.3238232    
   4060.000      0.3241728    
   4065.000      0.3221999    
   4070.000      0.3165499    
   4075.000      0.3090369    
   4080.000      0.2996444    
   4085.000      0.2892825    
   4090.000      0.2774815    
   4095.000      0.2638028    
   4100.000      0.2477292    
   4105.000      0.2294322    
   4110.000      0.2092235    
   4115.000      0.1880215    
   4120.000      0.1672334    
   4125.000      0.1473284    
   4130.000      0.1287786    
   4135.000      0.1115932    
   4140.000      9.6711300E-02
   4145.000      8.3197482E-02
   4150.000      7.1533039E-02
   4155.000      6.1254792E-02
   4160.000      5.2838165E-02
   4165.000      4.5343090E-02
   4170.000      3.8776025E-02
   4175.000      3.3614904E-02
   4180.000      2.8915247E-02
   4185.000      2.5153575E-02
   4190.000      2.1857865E-02
   4195.000      1.9032113E-02
   4200.000      1.6198784E-02
   4205.000      1.4321763E-02
   4210.000      1.2437114E-02
   4215.000      1.1023330E-02
   4220.000      9.6040163E-03
   4225.000      8.1791058E-03
   4230.000      7.2307186E-03
   4235.000      6.2790811E-03
   4240.000      5.8075893E-03
   4245.000      4.8490600E-03
   4250.000      4.3726247E-03
   4255.000      3.8946345E-03
   4260.000      3.4146877E-03
   4265.000      2.9321443E-03
   4270.000      2.9374179E-03
   4275.000      2.4529570E-03
   4280.000      2.4580725E-03
   4285.000      1.9702245E-03
   4290.000      1.9739955E-03
   4295.000      1.4836176E-03
   4300.000      1.4867429E-03
   4305.000      9.9250616E-04
   4310.000      4.9692550E-04
   4315.000      4.9767824E-04
   4320.000       0.000000    
   4325.000       0.000000    
   4330.000       0.000000    
   4335.000       0.000000    
   4340.000       0.000000    
   4345.000       0.000000    
   4350.000       0.000000    
   4355.000       0.000000    
   4360.000       0.000000    
   4365.000       0.000000    
   4370.000       0.000000    
   4375.000       0.000000    
   4380.000       0.000000    
   4385.000       0.000000    
   4390.000       0.000000    
   4395.000       0.000000    
   4400.000       0.000000    
   4405.000       0.000000    
   4410.000       0.000000    
   4415.000       0.000000    
   4420.000       0.000000    
   4425.000       0.000000    
   4430.000       0.000000    
   4435.000       0.000000    
   4440.000       0.000000    
   4445.000       0.000000    
   4450.000       0.000000    
   4455.000       0.000000    
   4460.000       0.000000    
   4465.000       0.000000    
   4470.000       0.000000    
   4475.000       0.000000    
   4480.000       0.000000    
   4485.000       0.000000    
   4490.000       0.000000    
   4495.000       0.000000    
   4500.000       0.000000    
   4505.000       0.000000    
   4510.000       0.000000    
   4515.000       0.000000    
   4520.000       0.000000    
   4525.000       0.000000    
   4530.000       0.000000    
   4535.000       0.000000    
   4540.000       0.000000    
   4545.000       0.000000    
   4550.000       0.000000    
   4555.000       0.000000    
   4560.000       0.000000    
   4565.000       0.000000    
   4570.000       0.000000    
   4575.000       0.000000    
   4580.000       0.000000    
   4585.000       0.000000    
   4590.000       0.000000    
   4595.000       0.000000    
   4600.000       0.000000    
   4605.000       0.000000    
   4610.000       0.000000    
   4615.000       0.000000    
   4620.000       0.000000    
   4625.000       0.000000    
   4630.000       0.000000    
   4635.000       0.000000    
   4640.000       0.000000    
   4645.000       0.000000    
   4650.000       0.000000    
   4655.000       0.000000    
   4660.000       0.000000    
   4665.000       0.000000    
   4670.000       0.000000    
   4675.000       0.000000    
   4680.000       0.000000    
   4685.000       0.000000    
   4690.000       0.000000    
   4695.000       0.000000    
   4700.000       0.000000    
   4705.000       0.000000    
   4710.000       0.000000    
   4715.000       0.000000    
   4720.000       0.000000    
   4725.000       0.000000    
   4730.000       0.000000    
   4735.000       0.000000    
   4740.000       0.000000    
   4745.000       0.000000    
   4750.000       0.000000    
   4755.000       0.000000    
   4760.000       0.000000    
   4765.000       0.000000    
   4770.000       0.000000    
   4775.000       0.000000    
   4780.000       0.000000    
   4785.000       0.000000    
   4790.000       0.000000    
   4795.000       0.000000    
   4800.000       0.000000    
   4805.000       0.000000    
   4810.000       0.000000    
   4815.000       0.000000    
   4820.000       0.000000    
   4825.000       0.000000    
   4830.000       0.000000    
   4835.000       0.000000    
   4840.000       0.000000    
   4845.000       0.000000    
   4850.000       0.000000    
   4855.000       0.000000    
   4860.000       0.000000    
   4865.000       0.000000    
   4870.000       0.000000    
   4875.000       0.000000    
   4880.000       0.000000    
   4885.000       0.000000    
   4890.000       0.000000    
   4895.000       0.000000    
   4900.000       0.000000    
   4905.000       0.000000    
   4910.000       0.000000    
   4915.000       0.000000    
   4920.000       0.000000    
   4925.000       0.000000    
   4930.000       0.000000    
   4935.000       0.000000    
   4940.000       0.000000    
   4945.000       0.000000    
   4950.000       0.000000    
   4955.000       0.000000    
   4960.000       0.000000    
   4965.000       0.000000    
   4970.000       0.000000    
   4975.000       0.000000    
   4980.000       0.000000    
   4985.000       0.000000    
   4990.000       0.000000    
   4995.000       0.000000    
   5000.000       0.000000    
   5005.000       0.000000    
   5010.000       0.000000    
   5015.000      5.7220506E-04
   5020.000      5.7187292E-04
   5025.000      5.7155028E-04
   5030.000      1.1424554E-03
   5035.000      1.7128026E-03
   5040.000      1.7119219E-03
   5045.000      2.2811610E-03
   5050.000      2.2797587E-03
   5055.000      2.2790525E-03
   5060.000      2.2783454E-03
   5065.000      2.2776912E-03
   5070.000      2.2770355E-03
   5075.000      2.2762187E-03
   5080.000      2.2754008E-03
   5085.000      2.2748725E-03
   5090.000      2.2743423E-03
   5095.000      2.2736934E-03
   5100.000      1.7047820E-03
   5105.000      1.1368544E-03
   5110.000      1.1371872E-03
   5115.000      5.6869711E-04
   5120.000       0.000000    
   5125.000       0.000000    
   5130.000       0.000000    
   5135.000       0.000000    
   5140.000       0.000000    
   5145.000       0.000000    
   5150.000       0.000000    
   5155.000       0.000000    
   5160.000       0.000000    
   5165.000       0.000000    
   5170.000       0.000000    
   5175.000       0.000000    
   5180.000       0.000000    
   5185.000       0.000000    
   5190.000       0.000000    
   5195.000       0.000000    
   5200.000       0.000000    
   5205.000       0.000000    
   5210.000       0.000000    
   5215.000       0.000000    
   5220.000       0.000000    
   5225.000       0.000000    
   5230.000       0.000000    
   5235.000       0.000000    
   5240.000       0.000000    
   5245.000       0.000000    
   5250.000       0.000000    
   5255.000       0.000000    
   5260.000       0.000000    
   5265.000       0.000000    
   5270.000       0.000000    
   5275.000       0.000000    
   5280.000       0.000000    
   5285.000       0.000000    
   5290.000       0.000000    
   5295.000       0.000000    
   5300.000       0.000000    
   5305.000       0.000000    
   5310.000       0.000000    
   5315.000       0.000000    
   5320.000       0.000000    
   5325.000       0.000000    
   5330.000       0.000000    
   5335.000       0.000000    
   5340.000       0.000000    
   5345.000       0.000000    
   5350.000       0.000000    
   5355.000       0.000000    
   5360.000       0.000000    
   5365.000       0.000000    
   5370.000       0.000000    
   5375.000       0.000000    
   5380.000       0.000000    
   5385.000       0.000000    
   5390.000       0.000000    
   5395.000       0.000000    
   5400.000       0.000000    
   5405.000       0.000000    
   5410.000       0.000000    
   5415.000       0.000000    
   5420.000       0.000000    
   5425.000       0.000000    
   5430.000       0.000000    
   5435.000       0.000000    
   5440.000       0.000000    
   5445.000       0.000000    
   5450.000       0.000000    
   5455.000       0.000000    
   5460.000       0.000000    
   5465.000       0.000000    
   5470.000       0.000000    
   5475.000       0.000000    
   5480.000       0.000000    
   5485.000       0.000000    
   5490.000       0.000000    
   5495.000       0.000000    
   5500.000       0.000000    
   5505.000       0.000000    
   5510.000       0.000000    
   5515.000       0.000000    
   5520.000       0.000000    
   5525.000       0.000000    
   5530.000       0.000000    
   5535.000       0.000000    
   5540.000       0.000000    
   5545.000       0.000000    
   5550.000       0.000000    
   5555.000       0.000000    
   5560.000       0.000000    
   5565.000       0.000000    
   5570.000       0.000000    
   5575.000       0.000000    
   5580.000       0.000000    
   5585.000       0.000000    
   5590.000       0.000000    
   5595.000       0.000000    
   5600.000       0.000000    
   5605.000       0.000000    
   5610.000       0.000000    
   5615.000       0.000000    
   5620.000       0.000000    
   5625.000       0.000000    
   5630.000       0.000000    
   5635.000       0.000000    
   5640.000       0.000000    
   5645.000       0.000000    
   5650.000       0.000000    
   5655.000       0.000000    
   5660.000       0.000000    
   5665.000       0.000000    
   5670.000       0.000000    
   5675.000       0.000000    
   5680.000       0.000000    
   5685.000       0.000000    
   5690.000       0.000000    
   5695.000       0.000000    
   5700.000       0.000000    
   5705.000       0.000000    
   5710.000       0.000000    
   5715.000       0.000000    
   5720.000       0.000000    
   5725.000       0.000000    
   5730.000       0.000000    
   5735.000       0.000000    
   5740.000       0.000000    
   5745.000       0.000000    
   5750.000       0.000000    
   5755.000       0.000000    
   5760.000       0.000000    
   5765.000       0.000000    
   5770.000       0.000000    
   5775.000       0.000000    
   5780.000       0.000000    
   5785.000       0.000000    
   5790.000       0.000000    
   5795.000       0.000000    
   5800.000       0.000000    
   5805.000       0.000000    
   5810.000       0.000000    
   5815.000       0.000000    
   5820.000       0.000000    
   5825.000       0.000000    
   5830.000       0.000000    
   5835.000       0.000000    
   5840.000       0.000000    
   5845.000       0.000000    
   5850.000       0.000000    
   5855.000       0.000000    
   5860.000       0.000000    
   5865.000       0.000000    
   5870.000       0.000000    
   5875.000       0.000000    
   5880.000       0.000000    
   5885.000       0.000000    
   5890.000       0.000000    
   5895.000       0.000000    
   5900.000       0.000000    
   5905.000       0.000000    
   5910.000       0.000000    
   5915.000       0.000000    
   5920.000       0.000000    
   5925.000       0.000000    
   5930.000       0.000000    
   5935.000       0.000000    
   5940.000       0.000000    
   5945.000       0.000000    
   5950.000       0.000000    
   5955.000       0.000000    
   5960.000       0.000000    
   5965.000       0.000000    
   5970.000       0.000000    
   5975.000       0.000000    
   5980.000       0.000000    
   5985.000       0.000000    
   5990.000       0.000000    
   5995.000       0.000000    
   6000.000       0.000000    
   6005.000       0.000000    
   6010.000       0.000000    
   6015.000       0.000000    
   6020.000       0.000000    
   6025.000       0.000000    
   6030.000       0.000000    
   6035.000       0.000000    
   6040.000       0.000000    
   6045.000       0.000000    
   6050.000       0.000000    
   6055.000       0.000000    
   6060.000       0.000000    
   6065.000       0.000000    
   6070.000       0.000000    
   6075.000       0.000000    
   6080.000       0.000000    
   6085.000       0.000000    
   6090.000       0.000000    
   6095.000       0.000000    
   6100.000       0.000000    
   6105.000       0.000000    
   6110.000       0.000000    
   6115.000       0.000000    
   6120.000       0.000000    
   6125.000       0.000000    
   6130.000       0.000000    
   6135.000       0.000000    
   6140.000       0.000000    
   6145.000       0.000000    
   6150.000       0.000000    
   6155.000       0.000000    
   6160.000       0.000000    
   6165.000       0.000000    
   6170.000       0.000000    
   6175.000       0.000000    
   6180.000       0.000000    
   6185.000       0.000000    
   6190.000       0.000000    
   6195.000       0.000000    
   6200.000       0.000000    
   6205.000       0.000000    
   6210.000       0.000000    
   6215.000       0.000000    
   6220.000       0.000000    
   6225.000       0.000000    
   6230.000       0.000000    
   6235.000       0.000000    
   6240.000       0.000000    
   6245.000       0.000000    
   6250.000       0.000000    
   6255.000       0.000000    
   6260.000       0.000000    
   6265.000       0.000000    
   6270.000       0.000000    
   6275.000       0.000000    
   6280.000       0.000000    
   6285.000       0.000000    
   6290.000       0.000000    
   6295.000       0.000000    
   6300.000       0.000000    
   6305.000       0.000000    
   6310.000       0.000000    
   6315.000       0.000000    
   6320.000       0.000000    
   6325.000       0.000000    
   6330.000       0.000000    
   6335.000       0.000000    
   6340.000       0.000000    
   6345.000       0.000000    
   6350.000       0.000000    
   6355.000       0.000000    
   6360.000       0.000000    
   6365.000       0.000000    
   6370.000       0.000000    
   6375.000       0.000000    
   6380.000       0.000000    
   6385.000       0.000000    
   6390.000       0.000000    
   6395.000       0.000000    
   6400.000       0.000000    
   6405.000       0.000000    
   6410.000       0.000000    
   6415.000       0.000000    
   6420.000       0.000000    
   6425.000       0.000000    
   6430.000       0.000000    
   6435.000       0.000000    
   6440.000       0.000000    
   6445.000       0.000000    
   6450.000       0.000000    
   6455.000       0.000000    
   6460.000       0.000000    
   6465.000       0.000000    
   6470.000       0.000000    
   6475.000       0.000000    
   6480.000       0.000000    
   6485.000       0.000000    
   6490.000       0.000000    
   6495.000       0.000000    
   6500.000       0.000000    
   6505.000       0.000000    
   6510.000       0.000000    
   6515.000       0.000000    
   6520.000       0.000000    
   6525.000       0.000000    
   6530.000       0.000000    
   6535.000       0.000000    
   6540.000       0.000000    
   6545.000       0.000000    
   6550.000       0.000000    
   6555.000       0.000000    
   6560.000       0.000000    
   6565.000       0.000000    
   6570.000       0.000000    
   6575.000       0.000000    
   6580.000       0.000000    
   6585.000       0.000000    
   6590.000       0.000000    
   6595.000       0.000000    
   6600.000       0.000000    
   6605.000       0.000000    
   6610.000       0.000000    
   6615.000       0.000000    
   6620.000       0.000000    
   6625.000       0.000000    
   6630.000       0.000000    
   6635.000       0.000000    
   6640.000       0.000000    
   6645.000       0.000000    
   6650.000       0.000000    
   6655.000       0.000000    
   6660.000       0.000000    
   6665.000       0.000000    
   6670.000       0.000000    
   6675.000       0.000000    
   6680.000       0.000000    
   6685.000       0.000000    
   6690.000       0.000000    
   6695.000       0.000000    
   6700.000       0.000000    
   6705.000       0.000000    
   6710.000       0.000000    
   6715.000       0.000000    
   6720.000       0.000000    
   6725.000       0.000000    
   6730.000       0.000000    
   6735.000       0.000000    
   6740.000       0.000000    
   6745.000       0.000000    
   6750.000       0.000000    
   6755.000       0.000000    
   6760.000       0.000000    
   6765.000       0.000000    
   6770.000       0.000000    
   6775.000       0.000000    
   6780.000       0.000000    
   6785.000       0.000000    
   6790.000       0.000000    
   6795.000       0.000000    
   6800.000       0.000000    
   6805.000       0.000000    
   6810.000       0.000000    
   6815.000       0.000000    
   6820.000       0.000000    
   6825.000       0.000000    
   6830.000       0.000000    
   6835.000       0.000000    
   6840.000       0.000000    
   6845.000       0.000000    
   6850.000       0.000000    
   6855.000       0.000000    
   6860.000       0.000000    
   6865.000       0.000000    
   6870.000       0.000000    
   6875.000       0.000000    
   6880.000       0.000000    
   6885.000       0.000000    
   6890.000       0.000000    
   6895.000       0.000000    
   6900.000       0.000000    
   6905.000       0.000000    
   6910.000       0.000000    
   6915.000       0.000000    
   6920.000       0.000000    
   6925.000       0.000000    
   6930.000       0.000000    
   6935.000       0.000000    
   6940.000       0.000000    
   6945.000       0.000000    
   6950.000       0.000000    
   6955.000       0.000000    
   6960.000       0.000000    
   6965.000       0.000000    
   6970.000       0.000000    
   6975.000       0.000000    
   6980.000       0.000000    
   6985.000       0.000000    
   6990.000       0.000000    
   6995.000       0.000000    
   7000.000       0.000000    
   7005.000       0.000000    
   7010.000       0.000000    
   7015.000       0.000000    
   7020.000       0.000000    
   7025.000       0.000000    
   7030.000       0.000000    
   7035.000       0.000000    
   7040.000       0.000000    
   7045.000       0.000000    
   7050.000       0.000000    
   7055.000       0.000000    
   7060.000       0.000000    
   7065.000       0.000000    
   7070.000       0.000000    
   7075.000       0.000000    
   7080.000       0.000000    
   7085.000       0.000000    
   7090.000       0.000000    
   7095.000       0.000000    
   7100.000       0.000000    
   7105.000       0.000000    
   7110.000       0.000000    
   7115.000       0.000000    
   7120.000       0.000000    
   7125.000       0.000000    
   7130.000       0.000000    
   7135.000       0.000000    
   7140.000       0.000000    
   7145.000       0.000000    
   7150.000       0.000000    
   7155.000       0.000000    
   7160.000       0.000000    
   7165.000       0.000000    
   7170.000       0.000000    
   7175.000       0.000000    
   7180.000       0.000000    
   7185.000       0.000000    
   7190.000       0.000000    
   7195.000       0.000000    
   7200.000       0.000000    
   7205.000       0.000000    
   7210.000       0.000000    
   7215.000       0.000000    
   7220.000       0.000000    
   7225.000       0.000000    
   7230.000       0.000000    
   7235.000       0.000000    
   7240.000       0.000000    
   7245.000       0.000000    
   7250.000       0.000000    
   7255.000       0.000000    
   7260.000       0.000000    
   7265.000       0.000000    
   7270.000       0.000000    
   7275.000       0.000000    
   7280.000       0.000000    
   7285.000       0.000000    
   7290.000       0.000000    
   7295.000       0.000000    
   7300.000       0.000000    
   7305.000       0.000000    
   7310.000       0.000000    
   7315.000       0.000000    
   7320.000       0.000000    
   7325.000       0.000000    
   7330.000       0.000000    
   7335.000       0.000000    
   7340.000       0.000000    
   7345.000       0.000000    
   7350.000       0.000000    
   7355.000       0.000000    
   7360.000       0.000000    
   7365.000       0.000000    
   7370.000       0.000000    
   7375.000       0.000000    
   7380.000       0.000000    
   7385.000       0.000000    
   7390.000       0.000000    
   7395.000       0.000000    
   7400.000       0.000000    
   7405.000       0.000000    
   7410.000       0.000000    
   7415.000       0.000000    
   7420.000       0.000000    
   7425.000       0.000000    
   7430.000       0.000000    
   7435.000       0.000000    
   7440.000       0.000000    
   7445.000       0.000000    
   7450.000       0.000000    
   7455.000       0.000000    
   7460.000       0.000000    
   7465.000       0.000000    
   7470.000       0.000000    
   7475.000       0.000000    
   7480.000       0.000000    
   7485.000       0.000000    
   7490.000       0.000000    
   7495.000       0.000000    
   7500.000       0.000000    
   7505.000       0.000000    
   7510.000       0.000000    
   7515.000       0.000000    
   7520.000       0.000000    
   7525.000       0.000000    
   7530.000       0.000000    
   7535.000       0.000000    
   7540.000       0.000000    
   7545.000       0.000000    
   7550.000       0.000000    
   7555.000       0.000000    
   7560.000       0.000000    
   7565.000       0.000000    
   7570.000       0.000000    
   7575.000       0.000000    
   7580.000       0.000000    
   7585.000       0.000000    
   7590.000       0.000000    
   7595.000       0.000000    
   7600.000       0.000000    
   7605.000       0.000000    
   7610.000       0.000000    
   7615.000       0.000000    
   7620.000       0.000000    
   7625.000       0.000000    
   7630.000       0.000000    
   7635.000       0.000000    
   7640.000       0.000000    
   7645.000       0.000000    
   7650.000       0.000000    
   7655.000       0.000000    
   7660.000       0.000000    
   7665.000       0.000000    
   7670.000       0.000000    
   7675.000       0.000000    
   7680.000       0.000000    
   7685.000       0.000000    
   7690.000       0.000000    
   7695.000       0.000000    
   7700.000       0.000000    
   7705.000       0.000000    
   7710.000       0.000000    
   7715.000       0.000000    
   7720.000       0.000000    
   7725.000       0.000000    
   7730.000       0.000000    
   7735.000       0.000000    
   7740.000       0.000000    
   7745.000       0.000000    
   7750.000       0.000000    
   7755.000       0.000000    
   7760.000       0.000000    
   7765.000       0.000000    
   7770.000       0.000000    
   7775.000       0.000000    
   7780.000       0.000000    
   7785.000       0.000000    
   7790.000       0.000000    
   7795.000       0.000000    
   7800.000       0.000000    
   7805.000       0.000000    
   7810.000       0.000000    
   7815.000       0.000000    
   7820.000       0.000000    
   7825.000       0.000000    
   7830.000       0.000000    
   7835.000       0.000000    
   7840.000       0.000000    
   7845.000       0.000000    
   7850.000       0.000000    
   7855.000       0.000000    
   7860.000       0.000000    
   7865.000       0.000000    
   7870.000       0.000000    
   7875.000       0.000000    
   7880.000       0.000000    
   7885.000       0.000000    
   7890.000       0.000000    
   7895.000       0.000000    
   7900.000       0.000000    
   7905.000       0.000000    
   7910.000       0.000000    
   7915.000       0.000000    
   7920.000       0.000000    
   7925.000       0.000000    
   7930.000       0.000000    
   7935.000       0.000000    
   7940.000       0.000000    
   7945.000       0.000000    
   7950.000       0.000000    
   7955.000       0.000000    
   7960.000       0.000000    
   7965.000       0.000000    
   7970.000       0.000000    
   7975.000       0.000000    
   7980.000       0.000000    
   7985.000       0.000000    
   7990.000       0.000000    
   7995.000       0.000000    
   8000.000       0.000000    
   8005.000       0.000000    
   8010.000       0.000000    
   8015.000       0.000000    
   8020.000       0.000000    
   8025.000       0.000000    
   8030.000       0.000000    
   8035.000       0.000000    
   8040.000       0.000000    
   8045.000       0.000000    
   8050.000       0.000000    
   8055.000       0.000000    
   8060.000       0.000000    
   8065.000       0.000000    
   8070.000       0.000000    
   8075.000       0.000000    
   8080.000       0.000000    
   8085.000       0.000000    
   8090.000       0.000000    
   8095.000       0.000000    
   8100.000       0.000000    
   8105.000       0.000000    
   8110.000       0.000000    
   8115.000       0.000000    
   8120.000       0.000000    
   8125.000       0.000000    
   8130.000       0.000000    
   8135.000       0.000000    
   8140.000       0.000000    
   8145.000       0.000000    
   8150.000       0.000000    
   8155.000       0.000000    
   8160.000       0.000000    
   8165.000       0.000000    
   8170.000       0.000000    
   8175.000       0.000000    
   8180.000       0.000000    
   8185.000       0.000000    
   8190.000       0.000000    
   8195.000       0.000000    
   8200.000       0.000000    
   8205.000       0.000000    
   8210.000       0.000000    
   8215.000       0.000000    
   8220.000       0.000000    
   8225.000       0.000000    
   8230.000       0.000000    
   8235.000       0.000000    
   8240.000       0.000000    
   8245.000       0.000000    
   8250.000       0.000000    
   8255.000       0.000000    
   8260.000       0.000000    
   8265.000       0.000000    
   8270.000       0.000000    
   8275.000       0.000000    
   8280.000       0.000000    
   8285.000       0.000000    
   8290.000       0.000000    
   8295.000       0.000000    
   8300.000       0.000000    
   8305.000       0.000000    
   8310.000       0.000000    
   8315.000       0.000000    
   8320.000       0.000000    
   8325.000       0.000000    
   8330.000       0.000000    
   8335.000       0.000000    
   8340.000       0.000000    
   8345.000       0.000000    
   8350.000       0.000000    
   8355.000       0.000000    
   8360.000       0.000000    
   8365.000       0.000000    
   8370.000       0.000000    
   8375.000       0.000000    
   8380.000       0.000000    
   8385.000       0.000000    
   8390.000       0.000000    
   8395.000       0.000000    
   8400.000       0.000000    
   8405.000       0.000000    
   8410.000       0.000000    
   8415.000       0.000000    
   8420.000       0.000000    
   8425.000       0.000000    
   8430.000       0.000000    
   8435.000       0.000000    
   8440.000       0.000000    
   8445.000       0.000000    
   8450.000       0.000000    
   8455.000       0.000000    
   8460.000       0.000000    
   8465.000       0.000000    
   8470.000       0.000000    
   8475.000       0.000000    
   8480.000       0.000000    
   8485.000       0.000000    
   8490.000       0.000000    
   8495.000       0.000000    
   8500.000       0.000000    
   8505.000       0.000000    
   8510.000       0.000000    
   8515.000       0.000000    
   8520.000       0.000000    
   8525.000       0.000000    
   8530.000       0.000000    
   8535.000       0.000000    
   8540.000       0.000000    
   8545.000       0.000000    
   8550.000       0.000000    
   8555.000       0.000000    
   8560.000       0.000000    
   8565.000       0.000000    
   8570.000       0.000000    
   8575.000       0.000000    
   8580.000       0.000000    
   8585.000       0.000000    
   8590.000       0.000000    
   8595.000       0.000000    
   8600.000       0.000000    
   8605.000       0.000000    
   8610.000       0.000000    
   8615.000       0.000000    
   8620.000       0.000000    
   8625.000       0.000000    
   8630.000       0.000000    
   8635.000       0.000000    
   8640.000       0.000000    
   8645.000       0.000000    
   8650.000       0.000000    
   8655.000       0.000000    
   8660.000       0.000000    
   8665.000       0.000000    
   8670.000       0.000000    
   8675.000       0.000000    
   8680.000       0.000000    
   8685.000       0.000000    
   8690.000       0.000000    
   8695.000       0.000000    
   8700.000       0.000000    
   8705.000       0.000000    
   8710.000       0.000000    
   8715.000       0.000000    
   8720.000       0.000000    
   8725.000       0.000000    
   8730.000       0.000000    
   8735.000       0.000000    
   8740.000       0.000000    
   8745.000       0.000000    
   8750.000       0.000000    
   8755.000       0.000000    
   8760.000       0.000000    
   8765.000       0.000000    
   8770.000       0.000000    
   8775.000       0.000000    
   8780.000       0.000000    
   8785.000       0.000000    
   8790.000       0.000000    
   8795.000       0.000000    
   8800.000       0.000000    
   8805.000       0.000000    
   8810.000       0.000000    
   8815.000       0.000000    
   8820.000       0.000000    
   8825.000       0.000000    
   8830.000       0.000000    
   8835.000       0.000000    
   8840.000       0.000000    
   8845.000       0.000000    
   8850.000       0.000000    
   8855.000       0.000000    
   8860.000       0.000000    
   8865.000       0.000000    
   8870.000       0.000000    
   8875.000       0.000000    
   8880.000       0.000000    
   8885.000       0.000000    
   8890.000       0.000000    
   8895.000       0.000000    
   8900.000       0.000000    
   8905.000       0.000000    
   8910.000       0.000000    
   8915.000       0.000000    
   8920.000       0.000000    
   8925.000       0.000000    
   8930.000       0.000000    
   8935.000       0.000000    
   8940.000       0.000000    
   8945.000       0.000000    
   8950.000       0.000000    
   8955.000       0.000000    
   8960.000       0.000000    
   8965.000       0.000000    
   8970.000       0.000000    
   8975.000       0.000000    
   8980.000       0.000000    
   8985.000       0.000000    
   8990.000       0.000000    
   8995.000       0.000000    
   9000.000       0.000000    
   9005.000       0.000000    
   9010.000       0.000000    
   9015.000       0.000000    
   9020.000       0.000000    
   9025.000       0.000000    
   9030.000       0.000000    
   9035.000       0.000000    
   9040.000       0.000000    
   9045.000       0.000000    
   9050.000       0.000000    
   9055.000       0.000000    
   9060.000       0.000000    
   9065.000       0.000000    
   9070.000       0.000000    
   9075.000       0.000000    
   9080.000       0.000000    
   9085.000       0.000000    
   9090.000       0.000000    
   9095.000       0.000000    
   9100.000       0.000000    
   9105.000       0.000000    
   9110.000       0.000000    
   9115.000       0.000000    
   9120.000       0.000000    
   9125.000       0.000000    
   9130.000       0.000000    
   9135.000       0.000000    
   9140.000       0.000000    
   9145.000       0.000000    
   9150.000       0.000000    
   9155.000       0.000000    
   9160.000       0.000000    
   9165.000       0.000000    
   9170.000       0.000000    
   9175.000       0.000000    
   9180.000       0.000000    
   9185.000       0.000000    
   9190.000       0.000000    
   9195.000       0.000000    
   9200.000       0.000000    
   9205.000       0.000000    
   9210.000       0.000000    
   9215.000       0.000000    
   9220.000       0.000000    
   9225.000       0.000000    
   9230.000       0.000000    
   9235.000       0.000000    
   9240.000       0.000000    
   9245.000       0.000000    
   9250.000       0.000000    
   9255.000       0.000000    
   9260.000       0.000000    
   9265.000       0.000000    
   9270.000       0.000000    
   9275.000       0.000000    
   9280.000       0.000000    
   9285.000       0.000000    
   9290.000       0.000000    
   9295.000       0.000000    
   9300.000       0.000000    
   9305.000       0.000000    
   9310.000       0.000000    
   9315.000       0.000000    
   9320.000       0.000000    
   9325.000       0.000000    
   9330.000       0.000000    
   9335.000       0.000000    
   9340.000       0.000000    
   9345.000       0.000000    
   9350.000       0.000000    
   9355.000       0.000000    
   9360.000       0.000000    
   9365.000       0.000000    
   9370.000       0.000000    
   9375.000       0.000000    
   9380.000       0.000000    
   9385.000       0.000000    
   9390.000       0.000000    
   9395.000       0.000000    
   9400.000       0.000000    
   9405.000       0.000000    
   9410.000       0.000000    
   9415.000       0.000000    
   9420.000       0.000000    
   9425.000       0.000000    
   9430.000       0.000000    
   9435.000       0.000000    
   9440.000       0.000000    
   9445.000       0.000000    
   9450.000       0.000000    
   9455.000       0.000000    
   9460.000       0.000000    
   9465.000       0.000000    
   9470.000       0.000000    
   9475.000       0.000000    
   9480.000       0.000000    
   9485.000       0.000000    
   9490.000       0.000000    
   9495.000       0.000000    
   9500.000       0.000000    
   9505.000       0.000000    
   9510.000       0.000000    
   9515.000       0.000000    
   9520.000       0.000000    
   9525.000       0.000000    
   9530.000       0.000000    
   9535.000       0.000000    
   9540.000       0.000000    
   9545.000       0.000000    
   9550.000       0.000000    
   9555.000       0.000000    
   9560.000       0.000000    
   9565.000       0.000000    
   9570.000       0.000000    
   9575.000       0.000000    
   9580.000       0.000000    
   9585.000       0.000000    
   9590.000       0.000000    
   9595.000       0.000000    
   9600.000       0.000000    
   9605.000       0.000000    
   9610.000       0.000000    
   9615.000       0.000000    
   9620.000       0.000000    
   9625.000       0.000000    
   9630.000       0.000000    
   9635.000       0.000000    
   9640.000       0.000000    
   9645.000       0.000000    
   9650.000       0.000000    
   9655.000       0.000000    
   9660.000       0.000000    
   9665.000       0.000000    
   9670.000       0.000000    
   9675.000       0.000000    
   9680.000       0.000000    
   9685.000       0.000000    
   9690.000       0.000000    
   9695.000       0.000000    
   9700.000       0.000000    
   9705.000       0.000000    
   9710.000       0.000000    
   9715.000       0.000000    
   9720.000       0.000000    
   9725.000       0.000000    
   9730.000       0.000000    
   9735.000       0.000000    
   9740.000       0.000000    
   9745.000       0.000000    
   9750.000       0.000000    
   9755.000       0.000000    
   9760.000       0.000000    
   9765.000       0.000000    
   9770.000       0.000000    
   9775.000       0.000000    
   9780.000       0.000000    
   9785.000       0.000000    
   9790.000       0.000000    
   9795.000       0.000000    
   9800.000       0.000000    
   9805.000       0.000000    
   9810.000       0.000000    
   9815.000       0.000000    
   9820.000       0.000000    
   9825.000       0.000000    
   9830.000       0.000000    
   9835.000       0.000000    
   9840.000       0.000000    
   9845.000       0.000000    
   9850.000       0.000000    
   9855.000       0.000000    
   9860.000       0.000000    
   9865.000       0.000000    
   9870.000       0.000000    
   9875.000       0.000000    
   9880.000       0.000000    
   9885.000       0.000000    
   9890.000       0.000000    
   9895.000       0.000000    
   9900.000       0.000000    
   9905.000       0.000000    
   9910.000       0.000000    
   9915.000       0.000000    
   9920.000       0.000000    
   9925.000       0.000000    
   9930.000       0.000000    
   9935.000       0.000000    
   9940.000       0.000000    
   9945.000       0.000000    
   9950.000       0.000000    
   9955.000       0.000000    
   9960.000       0.000000    
   9965.000       0.000000    
   9970.000       0.000000    
   9975.000       0.000000    
   9980.000       0.000000    
   9985.000       0.000000    
   9990.000       0.000000    
   9995.000       0.000000    
   10000.00       0.000000    
   10005.00       0.000000    
   10010.00       0.000000    
   10015.00       0.000000    
   10020.00       0.000000    
   10025.00       0.000000    
   10030.00       0.000000    
   10035.00       0.000000    
   10040.00       0.000000    
   10045.00       0.000000    
   10050.00       0.000000    
   10055.00       0.000000    
   10060.00       0.000000    
   10065.00       0.000000    
   10070.00       0.000000    
   10075.00       0.000000    
   10080.00       0.000000    
   10085.00       0.000000    
   10090.00       0.000000    
   10095.00       0.000000    
   10100.00       0.000000    
   10105.00       0.000000    
   10110.00       0.000000    
   10115.00       0.000000    
   10120.00       0.000000    
   10125.00       0.000000    
   10130.00       0.000000    
   10135.00       0.000000    
   10140.00       0.000000    
   10145.00       0.000000    
   10150.00       0.000000    
   10155.00       0.000000    
   10160.00       0.000000    
   10165.00       0.000000    
   10170.00       0.000000    
   10175.00       0.000000    
   10180.00       0.000000    
   10185.00       0.000000    
   10190.00       0.000000    
   10195.00       0.000000    
   10200.00       0.000000    
   10205.00       0.000000    
   10210.00       0.000000    
   10215.00       0.000000    
   10220.00       0.000000    
   10225.00       0.000000    
   10230.00       0.000000    
   10235.00       0.000000    
   10240.00       0.000000    
   10245.00       0.000000    
   10250.00       0.000000    
   10255.00       0.000000    
   10260.00       0.000000    
   10265.00       0.000000    
   10270.00       0.000000    
   10275.00       0.000000    
   10280.00       0.000000    
   10285.00       0.000000    
   10290.00       0.000000    
   10295.00       0.000000    
   10300.00       0.000000    
   10305.00       0.000000    
   10310.00       0.000000    
   10315.00       0.000000    
   10320.00       0.000000    
   10325.00       0.000000    
   10330.00       0.000000    
   10335.00       0.000000    
   10340.00       0.000000    
   10345.00       0.000000    
   10350.00       0.000000    
   10355.00       0.000000    
   10360.00       0.000000    
   10365.00       0.000000    
   10370.00       0.000000    
   10375.00       0.000000    
   10380.00       0.000000    
   10385.00       0.000000    
   10390.00       0.000000    
   10395.00       0.000000    
   10400.00       0.000000    
   10405.00       0.000000    
   10410.00       0.000000    
   10415.00       0.000000    
   10420.00       0.000000    
   10425.00       0.000000    
   10430.00       0.000000    
   10435.00       0.000000    
   10440.00       0.000000    
   10445.00       0.000000    
   10450.00       0.000000    
   10455.00       0.000000    
   10460.00       0.000000    
   10465.00       0.000000    
   10470.00       0.000000    
   10475.00       0.000000    
   10480.00       0.000000    
   10485.00       0.000000    
   10490.00       0.000000    
   10495.00       0.000000    
   10500.00       0.000000    
   10505.00       0.000000    
   10510.00       0.000000    
   10515.00       0.000000    
   10520.00       0.000000    
   10525.00       0.000000    
   10530.00       0.000000    
   10535.00       0.000000    
   10540.00       0.000000    
   10545.00       0.000000    
   10550.00       0.000000    
   10555.00       0.000000    
   10560.00       0.000000    
   10565.00       0.000000    
   10570.00       0.000000    
   10575.00       0.000000    
   10580.00       0.000000    
   10585.00       0.000000    
   10590.00       0.000000    
   10595.00       0.000000    
   10600.00       0.000000    
   10605.00       0.000000    
   10610.00       0.000000    
   10615.00       0.000000    
   10620.00       0.000000    
   10625.00       0.000000    
   10630.00       0.000000    
   10635.00       0.000000    
   10640.00       0.000000    
   10645.00       0.000000    
   10650.00       0.000000    
   10655.00       0.000000    
   10660.00       0.000000    
   10665.00       0.000000    
   10670.00       0.000000    
   10675.00       0.000000    
   10680.00       0.000000    
   10685.00       0.000000    
   10690.00       0.000000    
   10695.00       0.000000    
   10700.00       0.000000    
   10705.00       0.000000    
   10710.00       0.000000    
   10715.00       0.000000    
   10720.00       0.000000    
   10725.00       0.000000    
   10730.00       0.000000    
   10735.00       0.000000    
   10740.00       0.000000    
   10745.00       0.000000    
   10750.00       0.000000    
   10755.00       0.000000    
   10760.00       0.000000    
   10765.00       0.000000    
   10770.00       0.000000    
   10775.00       0.000000    
   10780.00       0.000000    
   10785.00       0.000000    
   10790.00       0.000000    
   10795.00       0.000000    
   10800.00       0.000000    
   10805.00       0.000000    
   10810.00       0.000000    
   10815.00       0.000000    
   10820.00       0.000000    
   10825.00       0.000000    
   10830.00       0.000000    
   10835.00       0.000000    
   10840.00       0.000000    
   10845.00       0.000000    
   10850.00       0.000000    
   10855.00       0.000000    
   10860.00       0.000000    
   10865.00       0.000000    
   10870.00       0.000000    
   10875.00       0.000000    
   10880.00       0.000000    
   10885.00       0.000000    
   10890.00       0.000000    
   10895.00       0.000000    
   10900.00       0.000000    
   10905.00       0.000000    
   10910.00       0.000000    
   10915.00       0.000000    
   10920.00       0.000000    
   10925.00       0.000000    
   10930.00       0.000000    
   10935.00       0.000000    
   10940.00       0.000000    
   10945.00       0.000000    
   10950.00       0.000000    
   10955.00       0.000000    
   10960.00       0.000000    
   10965.00       0.000000    
   10970.00       0.000000    
   10975.00       0.000000    
   10980.00       0.000000    
   10985.00       0.000000    
   10990.00       0.000000    
   10995.00               0