380.000 0.000
381.000 0.000
382.000 0.000
383.000 0.000
384.000 0.000
385.000 0.000
386.000 0.000
387.000 0.000
388.000 0.000
389.000 0.000
390.000 0.000
391.000 0.000
392.000 0.000
393.000 0.000
394.000 0.000
395.000 0.000
396.000 0.000
397.000 0.000
398.000 0.000
399.000 0.000
400.000 0.000
401.000 0.000
402.000 0.000
403.000 0.000
404.000 0.000
405.000 0.000
406.000 0.000
407.000 0.000
408.000 0.000
409.000 0.000
410.000 0.000
411.000 0.000
412.000 0.000
413.000 0.000
414.000 0.000
415.000 0.000
416.000 0.000
417.000 0.000
418.000 0.000
419.000 0.000
420.000 0.000
421.000 0.000
422.000 0.000
423.000 0.000
424.000 0.000
425.000 0.000
426.000 0.000
427.000 0.000
428.000 0.000
429.000 0.000
430.000 0.000
431.000 0.000
432.000 0.000
433.000 0.000
434.000 0.000
435.000 0.000
436.000 0.000
437.000 0.000
438.000 0.000
439.000 0.000
440.000 0.000
441.000 0.000
442.000 0.000
443.000 0.000
444.000 0.000
445.000 0.000
446.000 0.000
447.000 0.000
448.000 0.000
449.000 0.000
450.000 0.000
451.000 0.000
452.000 0.000
453.000 0.000
454.000 0.000
455.000 0.000
456.000 0.000
457.000 0.000
458.000 0.000
459.000 0.000
460.000 0.000
461.000 0.000
462.000 0.000
463.000 0.000
464.000 0.000
465.000 0.000
466.000 0.000
467.000 0.000
468.000 0.000
469.000 0.000
470.000 0.000
471.000 0.000
472.000 0.000
473.000 0.000
474.000 0.000
475.000 0.000
476.000 0.000
477.000 0.000
478.000 0.000
479.000 0.000
480.000 0.000
481.000 0.000
482.000 0.000
483.000 0.000
484.000 0.000
485.000 0.000
486.000 0.000
487.000 0.000
488.000 0.000
489.000 0.000
490.000 0.000
491.000 0.000
492.000 0.000
493.000 0.000
494.000 0.000
495.000 0.000
496.000 0.000
497.000 0.000
498.000 0.000
499.000 0.000
500.000 0.000
501.000 0.000
502.000 0.000
503.000 0.000
504.000 0.000
505.000 0.000
506.000 0.000
507.000 0.000
508.000 0.000
509.000 0.000
510.000 0.000
511.000 0.000
512.000 0.000
513.000 0.000
514.000 0.000
515.000 0.000
516.000 0.000
517.000 0.000
518.000 0.000
519.000 0.000
520.000 0.000
521.000 0.000
522.000 0.000
523.000 0.000
524.000 0.000
525.000 0.000
526.000 0.000
527.000 0.000
528.000 0.000
529.000 0.000
530.000 0.000
531.000 0.000
532.000 0.000
533.000 0.000
534.000 0.000
535.000 0.000
536.000 0.000
537.000 0.000
538.000 0.000
539.000 0.000
540.000 0.000
541.000 0.000
542.000 0.000
543.000 0.000
544.000 0.000
545.000 0.000
546.000 0.000
547.000 0.000
548.000 0.000
549.000 0.000
550.000 0.000
551.000 0.000
552.000 0.000
553.000 0.000
554.000 0.000
555.000 0.000
556.000 0.000
557.000 0.000
558.000 0.000
559.000 0.000
560.000 0.000
561.000 0.000
562.000 0.000
563.000 0.000
564.000 0.000
565.000 0.000
566.000 0.000
567.000 0.000
568.000 0.000
569.000 0.000
570.000 0.000
571.000 0.000
572.000 0.000
573.000 0.000
574.000 0.000
575.000 0.000
576.000 0.000
577.000 0.000
578.000 0.000
579.000 0.000
580.000 0.000
581.000 0.000
582.000 0.000
583.000 0.000
584.000 0.000
585.000 0.000
586.000 0.000
587.000 0.000
588.000 0.000
589.000 0.000
590.000 0.000
591.000 0.000
592.000 0.000
593.000 0.000
594.000 0.000
595.000 0.000
596.000 0.000
597.000 0.000
598.000 0.000
599.000 0.000
600.000 0.000
601.000 0.000
602.000 0.000
603.000 0.000
604.000 0.000
605.000 0.000
606.000 0.000
607.000 0.000
608.000 0.000
609.000 0.000
610.000 0.000
611.000 0.000
612.000 0.000
613.000 0.000
614.000 0.000
615.000 0.000
616.000 0.000
617.000 0.000
618.000 0.000
619.000 0.000
620.000 0.000
621.000 0.000
622.000 0.000
623.000 0.000
624.000 0.000
625.000 0.000
626.000 0.000
627.000 0.000
628.000 0.000
629.000 0.000
630.000 0.000
631.000 0.000
632.000 0.000
633.000 0.000
634.000 0.000
635.000 0.000
636.000 0.000
637.000 0.000
638.000 0.000
639.000 0.000
640.000 0.000
641.000 0.000
642.000 0.000
643.000 0.000
644.000 0.000
645.000 0.000
646.000 0.000
647.000 0.000
648.000 0.000
649.000 0.000
650.000 0.000
651.000 0.000
652.000 0.000
653.000 0.000
654.000 0.000
655.000 0.000
656.000 0.000
657.000 0.000
658.000 0.000
659.000 0.000
660.000 0.000
661.000 0.000
662.000 0.000
663.000 0.000
664.000 0.000
665.000 0.000
666.000 0.000
667.000 0.000
668.000 0.000
669.000 0.000
670.000 0.000
671.000 0.000
672.000 0.000
673.000 0.000
674.000 0.000
675.000 0.000
676.000 0.000
677.000 0.000
678.000 0.000
679.000 0.000
680.000 0.000
681.000 0.000
682.000 0.000
683.000 0.000
684.000 0.000
685.000 0.000
686.000 0.000
687.000 0.000
688.000 0.000
689.000 0.000
690.000 0.000
691.000 0.000
692.000 0.000
693.000 0.000
694.000 0.000
695.000 0.000
696.000 0.000
697.000 0.000
698.000 0.000
699.000 0.000
700.000 0.000
701.000 0.000
702.000 0.000
703.000 0.000
704.000 0.000
705.000 0.000
706.000 0.000
707.000 0.000
708.000 0.000
709.000 0.000
710.000 0.000
711.000 0.000
712.000 0.000
713.000 0.000
714.000 0.000
715.000 0.000
716.000 0.000
717.000 0.000
718.000 0.000
719.000 0.000
720.000 0.000
721.000 0.000
722.000 0.000
723.000 0.000
724.000 0.000
725.000 0.000
726.000 0.000
727.000 0.000
728.000 0.000
729.000 0.000
730.000 0.000
731.000 0.000
732.000 0.000
733.000 0.000
734.000 0.000
735.000 0.000
736.000 0.000
737.000 0.000
738.000 0.000
739.000 0.000
740.000 0.000
741.000 0.000
742.000 0.000
743.000 0.000
744.000 0.000
745.000 0.000
746.000 0.000
747.000 0.000
748.000 0.000
749.000 0.000
750.000 0.000
751.000 0.000
752.000 0.000
753.000 0.000
754.000 0.000
755.000 0.000
756.000 0.000
757.000 0.000
758.000 0.000
759.000 0.000
760.000 0.000
761.000 0.000
762.000 0.000
763.000 0.000
764.000 0.000
765.000 0.000
766.000 0.000
767.000 0.000
768.000 0.000
769.000 0.000
770.000 0.000
771.000 0.000
772.000 0.000
773.000 0.000
774.000 0.000
775.000 0.000
776.000 0.000
777.000 0.000
778.000 0.000
779.000 0.000
780.000 0.000
781.000 0.000
782.000 0.000
783.000 0.000
784.000 0.000
785.000 0.001
786.000 0.001
787.000 0.001
788.000 0.001
789.000 0.001
790.000 0.001
791.000 0.001
792.000 0.001
793.000 0.001
794.000 0.002
795.000 0.002
796.000 0.002
797.000 0.003
798.000 0.004
799.000 0.005
800.000 0.006
801.000 0.007
802.000 0.008
803.000 0.009
804.000 0.012
805.000 0.015
806.000 0.019
807.000 0.025
808.000 0.034
809.000 0.045
810.000 0.060
811.000 0.079
812.000 0.101
813.000 0.129
814.000 0.160
815.000 0.203
816.000 0.252
817.000 0.318
818.000 0.397
819.000 0.499
820.000 0.588
821.000 0.696
822.000 0.761
823.000 0.750
824.000 0.833
825.000 0.849
826.000 0.850
827.000 0.863
828.000 0.839
829.000 0.860
830.000 0.858
831.000 0.857
832.000 0.845
833.000 0.862
834.000 0.857
835.000 0.867
836.000 0.867
837.000 0.877
838.000 0.879
839.000 0.880
840.000 0.880
841.000 0.876
842.000 0.873
843.000 0.871
844.000 0.869
845.000 0.869
846.000 0.868
847.000 0.868
848.000 0.867
849.000 0.866
850.000 0.865
851.000 0.863
852.000 0.861
853.000 0.858
854.000 0.855
855.000 0.854
856.000 0.852
857.000 0.850
858.000 0.848
859.000 0.848
860.000 0.849
861.000 0.850
862.000 0.851
863.000 0.850
864.000 0.849
865.000 0.849
866.000 0.848
867.000 0.846
868.000 0.845
869.000 0.843
870.000 0.840
871.000 0.839
872.000 0.837
873.000 0.835
874.000 0.833
875.000 0.832
876.000 0.831
877.000 0.829
878.000 0.827
879.000 0.824
880.000 0.820
881.000 0.816
882.000 0.810
883.000 0.806
884.000 0.801
885.000 0.796
886.000 0.792
887.000 0.790
888.000 0.787
889.000 0.786
890.000 0.783
891.000 0.783
892.000 0.781
893.000 0.777
894.000 0.773
895.000 0.764
896.000 0.747
897.000 0.723
898.000 0.727
899.000 0.671
900.000 0.719
901.000 0.697
902.000 0.710
903.000 0.691
904.000 0.730
905.000 0.725
906.000 0.714
907.000 0.687
908.000 0.688
909.000 0.694
910.000 0.683
911.000 0.691
912.000 0.680
913.000 0.666
914.000 0.653
915.000 0.659
916.000 0.625
917.000 0.642
918.000 0.592
919.000 0.590
920.000 0.549
921.000 0.504
922.000 0.429
923.000 0.361
924.000 0.283
925.000 0.214
926.000 0.158
927.000 0.116
928.000 0.079
929.000 0.057
930.000 0.039
931.000 0.028
932.000 0.019
933.000 0.014
934.000 0.010
935.000 0.008
936.000 0.006
937.000 0.005
938.000 0.004
939.000 0.004
940.000 0.004
941.000 0.003
942.000 0.002
943.000 0.002
944.000 0.002
945.000 0.001
946.000 0.001
947.000 0.001
948.000 0.001
949.000 0.001
950.000 0.000
951.000 0.001
952.000 0.000
953.000 0.000
954.000 0.000
955.000 0.000
956.000 0.000
957.000 0.000
958.000 0.000
959.000 0.000
960.000 0.000
961.000 0.000
962.000 0.000
963.000 0.000
964.000 0.000
965.000 0.000
966.000 0.000
967.000 0.000
968.000 0.000
969.000 0.000
970.000 0.000
971.000 0.000
972.000 0.000
973.000 0.000
974.000 0.000
975.000 0.000
976.000 0.000
977.000 0.000
978.000 0.000
979.000 0.000
980.000 0.000
981.000 0.000
982.000 0.000
983.000 0.000
984.000 0.000
985.000 0.000
986.000 0.000
987.000 0.000
988.000 0.000
989.000 0.000
990.000 0.000
991.000 0.000
992.000 0.000
993.000 0.000
994.000 0.000
995.000 0.000
996.000 0.000
997.000 0.000
998.000 0.000
999.000 0.000
1000.000 0.000
1001.000 0.000
1002.000 0.000
1003.000 0.000
1004.000 0.000
1005.000 0.000
1006.000 0.000
1007.000 0.000
1008.000 0.000
1009.000 0.000
1010.000 0.000
1011.000 0.000
1012.000 0.000
1013.000 0.000
1014.000 0.000
1015.000 0.000
1016.000 0.000
1017.000 0.000
1018.000 0.000
1019.000 0.000
1020.000 0.000
1021.000 0.000
1022.000 0.000
1023.000 0.000
1024.000 0.000
1025.000 0.000
1026.000 0.000
1027.000 0.000
1028.000 0.000
1029.000 0.000
1030.000 0.000
1031.000 0.000
1032.000 0.000
1033.000 0.000
1034.000 0.000
1035.000 0.000
1036.000 0.000
1037.000 0.000
1038.000 0.000
1039.000 0.000
1040.000 0.000
1041.000 0.000
1042.000 0.000
1043.000 0.000
1044.000 0.000
1045.000 0.000
1046.000 0.000
1047.000 0.000
1048.000 0.000
1049.000 0.000
1050.000 0.000
1051.000 0.000
1052.000 0.000
1053.000 0.000
1054.000 0.000
1055.000 0.000
1056.000 0.000
1057.000 0.000
1058.000 0.000
1059.000 0.000
1060.000 0.000
1061.000 0.000
1062.000 0.000
1063.000 0.000
1064.000 0.000
1065.000 0.000
1066.000 0.000
1067.000 0.000
1068.000 0.000
1069.000 0.000
1070.000 0.000
1071.000 0.000
1072.000 0.000
1073.000 0.000
1074.000 0.000
1075.000 0.000
1076.000 0.000
1077.000 0.000
1078.000 0.000
1079.000 0.000
1080.000 0.000
1081.000 0.000
1082.000 0.000
1083.000 0.000
1084.000 0.000
1085.000 0.000
1086.000 0.000
1087.000 0.000
1088.000 0.000
1089.000 0.000
1090.000 0.000
1091.000 0.000
1092.000 0.000
1093.000 0.000
1094.000 0.000
1095.000 0.000
1096.000 0.000
1097.000 0.000
1098.000 0.000
1099.000 0.000
1100.000 0.000
