820.143000 0.170720
820.413000 0.174482
820.682000 0.173956
820.952000 0.178875
821.221000 0.174221
821.491000 0.184214
821.760000 0.193694
822.029000 0.187202
822.299000 0.193317
822.568000 0.198863
822.838000 0.201931
823.107000 0.199831
823.376000 0.204505
823.646000 0.210590
823.915000 0.223013
824.185000 0.226330
824.454000 0.232028
824.723000 0.230821
824.993000 0.236947
825.262000 0.249055
825.531000 0.258725
825.801000 0.261642
826.070000 0.259345
826.339000 0.277016
826.609000 0.282531
826.878000 0.289171
827.147000 0.296819
827.416000 0.297802
827.686000 0.315300
827.955000 0.320521
828.224000 0.331517
828.493000 0.338686
828.763000 0.351549
829.032000 0.367254
829.301000 0.382804
829.570000 0.382475
829.840000 0.392879
830.109000 0.411065
830.378000 0.422342
830.647000 0.436720
830.916000 0.452435
831.186000 0.470550
831.455000 0.485639
831.724000 0.500998
831.993000 0.528815
832.262000 0.532345
832.531000 0.552970
832.800000 0.564828
833.069000 0.602075
833.339000 0.603863
833.608000 0.633783
833.877000 0.651328
834.146000 0.688160
834.415000 0.708671
834.684000 0.733534
834.953000 0.782795
835.222000 0.807959
835.491000 0.842415
835.760000 0.869431
836.029000 0.925209
836.298000 0.962881
836.567000 1.007298
836.836000 1.056899
837.105000 1.122200
837.374000 1.173165
837.643000 1.241623
837.912000 1.324285
838.181000 1.391165
838.450000 1.479269
838.719000 1.580951
838.988000 1.669628
839.257000 1.783538
839.526000 1.937291
839.794000 2.056568
840.063000 2.220560
840.332000 2.412849
840.601000 2.612983
840.870000 2.826977
841.139000 3.050495
841.408000 3.345772
841.676000 3.642923
841.945000 4.015447
842.214000 4.381640
842.483000 4.838235
842.752000 5.346712
843.020000 5.885477
843.289000 6.537411
843.558000 7.213644
843.827000 8.041274
844.095000 8.940129
844.364000 9.949216
844.633000 11.075869
844.902000 12.316079
845.170000 13.751091
845.439000 15.363744
845.708000 17.126667
845.976000 19.050188
846.245000 21.168917
846.514000 23.563497
846.782000 26.123832
847.051000 28.860512
847.319000 31.857885
847.588000 35.055541
847.857000 38.458864
848.125000 41.893802
848.394000 45.472948
848.662000 49.311235
848.931000 53.132000
849.199000 57.142631
849.468000 60.827496
849.736000 64.898616
850.005000 68.277168
850.273000 71.870915
850.542000 75.285584
850.810000 78.523578
851.079000 81.247022
851.347000 83.721860
851.616000 86.136300
851.884000 88.444190
852.153000 90.296177
852.421000 92.081399
852.690000 92.975016
852.958000 94.851238
853.226000 95.294097
853.495000 95.976811
853.763000 96.738174
854.031000 97.208842
854.300000 97.388406
854.568000 97.818313
854.836000 97.801552
855.105000 97.820091
855.373000 98.232773
855.641000 98.090005
855.909000 97.793771
856.178000 97.981531
856.446000 97.981704
856.714000 97.779456
856.982000 97.678607
857.251000 97.633742
857.519000 97.647532
857.787000 97.454115
858.055000 97.187295
858.323000 97.234025
858.592000 97.370490
858.860000 97.127807
859.128000 97.169344
859.396000 97.417367
859.664000 96.903229
859.932000 96.888530
860.200000 96.880923
860.468000 97.338174
860.736000 97.165815
861.004000 97.386965
861.272000 97.412956
861.540000 97.324880
861.808000 97.321013
862.076000 97.351163
862.344000 97.755900
862.612000 97.360047
862.880000 97.827715
863.148000 97.815583
863.416000 97.815789
863.684000 97.975857
863.952000 98.141760
864.220000 98.201545
864.488000 97.600220
864.756000 97.864949
865.024000 98.099842
865.291000 98.256617
865.559000 97.933883
865.827000 98.113728
866.095000 98.397442
866.363000 98.318386
866.630000 98.221779
866.898000 98.084397
867.166000 98.137914
867.434000 98.038968
867.702000 97.956814
867.969000 97.989275
868.237000 98.231892
868.505000 98.244506
868.772000 97.879556
869.040000 98.157329
869.308000 97.720521
869.575000 97.543572
869.843000 97.587608
870.111000 97.746358
870.378000 97.898478
870.646000 97.957970
870.913000 97.464858
871.181000 97.593673
871.448000 97.344427
871.716000 97.605848
871.983000 97.423280
872.251000 97.225439
872.518000 97.275108
872.786000 97.605212
873.053000 97.539192
873.321000 97.563665
873.588000 97.447730
873.856000 97.491931
874.123000 97.719299
874.391000 97.463416
874.658000 97.524901
874.925000 97.635991
875.193000 97.574896
875.460000 97.882950
875.727000 97.662952
875.995000 97.910883
876.262000 97.886187
876.529000 98.076786
876.797000 97.850643
877.064000 98.110742
877.331000 98.092127
877.598000 98.174181
877.865000 97.929944
878.133000 98.051888
878.400000 98.598679
878.667000 98.362003
878.934000 98.571029
879.201000 98.512418
879.468000 98.508534
879.736000 98.609340
880.003000 98.546120
880.270000 99.046093
880.537000 98.736641
880.804000 98.610856
881.071000 98.638464
881.338000 98.584431
881.605000 98.299583
881.872000 99.045665
882.139000 98.807354
882.406000 98.760254
882.673000 98.683475
882.940000 98.618787
883.207000 98.637355
883.474000 98.176925
883.741000 98.482420
884.007000 98.666383
884.274000 98.791760
884.541000 98.608389
884.808000 98.435243
885.075000 98.565132
885.342000 98.326051
885.608000 98.656427
885.875000 98.658797
886.142000 98.568835
886.409000 98.570307
886.675000 98.886094
886.942000 98.451684
887.209000 98.443215
887.475000 98.411661
887.742000 98.576361
888.009000 98.730091
888.275000 98.644804
888.542000 98.366092
888.809000 98.428570
889.075000 98.267948
889.342000 98.418951
889.608000 98.618140
889.875000 98.644775
890.141000 98.341900
890.408000 98.584609
890.674000 98.419773
890.941000 98.429157
891.207000 98.562405
891.474000 98.351366
891.740000 98.560598
892.007000 98.436289
892.273000 98.478778
892.539000 98.638753
892.806000 98.597266
893.072000 98.481453
893.338000 98.591611
893.605000 98.737860
893.871000 98.527783
894.137000 98.421944
894.404000 98.545169
894.670000 98.542220
894.936000 98.559146
895.202000 98.367681
895.469000 98.709640
895.735000 98.483542
896.001000 98.543201
896.267000 98.451922
896.533000 98.651147
896.799000 98.699440
897.065000 98.618160
897.331000 98.455486
897.597000 98.594016
897.864000 98.786470
898.130000 98.680246
898.396000 98.724616
898.662000 98.607704
898.928000 99.087537
899.194000 98.594087
899.459000 98.862570
899.725000 98.811615
899.991000 98.994808
900.257000 98.459675
900.523000 98.853553
900.789000 98.479984
901.055000 98.808087
901.321000 98.664733
901.586000 98.790363
901.852000 98.676776
902.118000 98.473923
902.384000 98.535812
902.649000 98.840981
902.915000 98.518271
903.181000 98.492230
903.447000 98.633969
903.712000 98.610263
903.978000 98.532743
904.244000 98.345911
904.509000 98.610003
904.775000 98.274046
905.040000 98.293898
905.306000 98.561780
905.571000 98.468760
905.837000 98.331539
906.102000 98.286966
906.368000 98.022784
906.633000 98.394638
906.899000 98.331184
907.164000 98.320332
907.430000 98.101116
907.695000 98.383315
907.961000 98.189565
908.226000 98.256452
908.491000 98.248958
908.757000 98.296419
909.022000 98.331161
909.287000 98.243616
909.552000 98.098656
909.818000 98.150878
910.083000 98.157845
910.348000 98.201749
910.613000 98.041184
910.878000 98.215376
911.144000 98.341873
911.409000 98.417537
911.674000 98.219922
911.939000 98.376186
912.204000 98.395180
912.469000 98.341088
912.734000 98.273047
912.999000 98.396591
913.264000 98.469723
913.529000 98.404001
913.794000 98.264518
914.059000 98.230944
914.324000 98.123289
914.589000 98.217006
914.854000 98.258188
915.119000 98.084028
915.384000 97.958788
915.648000 98.132679
915.913000 98.025361
916.178000 97.868725
916.443000 98.079712
916.708000 97.928503
916.972000 98.052542
917.237000 97.808327
917.502000 97.650686
917.766000 97.872834
918.031000 98.010299
918.296000 97.812606
918.560000 97.610538
918.825000 97.816593
919.090000 97.825235
919.354000 97.779569
919.619000 97.592805
919.883000 97.483963
920.148000 97.226955
920.412000 97.254805
920.677000 97.522608
920.941000 97.428208
921.205000 97.477103
921.470000 97.452248
921.734000 97.446324
921.999000 97.286301
922.263000 97.068406
922.527000 97.371668
922.792000 97.232175
923.056000 97.240388
923.320000 97.386513
923.584000 97.729956
923.849000 97.632304
924.113000 97.451230
924.377000 97.380670
924.641000 97.638587
924.905000 97.609175
925.169000 97.464223
925.433000 97.617856
925.698000 97.643672
925.962000 97.467478
926.226000 97.666169
926.490000 97.672869
926.754000 98.006640
927.018000 97.789370
927.282000 97.664173
927.546000 97.970067
927.809000 97.798620
928.073000 98.106285
928.337000 97.916841
928.601000 97.735844
928.865000 97.882386
929.129000 98.095971
929.392000 97.892972
929.656000 97.961635
929.920000 97.765020
930.184000 97.944817
930.447000 97.882094
930.711000 98.074880
930.975000 98.228076
931.238000 97.750475
931.502000 97.799367
931.766000 97.853841
932.029000 97.709022
932.293000 98.040882
932.556000 97.817678
932.820000 97.766113
933.083000 97.763595
933.347000 97.942494
933.610000 97.759576
933.874000 97.601822
934.137000 97.838313
934.400000 97.876780
934.664000 97.980598
934.927000 97.388334
935.190000 97.767816
935.454000 97.794772
935.717000 97.589368
935.980000 97.690789
936.243000 98.064515
936.507000 97.584640
936.770000 97.532001
937.033000 97.618858
937.296000 97.799901
937.559000 97.766909
937.822000 97.995250
938.085000 97.786396
938.348000 97.836823
938.611000 97.779312
938.874000 97.869601
939.137000 97.951136
939.400000 97.818917
939.663000 97.625034
939.926000 97.981781
940.189000 98.155757
940.452000 97.802857
940.715000 98.067110
940.978000 97.965561
941.240000 97.936796
941.503000 98.093601
941.766000 97.531912
942.029000 97.986803
942.291000 98.108712
942.554000 98.229246
942.817000 98.172024
943.079000 98.456383
943.342000 98.043899
943.604000 97.908081
943.867000 97.878292
944.130000 97.956337
944.392000 97.773002
944.655000 97.861534
944.917000 98.078229
945.180000 97.983751
945.442000 97.805622
945.704000 98.104931
945.967000 97.816482
946.229000 98.040396
946.491000 97.825906
946.754000 97.673107
947.016000 98.021020
947.278000 97.843104
947.541000 97.869669
947.803000 97.852304
948.065000 97.737544
948.327000 98.305915
948.589000 97.813604
948.851000 97.827483
949.114000 97.848856
949.376000 97.809291
949.638000 97.824257
949.900000 97.843217
950.162000 97.975146
950.424000 98.015053
950.686000 97.741729
950.948000 97.947648
951.209000 97.660225
951.471000 97.633189
951.733000 97.708569
951.995000 97.908651
952.257000 97.650445
952.519000 97.685094
952.780000 97.340122
953.042000 97.949992
953.304000 97.709587
953.566000 97.687683
953.827000 97.225550
954.089000 97.512955
954.351000 97.426623
954.612000 97.337622
954.874000 97.609511
955.135000 97.084378
955.397000 97.404001
955.658000 97.522347
955.920000 97.078269
956.181000 97.325841
956.443000 97.007073
956.704000 97.503844
956.965000 97.117683
957.227000 97.064551
957.488000 97.128442
957.749000 96.917012
958.011000 96.840247
958.272000 96.797594
958.533000 96.959854
958.794000 96.584811
959.055000 96.588691
959.317000 96.995982
959.578000 96.918065
959.839000 96.617440
960.100000 96.589641
960.361000 96.373818
960.622000 96.726811
960.883000 95.811169
961.144000 96.471162
961.405000 96.400317
961.666000 96.816737
961.927000 96.460189
962.187000 96.500593
962.448000 96.423095
962.709000 96.414368
962.970000 96.387400
963.231000 96.305488
963.491000 96.604655
963.752000 96.677325
964.013000 96.396331
964.273000 96.965960
964.534000 96.815151
964.795000 96.262851
965.055000 96.514716
965.316000 97.074153
965.576000 96.471980
965.837000 96.768175
966.097000 96.589815
966.358000 96.603376
966.618000 96.621760
966.879000 96.719853
967.139000 96.902376
967.399000 96.862767
967.660000 96.753951
967.920000 97.078093
968.180000 97.158114
968.441000 96.920325
968.701000 96.832554
968.961000 97.160836
969.221000 96.570391
969.481000 96.978874
969.741000 96.873342
970.001000 96.993897
970.262000 96.737144
970.522000 96.941573
970.782000 96.590520
971.042000 96.572242
971.301000 96.741510
971.561000 97.020448
971.821000 96.644869
972.081000 96.816690
972.341000 96.768886
972.601000 96.778152
972.861000 96.648910
973.120000 96.629929
973.380000 96.525166
973.640000 96.835458
973.900000 96.669320
974.159000 96.465559
974.419000 96.302771
974.678000 96.335643
974.938000 96.087154
975.198000 96.806168
975.457000 96.375665
975.717000 96.353380
975.976000 95.995264
976.235000 96.423350
976.495000 96.363380
976.754000 96.370630
977.014000 96.514675
977.273000 96.246210
977.532000 96.004985
977.791000 96.261310
978.051000 96.207128
978.310000 95.890422
978.569000 96.156453
978.828000 96.009118
979.087000 95.931585
979.347000 96.119151
979.606000 96.167230
979.865000 95.809007
980.124000 96.189841
980.383000 96.426001
980.642000 95.932868
980.901000 96.077661
981.159000 96.072959
981.418000 95.959011
981.677000 95.953920
981.936000 95.985614
982.195000 95.873959
982.454000 96.229545
982.712000 96.317109
982.971000 96.212493
983.230000 96.039858
983.488000 96.136770
983.747000 96.277853
984.006000 95.825816
984.264000 95.766804
984.523000 95.814016
984.781000 95.763598
985.040000 96.106102
985.298000 96.234410
985.557000 96.285567
985.815000 95.736528
986.073000 95.825069
986.332000 95.693974
986.590000 95.657719
986.848000 96.311090
987.107000 95.585941
987.365000 95.981291
987.623000 95.997619
987.881000 95.852411
988.139000 96.053291
988.397000 95.503329
988.655000 95.594172
988.913000 95.987685
989.172000 95.560715
989.430000 95.745843
989.687000 95.719700
989.945000 95.464278
990.203000 95.604700
990.461000 95.011908
990.719000 94.912983
990.977000 95.232585
991.235000 95.182723
991.492000 95.370264
991.750000 94.954308
992.008000 95.309531
992.265000 94.894946
992.523000 94.640290
992.781000 95.023413
993.038000 94.179884
993.296000 95.075833
993.553000 94.548420
993.811000 95.180385
994.068000 94.798107
994.326000 94.464870
994.583000 94.189000
994.841000 94.517607
995.098000 94.499666
995.355000 94.535107
995.612000 94.144044
995.870000 94.016160
996.127000 94.392021
996.384000 93.458785
996.641000 93.731106
996.898000 93.423680
997.156000 92.971286
997.413000 92.732997
997.670000 91.996447
997.927000 91.433881
998.184000 90.979134
998.441000 89.613238
998.697000 88.737807
998.954000 87.954780
999.211000 86.149038
999.468000 84.297981
999.725000 82.185355
999.982000 79.719434
1000.238000 77.658703
1000.495000 74.931968
1000.752000 72.060018
1001.008000 69.350521
1001.265000 66.051309
1001.522000 62.070200
1001.778000 59.135354
1002.035000 54.974209
1002.291000 51.786199
1002.548000 47.686159
1002.804000 44.173157
1003.060000 40.884208
1003.317000 37.697586
1003.573000 34.545084
1003.829000 31.492594
1004.086000 28.725019
1004.342000 26.162808
1004.598000 23.732204
1004.854000 21.633332
1005.110000 19.559091
1005.367000 17.660864
1005.623000 15.975141
1005.879000 14.437466
1006.135000 13.021568
1006.391000 11.800202
1006.647000 10.705584
1006.903000 9.706664
1007.158000 8.842677
1007.414000 7.995599
1007.670000 7.266013
1007.926000 6.608535
1008.182000 6.035856
1008.437000 5.503932
1008.693000 5.005982
1008.949000 4.601792
1009.204000 4.260713
1009.460000 3.915480
1009.716000 3.601494
1009.971000 3.336078
1010.227000 3.048121
1010.482000 2.794392
1010.738000 2.661219
1010.993000 2.486311
1011.248000 2.259554
1011.504000 2.102823
1011.759000 2.038110
1012.014000 1.874076
1012.270000 1.776494
1012.525000 1.687605
1012.780000 1.603204
1013.035000 1.490517
1013.290000 1.389406
1013.545000 1.354474
1013.800000 1.281170
1014.055000 1.254130
1014.310000 1.183530
1014.565000 1.155689
1014.820000 1.110607
1015.075000 1.092494
1015.330000 0.973214
1015.585000 0.993477
1015.840000 0.958694
1016.095000 0.934780
1016.349000 0.933814
1016.604000 0.896451
1016.859000 0.863486
1017.113000 0.877248
1017.368000 0.825322
1017.622000 0.832214
1017.877000 0.783646
1018.131000 0.768171
1018.386000 0.763023
1018.640000 0.788592
1018.895000 0.746813
1019.149000 0.761254
1019.404000 0.779699
1019.658000 0.724402
1019.912000 0.755561
1020.166000 0.701945
1020.421000 0.747898
1020.675000 0.703755
1020.929000 0.735523
1021.183000 0.713192
1021.437000 0.712865
1021.691000 0.712499
1021.945000 0.722220
1022.199000 0.695729
1022.453000 0.685626
1022.707000 0.688991
1022.961000 0.712858
1023.215000 0.692623
1023.468000 0.668032
1023.722000 0.672945
1023.976000 0.732180
1024.230000 0.710094
1024.483000 0.762787
1024.737000 0.692090
1024.990000 0.692879
1025.244000 0.708717
1025.498000 0.701188
1025.751000 0.672905
1026.005000 0.799725
1026.258000 0.720625
1026.511000 0.686739
1026.765000 0.699003
1027.018000 0.717490
1027.271000 0.722968
1027.525000 0.738536
1027.778000 0.697727
1028.031000 0.688493
1028.284000 0.706404
1028.537000 0.750531
1028.790000 0.679112
1029.043000 0.733796
1029.296000 0.777605
1029.549000 0.713027
1029.802000 0.797963
1030.055000 0.739253
