       3160.00      0.166467
       3170.00      0.281325
       3180.00      0.479578
       3190.00       0.00000
       3200.00     0.0887687
       3210.00     0.0778927
       3220.00       0.00000
       3230.00     0.0408743
       3240.00      0.146121
       3250.00       0.00000
       3260.00      0.115493
       3270.00       0.00000
       3280.00     0.0922680
       3290.00     0.0564104
       3300.00     0.0472178
       3310.00     0.0974506
       3320.00      0.112530
       3330.00     0.0716574
       3340.00      0.124925
       3350.00     0.0812526
       3360.00     0.0760142
       3370.00     0.0622915
       3380.00     0.0834454
       3390.00     0.0703231
       3400.00      0.124563
       3410.00     0.0835646
       3420.00     0.0761206
       3430.00      0.103765
       3440.00     0.0687804
       3450.00     0.0757831
       3460.00      0.124150
       3470.00     0.0796684
       3480.00      0.116039
       3490.00      0.100121
       3500.00      0.110963
       3510.00      0.142088
       3520.00     0.0991407
       3530.00      0.108752
       3540.00      0.117045
       3550.00      0.167222
       3560.00      0.130032
       3570.00     0.0798194
       3580.00     0.0825352
       3590.00     0.0782524
       3600.00      0.113415
       3610.00      0.126990
       3620.00      0.116684
       3630.00      0.125489
       3640.00      0.127666
       3650.00      0.150927
       3660.00      0.158465
       3670.00      0.208902
       3680.00      0.175062
       3690.00      0.186599
       3700.00      0.162439
       3710.00      0.170871
       3720.00      0.163552
       3730.00      0.138868
       3740.00      0.155555
       3750.00      0.140515
       3760.00      0.146690
       3770.00      0.189586
       3780.00      0.225148
       3790.00      0.191243
       3800.00      0.191152
       3810.00      0.202753
       3820.00      0.142452
       3830.00      0.144711
       3840.00      0.156575
       3850.00      0.175704
       3860.00      0.196300
       3870.00      0.174680
       3880.00      0.181326
       3890.00      0.198354
       3900.00      0.210989
       3910.00      0.237814
       3920.00      0.231669
       3930.00      0.129466
       3940.00      0.118115
       3950.00      0.193300
       3960.00      0.196939
       3970.00      0.144626
       3980.00      0.276938
       3990.00      0.372795
       4000.00      0.399844
       4010.00      0.458297
       4020.00      0.503764
       4030.00      0.483684
       4040.00      0.470131
       4050.00      0.533471
       4060.00      0.555203
       4070.00      0.524139
       4080.00      0.602408
       4090.00      0.658948
       4100.00      0.639324
       4110.00      0.603457
       4120.00      0.634048
       4130.00      0.635764
       4140.00      0.622874
       4150.00      0.658591
       4160.00      0.709741
       4170.00      0.709649
       4180.00      0.703132
       4190.00      0.794945
       4200.00      0.728031
       4210.00      0.723111
       4220.00      0.705485
       4230.00      0.607505
       4240.00      0.812496
       4250.00      0.831652
       4260.00      0.852294
       4270.00      0.849774
       4280.00      0.826346
       4290.00      0.807200
       4300.00      0.842804
       4310.00      0.909924
       4320.00       1.04202
       4330.00       1.09235
       4340.00       1.18989
       4350.00       1.23913
       4360.00       1.22550
       4370.00       1.33027
       4380.00       1.18924
       4390.00       1.23497
       4400.00       1.22810
       4410.00       1.27556
       4420.00       1.33092
       4430.00       1.31730
       4440.00       1.40760
       4450.00       1.41048
       4460.00       1.33354
       4470.00       1.49881
       4480.00       1.67235
       4490.00       1.67211
       4500.00       1.82459
       4510.00       1.90393
       4520.00       1.73332
       4530.00       1.65043
       4540.00       1.72272
       4550.00       1.87095
       4560.00       2.03326
       4570.00       2.08759
       4580.00       1.99310
       4590.00       1.92634
       4600.00       1.97617
       4610.00       2.24234
       4620.00       2.23942
       4630.00       1.98608
       4640.00       1.88532
       4650.00       2.04349
       4660.00       2.09963
       4670.00       2.09945
       4680.00       2.02561
       4690.00       2.14682
       4700.00       2.27656
       4710.00       2.31259
       4720.00       2.34801
       4730.00       2.36055
       4740.00       2.47411
       4750.00       2.54524
       4760.00       2.11760
       4770.00       1.83816
       4780.00       1.95560
       4790.00       2.08985
       4800.00       2.15032
       4810.00       2.06534
       4820.00       2.14464
       4830.00       2.35524
       4840.00       2.36518
       4850.00       2.31692
       4860.00       2.25826
       4870.00       2.35107
       4880.00       2.52744
       4890.00       2.70537
       4900.00       2.95659
       4910.00       2.98841
       4920.00       3.06377
       4930.00       3.18106
       4940.00       3.38306
       4950.00       2.96109
       4960.00       2.16850
       4970.00       2.18396
       4980.00       2.36251
       4990.00       2.42507
       5000.00       2.28546
       5010.00       2.13078
       5020.00       2.28884
       5030.00       2.53662
       5040.00       2.73012
       5050.00       2.87852
       5060.00       2.89982
       5070.00       2.88129
       5080.00       2.87562
       5090.00       3.00058
       5100.00       2.94598
       5110.00       2.99541
       5120.00       3.07001
       5130.00       3.12816
       5140.00       3.15648
       5150.00       3.16035
       5160.00       3.04404
       5170.00       2.30686
       5180.00       1.98177
       5190.00       2.40839
       5200.00       2.50836
       5210.00       2.72052
       5220.00       3.07895
       5230.00       3.35340
       5240.00       3.36537
       5250.00       3.28733
       5260.00       3.20661
       5270.00       3.39591
       5280.00       3.82487
       5290.00       3.91243
       5300.00       4.05118
       5310.00       4.23662
       5320.00       4.00397
       5330.00       3.92045
       5340.00       3.98311
       5350.00       4.35139
       5360.00       4.41009
       5370.00       4.23514
       5380.00       4.41450
       5390.00       4.28587
       5400.00       4.08477
       5410.00       4.36519
       5420.00       4.69167
       5430.00       4.50989
       5440.00       4.55509
       5450.00       3.86986
       5460.00       3.27733
       5470.00       3.49477
       5480.00       3.67221
       5490.00       3.94237
       5500.00       3.82409
       5510.00       3.63800
       5520.00       3.94852
       5530.00       4.22190
       5540.00       4.30317
       5550.00       4.48094
       5560.00       4.40847
       5570.00       4.33625
       5580.00       4.40470
       5590.00       4.30072
       5600.00       3.93288
       5610.00       3.86523
       5620.00       3.81732
       5630.00       3.78271
       5640.00       3.81926
       5650.00       4.02922
       5660.00       4.12493
       5670.00       4.07028
       5680.00       4.24833
       5690.00       4.44544
       5700.00       4.47691
       5710.00       4.48475
       5720.00       4.64127
       5730.00       4.65661
       5740.00       4.89028
       5760.00       4.86942
       5780.00       5.21661
       5800.00       5.24493
       5820.00       5.19998
       5840.00       4.77205
       5860.00       4.20570
       5880.00       3.85258
       5900.00       3.77047
       5920.00       3.97023
       5940.00       4.22819
       5960.00       4.39804
       5980.00       4.82877
       6000.00       5.17456
       6020.00       5.59614
       6040.00       5.88150
       6060.00       6.12435
       6080.00       6.45397
       6100.00       6.67867
       6120.00       6.71171
       6140.00       5.94977
       6160.00       4.76035
       6180.00       4.22698
       6200.00       3.93535
       6220.00       3.78954
       6240.00       3.99263
       6260.00       4.45188
       6280.00       4.86900
       6300.00       5.61035
       6320.00       6.22305
       6340.00       6.48234
       6360.00       6.74704
       6380.00       7.16797
       6400.00       7.30995
       6420.00       7.45106
       6440.00       7.66775
       6460.00       7.60590
       6480.00       7.29225
       6500.00       7.50055
       6520.00       8.05432
       6540.00       7.80036
       6560.00       7.59232
       6580.00       7.68151
       6600.00       7.66501
       6620.00       7.43221
       6640.00       6.84010
       6660.00       6.50698
       6680.00       6.42048
       6700.00       6.06387
       6720.00       5.86595
       6740.00       6.08767
       6760.00       6.31801
       6780.00       6.59651
       6800.00       6.88654
       6820.00       7.49324
       6840.00       7.56297
       6860.00       7.62902
       6880.00       8.32263
       6900.00       8.96031
       6920.00       9.30641
       6940.00       9.50859
       6960.00       10.0988
       6980.00       10.0089
       7000.00       10.1978
       7020.00       10.6311
       7040.00       9.50707
       7060.00       7.88215
       7080.00       7.30343
       7100.00       6.81310
       7120.00       6.43870
       7140.00       6.24824
       7160.00       6.88419
       7180.00       7.37007
       7200.00       7.99937
       7220.00       8.64378
       7240.00       9.17643
       7260.00       9.94047
       7280.00       10.5312
       7300.00       11.2229
       7320.00       11.6846
       7340.00       11.7656
       7360.00       12.1777
       7380.00       12.6906
       7400.00       12.6866
       7420.00       12.8425
       7440.00       13.0486
       7460.00       13.2447
       7480.00       13.2631
       7500.00       13.5621
       7520.00       14.3118
       7540.00       14.8290
       7560.00       14.8786
       7580.00       11.5555
       7600.00       9.23657
       7620.00       15.0875
       7640.00       13.7120
       7660.00       12.6446
       7680.00       10.8134
       7700.00       11.2562
       7720.00       11.8244
       7740.00       11.7967
       7760.00       11.8875
       7780.00       12.3201
       7800.00       12.6702
       7820.00       12.6865
       7840.00       12.7141
       7860.00       13.1858
       7880.00       13.3796
       7900.00       13.2296
       7920.00       13.2555
       7940.00       13.5576
       7960.00       13.9791
       7980.00       14.1432
       8000.00       14.0155
       8020.00       14.2820
       8040.00       14.5945
       8060.00       14.6499
       8080.00       14.5416
       8100.00       14.2708
       8120.00       14.2633
       8140.00       14.3520
       8160.00       14.1549
       8180.00       14.3502
       8200.00       14.5745
       8220.00       14.9639
       8240.00       15.7996
       8260.00       15.5228
       8280.00       15.1339
       8300.00       15.2296
       8320.00       14.8782
       8340.00       14.9526
       8360.00       14.7133
       8380.00       14.7690
       8400.00       15.1682
       8420.00       14.8158
       8440.00       14.5367
       8460.00       14.9495
       8480.00       14.5843
       8500.00       14.2234
       8520.00       13.7644
       8540.00       13.9156
       8560.00       15.0390
       8580.00       15.3326
       8600.00       16.1013
       8620.00       16.2223
       8640.00       14.9515
       8660.00       14.8550
       8680.00       15.7414
       8700.00       16.5260
       8720.00       16.7242
       8740.00       16.1609
       8760.00       16.7552
       8780.00       16.8037
       8800.00       16.3204
       8820.00       16.6158
       8840.00       16.3124
       8860.00       16.2705
       8880.00       16.0977
       8900.00       16.0414
       8920.00       16.1259
       8940.00       15.9446
       8960.00       15.7641
       8980.00       16.3447
       9000.00       16.5944
       9020.00       17.5925
       9040.00       17.5981
       9060.00       16.5339
       9080.00       16.3249
       9100.00       16.5842
       9120.00       16.5135
       9140.00       16.0831
       9160.00       16.2508
       9180.00       16.8762
       9200.00       17.1315
       9220.00       17.1380
       9240.00       17.0622
       9260.00       16.0898
       9280.00       15.9900
       9300.00       14.8219
       9320.00       14.1873
       9340.00       15.2378
       9360.00       16.4632
       9380.00       17.1893
       9400.00       17.0742
       9420.00       14.8113
       9440.00       14.9222
       9460.00       17.1599
       9480.00       17.4141
       9500.00       16.0603
       9520.00       16.4757
       9540.00       17.6707
       9560.00       16.8469
       9580.00       16.8819
       9600.00       17.3107
       9620.00       16.3137
       9640.00       16.1615
       9660.00       16.7838
       9680.00       17.4868
       9700.00       16.3684
       9720.00       16.3278
       9740.00       17.0987
       9760.00       16.7724
       9780.00       17.1912
       9800.00       17.4599
       9820.00       17.7458
       9840.00       17.7802
       9860.00       17.5785
       9880.00       17.4500
       9900.00       17.3763
       9920.00       17.5872
       9940.00       17.6149
       9960.00       17.7728
       9980.00       17.6497
       10000.0       17.7823
       10020.0       18.1578
       10040.0       17.7962
       10060.0       17.6985
       10080.0       18.1897
       10100.0       17.5841
       10120.0       17.5095
       10140.0       17.6758
       10160.0       17.5661
       10180.0       17.4701
       10200.0       17.7650
       10220.0       17.6536
       10240.0       17.5601
       10260.0       17.7789
       10280.0       17.9838
       10300.0       17.8011
       10320.0       17.3524
       10340.0       17.6544
       10360.0       17.4863
       10380.0       17.9120
       10400.0       18.1509
       10420.0       18.5628
       10440.0       18.3729
       10460.0       18.1195
       10480.0       18.1447
       10500.0       18.2040
       10520.0       18.0055
       10540.0       18.1922
       10560.0       18.2404
       10580.0       18.1785
       10600.0       17.8422
       10620.0       18.2259
