       3160.00     0.0540610
       3170.00     0.0332522
       3180.00     0.0294236
       3190.00     0.0224411
       3200.00     0.0267562
       3210.00     0.0242214
       3220.00     0.0192781
       3230.00     0.0292103
       3240.00     0.0198061
       3250.00     0.0327610
       3260.00     0.0414135
       3270.00     0.0475636
       3280.00     0.0626715
       3290.00     0.0393383
       3300.00     0.0276141
       3310.00     0.0138055
       3320.00     0.0181508
       3330.00     0.0133608
       3340.00     0.0181171
       3350.00     0.0125106
       3360.00     0.0140983
       3370.00     0.0179651
       3380.00     0.0140380
       3390.00     0.0143381
       3400.00     0.0160259
       3410.00     0.0156807
       3420.00     0.0139424
       3430.00     0.0149918
       3440.00     0.0172221
       3450.00     0.0153538
       3460.00     0.0159153
       3470.00     0.0168433
       3480.00     0.0151361
       3490.00     0.0161013
       3500.00     0.0134807
       3510.00     0.0160719
       3520.00     0.0291815
       3530.00     0.0317889
       3540.00     0.0132135
       3550.00     0.0170322
       3560.00     0.0447349
       3570.00     0.0390531
       3580.00     0.0229854
       3590.00     0.0191737
       3600.00     0.0167130
       3610.00     0.0201249
       3620.00     0.0229518
       3630.00     0.0235867
       3640.00     0.0215492
       3650.00     0.0189657
       3660.00     0.0258682
       3670.00     0.0246170
       3680.00     0.0254428
       3690.00     0.0289902
       3700.00     0.0231870
       3710.00     0.0251190
       3720.00     0.0267631
       3730.00     0.0316613
       3740.00     0.0281844
       3750.00     0.0345754
       3760.00     0.0435204
       3770.00     0.0512477
       3780.00     0.0514018
       3790.00     0.0497802
       3800.00     0.0547129
       3810.00     0.0507097
       3820.00     0.0378242
       3830.00     0.0529365
       3840.00     0.0599688
       3850.00     0.0545713
       3860.00     0.0452704
       3870.00     0.0493171
       3880.00     0.0541090
       3890.00     0.0569861
       3900.00     0.0640202
       3910.00     0.0721786
       3920.00     0.0609798
       3930.00     0.0492807
       3940.00     0.0457409
       3950.00     0.0590909
       3960.00     0.0540430
       3970.00     0.0497693
       3980.00     0.0754687
       3990.00     0.0870420
       4000.00     0.0915958
       4010.00     0.0993260
       4020.00      0.102932
       4030.00      0.130470
       4040.00      0.129025
       4050.00      0.103251
       4060.00      0.104037
       4070.00      0.118695
       4080.00      0.115490
       4090.00     0.0968477
       4100.00      0.100694
       4110.00      0.104941
       4120.00     0.0947755
       4130.00     0.0793565
       4140.00     0.0730055
       4150.00     0.0823291
       4160.00     0.0951804
       4170.00     0.0815966
       4180.00     0.0654205
       4190.00     0.0719103
       4200.00      0.101165
       4210.00     0.0832367
       4220.00     0.0278701
       4230.00     0.0227819
       4240.00     0.0564144
       4250.00     0.0710055
       4260.00     0.0583530
       4270.00     0.0509255
       4280.00     0.0555217
       4290.00     0.0668792
       4300.00      0.114129
       4310.00      0.103519
       4320.00     0.0445420
       4330.00     0.0441501
       4340.00     0.0556192
       4350.00     0.0598789
       4360.00     0.0529242
       4370.00     0.0601060
       4380.00     0.0654692
       4390.00     0.0641441
       4400.00     0.0555719
       4410.00     0.0681810
       4420.00     0.0555328
       4430.00     0.0314223
       4440.00     0.0324156
       4450.00     0.0461938
       4460.00     0.0452134
       4470.00     0.0280333
       4480.00     0.0333204
       4490.00     0.0413922
       4500.00     0.0321572
       4510.00     0.0297514
       4520.00     0.0385563
       4530.00     0.0439276
       4540.00     0.0441065
       4550.00     0.0458662
       4560.00     0.0533475
       4570.00      0.131862
       4580.00      0.105819
       4590.00     0.0246385
       4600.00     0.0187830
       4610.00     0.0304872
       4620.00     0.0374509
       4630.00     0.0263617
       4640.00     0.0227344
       4650.00     0.0232373
       4660.00     0.0327988
       4670.00     0.0308660
       4680.00     0.0291253
       4690.00     0.0362581
       4700.00     0.0468988
       4710.00     0.0475300
       4720.00     0.0528649
       4730.00     0.0552337
       4740.00     0.0608269
       4750.00     0.0749926
       4760.00     0.0461433
       4770.00     0.0168772
       4780.00     0.0194634
       4790.00     0.0299490
       4800.00     0.0371220
       4810.00     0.0301660
       4820.00     0.0298016
       4830.00     0.0389967
       4840.00     0.0402414
       4850.00     0.0389327
       4860.00     0.0470609
       4870.00     0.0512687
       4880.00     0.0552670
       4890.00     0.0690705
       4900.00     0.0779648
       4910.00     0.0920162
       4920.00      0.121209
       4930.00      0.159042
       4940.00      0.198591
       4950.00      0.163741
       4960.00     0.0577820
       4970.00     0.0141835
       4980.00     0.0223006
       4990.00     0.0347994
       5000.00     0.0358561
       5010.00     0.0354098
       5020.00     0.0458102
       5030.00     0.0535878
       5040.00     0.0793376
       5050.00     0.0902397
       5060.00     0.0887011
       5070.00      0.103738
       5080.00      0.123674
       5090.00      0.128933
       5100.00      0.130551
       5110.00      0.140766
       5120.00      0.171290
       5130.00      0.196420
       5140.00      0.222364
       5150.00      0.259023
       5160.00      0.278500
       5170.00      0.148543
       5180.00     0.0286062
       5190.00     0.0447618
       5200.00     0.0594473
       5210.00     0.0777998
       5220.00      0.103125
       5230.00     0.0955094
       5240.00     0.0853257
       5250.00      0.106409
       5260.00      0.139845
       5270.00      0.153086
       5280.00      0.156263
       5290.00      0.164277
       5300.00      0.199506
       5310.00      0.211298
       5320.00      0.205107
       5330.00      0.211385
       5340.00      0.270460
       5350.00      0.294166
       5360.00      0.248728
       5370.00      0.222367
       5380.00      0.245885
       5390.00      0.277936
       5400.00      0.327945
       5410.00      0.333412
       5420.00      0.319808
       5430.00      0.363011
       5440.00      0.397427
       5450.00      0.295371
       5460.00      0.149077
       5470.00      0.129671
       5480.00      0.117673
       5490.00      0.127289
       5500.00      0.141195
       5510.00      0.162630
       5520.00      0.188069
       5530.00      0.213302
       5540.00      0.252055
       5550.00      0.281734
       5560.00      0.303877
       5570.00      0.265583
       5580.00      0.221848
       5590.00      0.230798
       5600.00      0.189432
       5610.00      0.180673
       5620.00      0.166267
       5630.00      0.155551
       5640.00      0.191861
       5650.00      0.201877
       5660.00      0.252792
       5670.00      0.280048
       5680.00      0.277351
       5690.00      0.305182
       5700.00      0.361734
       5710.00      0.444115
       5720.00      0.398212
       5730.00      0.475874
       5740.00      0.307975
       5760.00      0.314510
       5780.00      0.414107
       5800.00      0.484965
       5820.00      0.474159
       5840.00      0.318774
       5860.00      0.160204
       5880.00      0.129516
       5900.00      0.127300
       5920.00      0.174198
       5940.00      0.243246
       5960.00      0.294507
       5980.00      0.383253
       6000.00      0.462542
       6020.00      0.496087
       6040.00      0.536145
       6060.00      0.567677
       6080.00      0.565038
       6100.00      0.635507
       6120.00      0.775300
       6140.00      0.669075
       6160.00      0.357070
       6180.00      0.217801
       6200.00      0.238471
       6220.00      0.254530
       6240.00      0.322408
       6260.00      0.464823
       6280.00      0.573199
       6300.00      0.720122
       6320.00      0.816856
       6340.00      0.865110
       6360.00      0.934952
       6380.00       1.12622
       6400.00       1.31581
       6420.00       1.42526
       6440.00       1.59987
       6460.00       1.88019
       6480.00       1.94730
       6500.00       2.09871
       6520.00       2.48577
       6540.00       2.57863
       6560.00       2.22331
       6580.00       1.90914
       6600.00       1.86283
       6620.00       1.79481
       6640.00       1.46733
       6660.00       1.14018
       6680.00      0.976113
       6700.00      0.874431
       6720.00      0.898834
       6740.00       1.04239
       6760.00       1.36978
       6780.00       1.53118
       6800.00       1.72475
       6820.00       2.17319
       6840.00       2.53415
       6860.00       2.73657
       6880.00       3.16519
       6900.00       3.75457
       6920.00       4.11447
       6940.00       4.31225
       6960.00       4.76738
       6980.00       4.89044
       7000.00       5.03738
       7020.00       5.25033
       7040.00       4.48877
       7060.00       2.69228
       7080.00       1.76946
       7100.00       1.69220
       7120.00       1.59978
       7140.00       1.51949
       7160.00       2.14406
       7180.00       2.79762
       7200.00       3.28307
       7220.00       3.85901
       7240.00       4.97843
       7260.00       6.03567
       7280.00       7.35570
       7300.00       9.54500
       7320.00       11.2714
       7340.00       10.2603
       7360.00       8.78489
       7380.00       8.37740
       7400.00       7.61272
       7420.00       7.30125
       7440.00       7.13654
       7460.00       7.60812
       7480.00       9.42616
       7500.00       10.6317
       7520.00       12.5131
       7540.00       15.2519
       7560.00       17.4568
       7580.00       15.4376
       7600.00       11.1525
       7620.00       11.9876
       7640.00       11.5590
       7660.00       10.5424
       7680.00       8.87514
       7700.00       10.1239
       7720.00       12.1383
       7740.00       12.8103
       7760.00       12.8479
       7780.00       14.1661
       7800.00       16.2738
       7820.00       16.8323
       7840.00       14.8638
       7860.00       12.5968
       7880.00       11.1652
       7900.00       10.8122
       7920.00       10.6881
       7940.00       10.8385
       7960.00       10.8938
       7980.00       11.0155
       8000.00       12.0518
       8020.00       14.8131
       8040.00       17.6637
       8060.00       21.0787
       8080.00       25.9830
       8100.00       31.4233
       8120.00       39.2642
       8140.00       47.7201
       8160.00       55.1184
       8180.00       60.2238
       8200.00       50.3280
       8220.00       46.2850
       8240.00       49.4572
       8260.00       47.8601
       8280.00       43.5879
       8300.00       41.6734
       8320.00       42.3254
       8340.00       43.7433
       8360.00       46.1462
       8380.00       45.8680
       8400.00       46.7459
       8420.00       42.8632
       8440.00       27.7292
       8460.00       19.7677
       8480.00       22.1562
       8500.00       24.0918
       8520.00       25.0268
       8540.00       27.5144
       8560.00       28.9122
       8580.00       29.7747
       8600.00       32.5796
       8620.00       34.4459
       8640.00       35.2172
       8660.00       35.7500
       8680.00       36.8212
       8700.00       40.6565
       8720.00       44.4563
       8740.00       48.0240
       8760.00       52.3432
       8780.00       58.9235
       8800.00       66.5938
       8820.00       72.6330
       8840.00       77.3353
       8860.00       63.7415
       8880.00       56.0754
       8900.00       64.6679
       8920.00       72.2747
       8940.00       72.1305
       8960.00       76.5091
       8980.00       88.9863
       9000.00       97.5145
       9020.00       105.415
       9040.00       115.652
       9060.00       122.096
       9080.00       130.287
       9100.00       142.464
       9120.00       147.503
       9140.00       153.479
       9160.00       165.270
       9180.00       173.652
       9200.00       151.458
       9220.00       105.249
       9240.00       94.4060
       9260.00       93.7628
       9280.00       90.7287
       9300.00       84.0404
       9320.00       81.3423
       9340.00       94.0484
       9360.00       90.0869
       9380.00       98.0837
       9400.00       113.419
       9420.00       102.151
       9440.00       103.261
       9460.00       116.983
       9480.00       119.624
       9500.00       122.962
       9520.00       134.848
       9540.00       143.846
       9560.00       139.471
       9580.00       123.879
       9600.00       126.749
       9620.00       132.389
       9640.00       127.408
       9660.00       135.565
       9680.00       142.623
       9700.00       144.635
       9720.00       140.394
       9740.00       131.384
       9760.00       137.815
       9780.00       148.666
       9800.00       152.226
       9820.00       151.677
       9840.00       159.461
       9860.00       171.355
       9880.00       181.300
       9900.00       182.514
       9920.00       187.665
       9940.00       209.007
       9960.00       228.378
       9980.00       235.288
       10000.0       230.749
       10020.0       220.453
       10040.0       222.507
       10060.0       238.082
       10080.0       249.715
       10100.0       259.288
       10120.0       251.974
       10140.0       239.289
       10160.0       242.513
       10180.0       250.182
       10200.0       258.587
       10220.0       264.204
       10240.0       259.257
       10260.0       254.482
       10280.0       256.422
       10300.0       261.544
       10320.0       268.617
       10340.0       275.813
       10360.0       283.284
       10380.0       286.054
       10400.0       293.777
       10420.0       295.015
       10440.0       277.217
       10460.0       224.191
       10480.0       170.771
       10500.0       157.483
       10520.0       144.142
       10540.0       130.080
       10560.0       125.656
       10580.0       124.221
       10600.0       130.067
       10620.0       149.075
