       3160.00     0.0547066
       3170.00     0.0603285
       3180.00     0.0615046
       3190.00     0.0639214
       3200.00     0.0611061
       3210.00     0.0610566
       3220.00     0.0617522
       3230.00     0.0568827
       3240.00     0.0600863
       3250.00     0.0755346
       3260.00     0.0822836
       3270.00     0.0885348
       3280.00     0.0864441
       3290.00     0.0995892
       3300.00     0.0976833
       3310.00     0.0897748
       3320.00     0.0903766
       3330.00     0.0907030
       3340.00     0.0906617
       3350.00     0.0887974
       3360.00     0.0804406
       3370.00     0.0835582
       3380.00     0.0921722
       3390.00     0.0955837
       3400.00      0.103446
       3410.00      0.101524
       3420.00      0.103119
       3430.00      0.107396
       3440.00     0.0984688
       3450.00      0.102170
       3460.00      0.109956
       3470.00      0.106770
       3480.00      0.104097
       3490.00      0.108738
       3500.00      0.115822
       3510.00      0.122942
       3520.00      0.115433
       3530.00      0.118913
       3540.00      0.125031
       3550.00      0.121072
       3560.00      0.106193
       3570.00     0.0979500
       3580.00     0.0876295
       3590.00      0.111759
       3600.00      0.128314
       3610.00      0.126204
       3620.00      0.138103
       3630.00      0.143207
       3640.00      0.138960
       3650.00      0.157296
       3660.00      0.164901
       3670.00      0.171232
       3680.00      0.169660
       3690.00      0.172879
       3700.00      0.164831
       3710.00      0.155118
       3720.00      0.150444
       3730.00      0.134394
       3740.00      0.131373
       3750.00      0.140916
       3760.00      0.157508
       3770.00      0.172331
       3780.00      0.177500
       3790.00      0.157813
       3800.00      0.155850
       3810.00      0.146297
       3820.00      0.112728
       3830.00      0.103728
       3840.00      0.114910
       3850.00      0.115998
       3860.00      0.113166
       3870.00      0.119946
       3880.00      0.145057
       3890.00      0.171085
       3900.00      0.185843
       3910.00      0.195204
       3920.00      0.160543
       3930.00      0.134232
       3940.00      0.162369
       3950.00      0.200328
       3960.00      0.171146
       3970.00      0.178464
       3980.00      0.273730
       3990.00      0.318627
       4000.00      0.343280
       4010.00      0.341747
       4020.00      0.363180
       4030.00      0.357452
       4040.00      0.350408
       4050.00      0.341723
       4060.00      0.332746
       4070.00      0.349603
       4080.00      0.377356
       4090.00      0.371345
       4100.00      0.374743
       4110.00      0.375372
       4120.00      0.365566
       4130.00      0.367748
       4140.00      0.359647
       4150.00      0.357255
       4160.00      0.361834
       4170.00      0.351093
       4180.00      0.361401
       4190.00      0.355140
       4200.00      0.365820
       4210.00      0.385800
       4220.00      0.376523
       4230.00      0.391035
       4240.00      0.404838
       4250.00      0.401117
       4260.00      0.394334
       4270.00      0.395106
       4280.00      0.382872
       4290.00      0.354033
       4300.00      0.329957
       4310.00      0.381887
       4320.00      0.438709
       4330.00      0.429859
       4340.00      0.443880
       4350.00      0.449204
       4360.00      0.449419
       4370.00      0.430065
       4380.00      0.411110
       4390.00      0.432950
       4400.00      0.433303
       4410.00      0.483616
       4420.00      0.508214
       4430.00      0.509416
       4440.00      0.521413
       4450.00      0.519631
       4460.00      0.520698
       4470.00      0.556679
       4480.00      0.578360
       4490.00      0.580196
       4500.00      0.611482
       4510.00      0.613236
       4520.00      0.574944
       4530.00      0.569280
       4540.00      0.587160
       4550.00      0.608143
       4560.00      0.618021
       4570.00      0.610827
       4580.00      0.613643
       4590.00      0.608954
       4600.00      0.625236
       4610.00      0.652438
       4620.00      0.653768
       4630.00      0.635940
       4640.00      0.632522
       4650.00      0.626005
       4660.00      0.630584
       4670.00      0.630396
       4680.00      0.633012
       4690.00      0.635907
       4700.00      0.626372
       4710.00      0.658758
       4720.00      0.669057
       4730.00      0.667642
       4740.00      0.688569
       4750.00      0.689691
       4760.00      0.678072
       4770.00      0.697327
       4780.00      0.702683
       4790.00      0.707922
       4800.00      0.714836
       4810.00      0.716266
       4820.00      0.714310
       4830.00      0.702060
       4840.00      0.695655
       4850.00      0.664649
       4860.00      0.640288
       4870.00      0.686446
       4880.00      0.692827
       4890.00      0.710469
       4900.00      0.725362
       4910.00      0.697163
       4920.00      0.696390
       4930.00      0.710119
       4940.00      0.726358
       4950.00      0.732750
       4960.00      0.726439
       4970.00      0.707681
       4980.00      0.706714
       4990.00      0.705751
       5000.00      0.690948
       5010.00      0.671869
       5020.00      0.682698
       5030.00      0.701308
       5040.00      0.694980
       5050.00      0.718778
       5060.00      0.712976
       5070.00      0.686049
       5080.00      0.697523
       5090.00      0.705752
       5100.00      0.694521
       5110.00      0.703521
       5120.00      0.701617
       5130.00      0.685345
       5140.00      0.688764
       5150.00      0.692962
       5160.00      0.651900
       5170.00      0.628849
       5180.00      0.661960
       5190.00      0.704794
       5200.00      0.706571
       5210.00      0.709904
       5220.00      0.710884
       5230.00      0.719127
       5240.00      0.731828
       5250.00      0.731727
       5260.00      0.697995
       5270.00      0.705513
       5280.00      0.768870
       5290.00      0.764595
       5300.00      0.774164
       5310.00      0.789661
       5320.00      0.751694
       5330.00      0.744936
       5340.00      0.762095
       5350.00      0.796781
       5360.00      0.791833
       5370.00      0.798531
       5380.00      0.802849
       5390.00      0.775591
       5400.00      0.752706
       5410.00      0.781337
       5420.00      0.809696
       5430.00      0.811121
       5440.00      0.822687
       5450.00      0.821427
       5460.00      0.826965
       5470.00      0.804859
       5480.00      0.807105
       5490.00      0.810992
       5500.00      0.811162
       5510.00      0.830957
       5520.00      0.826992
       5530.00      0.831224
       5540.00      0.847690
       5550.00      0.856760
       5560.00      0.848709
       5570.00      0.848810
       5580.00      0.844046
       5590.00      0.832014
       5600.00      0.857189
       5610.00      0.856468
       5620.00      0.869435
       5630.00      0.874319
       5640.00      0.869560
       5650.00      0.856010
       5660.00      0.852899
       5670.00      0.882514
       5680.00      0.884943
       5690.00      0.893724
       5700.00      0.887394
       5710.00      0.857315
       5720.00      0.879545
       5730.00      0.908014
       5740.00      0.919832
       5760.00      0.918209
       5780.00      0.915032
       5800.00      0.938398
       5820.00      0.957717
       5840.00      0.946690
       5860.00      0.938827
       5880.00      0.901778
       5900.00      0.918659
       5920.00      0.940775
       5940.00      0.973406
       5960.00      0.973935
       5980.00      0.942684
       6000.00      0.949345
       6020.00      0.960470
       6040.00      0.970773
       6060.00      0.969062
       6080.00      0.960665
       6100.00      0.962707
       6120.00      0.968432
       6140.00      0.954225
       6160.00      0.959941
       6180.00      0.973672
       6200.00      0.967612
       6220.00      0.952863
       6240.00      0.931683
       6260.00      0.951833
       6280.00      0.956006
       6300.00      0.972361
       6320.00      0.971432
       6340.00      0.966226
       6360.00      0.962476
       6380.00      0.987116
       6400.00      0.992514
       6420.00      0.990831
       6440.00      0.984242
       6460.00      0.992400
       6480.00       1.00121
       6500.00      0.983509
       6520.00       1.01311
       6540.00      0.988562
       6560.00      0.975203
       6580.00      0.979802
       6600.00      0.980261
       6620.00      0.995752
       6640.00      0.992752
       6660.00       1.01151
       6680.00       1.01525
       6700.00      0.995341
       6720.00      0.992379
       6740.00       1.00152
       6760.00       1.01529
       6780.00       1.01096
       6800.00       1.01530
       6820.00       1.01365
       6840.00       1.03185
       6860.00      0.981360
       6880.00      0.989686
       6900.00       1.02222
       6920.00       1.04411
       6940.00       1.02676
       6960.00       1.01601
       6980.00       1.01829
       7000.00       1.01408
       7020.00       1.03504
       7040.00       1.03917
       7060.00       1.01188
       7080.00       1.00646
       7100.00       1.00681
       7120.00       1.01351
       7140.00       1.00561
       7160.00       1.02681
       7180.00       1.04096
       7200.00       1.02362
       7220.00       1.01389
       7240.00       1.02109
       7260.00       1.02451
       7280.00       1.01299
       7300.00       1.01208
       7320.00      0.995094
       7340.00      0.996081
       7360.00      0.995833
       7380.00       1.01459
       7400.00      0.999621
       7420.00      0.983513
       7440.00      0.997287
       7460.00       1.00432
       7480.00       1.01252
       7500.00       1.01163
       7520.00       1.00954
       7540.00      0.997262
       7560.00      0.999411
       7580.00      0.931715
       7600.00      0.915571
       7620.00       1.10316
       7640.00       1.03218
       7660.00       1.01412
       7680.00      0.936078
       7700.00      0.978890
       7720.00      0.992177
       7740.00       1.01826
       7760.00       1.01388
       7780.00      0.990922
       7800.00      0.988381
       7820.00      0.995689
       7840.00       1.01219
       7860.00       1.00098
       7880.00      0.988681
       7900.00      0.981024
       7920.00      0.979118
       7940.00      0.970954
       7960.00      0.998638
       7980.00      0.996135
       8000.00       1.00496
       8020.00      0.988346
       8040.00      0.977447
       8060.00      0.990739
       8080.00      0.974288
       8100.00      0.979144
       8120.00       1.01351
       8140.00       1.01602
       8160.00      0.988023
       8180.00      0.999434
       8200.00       1.01355
       8220.00       1.02594
       8240.00       1.01357
       8260.00       1.03303
       8280.00       1.01742
       8300.00       1.00461
       8320.00      0.972285
       8340.00      0.983515
       8360.00      0.984951
       8380.00       1.00258
       8400.00      0.990494
       8420.00      0.985992
       8440.00       1.00349
       8460.00      0.987748
       8480.00      0.985418
       8500.00      0.972454
       8520.00      0.927690
       8540.00      0.938232
       8560.00      0.979380
       8580.00      0.992916
       8600.00      0.993237
       8620.00       1.01613
       8640.00      0.975024
       8660.00      0.933590
       8680.00      0.997114
       8700.00       1.01926
       8720.00      0.986833
       8740.00      0.958174
       8760.00      0.981293
       8780.00      0.982150
       8800.00      0.974777
       8820.00      0.971027
       8840.00      0.992885
       8860.00      0.979410
       8880.00      0.974656
       8900.00      0.983141
       8920.00      0.984994
       8940.00      0.981779
       8960.00       1.02857
       8980.00       1.02376
       9000.00       1.00891
       9020.00       1.03226
       9040.00       1.06301
       9060.00       1.00872
       9080.00       1.02444
       9100.00       1.01970
       9120.00      0.995639
       9140.00       1.00089
       9160.00      0.974004
       9180.00       1.00096
       9200.00       1.00272
       9220.00      0.977971
       9240.00      0.945986
       9260.00      0.953714
       9280.00      0.961897
       9300.00      0.942801
       9320.00      0.956798
       9340.00       1.08263
       9360.00       1.03585
       9380.00       1.04136
       9400.00       1.04925
       9420.00      0.961049
       9440.00      0.957575
       9460.00       1.01342
       9480.00      0.966421
       9500.00       1.00153
       9520.00       1.00180
       9540.00       1.01441
       9560.00       1.01986
       9580.00      0.985141
       9600.00      0.975548
       9620.00      0.973520
       9640.00      0.965868
       9660.00      0.987754
       9680.00      0.975431
       9700.00      0.944035
       9720.00      0.934180
       9740.00      0.935049
       9760.00      0.945185
       9780.00      0.969621
       9800.00      0.965334
       9820.00      0.956457
       9840.00      0.947156
       9860.00      0.926881
       9880.00      0.927294
       9900.00      0.936846
       9920.00      0.909873
       9940.00      0.923973
       9960.00      0.923934
       9980.00      0.935683
       10000.0      0.937883
       10020.0      0.929690
       10040.0      0.930091
       10060.0      0.939935
       10080.0      0.928644
       10100.0      0.929045
       10120.0      0.952692
       10140.0      0.928504
       10160.0      0.936918
       10180.0      0.920411
       10200.0      0.896428
       10220.0      0.910611
       10240.0      0.925622
       10260.0      0.898242
       10280.0      0.918939
       10300.0      0.878501
       10320.0      0.892142
       10340.0      0.888667
       10360.0      0.905293
       10380.0      0.893959
       10400.0      0.891370
       10420.0      0.891396
       10440.0      0.899222
       10460.0      0.893178
       10480.0      0.909173
       10500.0      0.913474
       10520.0      0.931950
       10540.0      0.926748
       10560.0      0.898429
       10580.0      0.907422
       10600.0      0.882661
       10620.0      0.924879
