       3160.00     0.0861746
       3170.00     0.0937558
       3180.00     0.0938919
       3190.00     0.0838130
       3200.00     0.0955175
       3210.00     0.0877019
       3220.00     0.0740007
       3230.00     0.0764114
       3240.00     0.0910253
       3250.00      0.102668
       3260.00      0.119821
       3270.00      0.123435
       3280.00      0.116258
       3290.00      0.138906
       3300.00      0.147020
       3310.00      0.136502
       3320.00      0.133454
       3330.00      0.133991
       3340.00      0.137350
       3350.00      0.140395
       3360.00      0.127085
       3370.00      0.117649
       3380.00      0.135612
       3390.00      0.144801
       3400.00      0.151697
       3410.00      0.150560
       3420.00      0.157666
       3430.00      0.158205
       3440.00      0.132694
       3450.00      0.141467
       3460.00      0.153489
       3470.00      0.148725
       3480.00      0.147641
       3490.00      0.150599
       3500.00      0.165743
       3510.00      0.179672
       3520.00      0.159199
       3530.00      0.170696
       3540.00      0.192321
       3550.00      0.174881
       3560.00      0.148066
       3570.00      0.128587
       3580.00      0.107835
       3590.00      0.142969
       3600.00      0.184189
       3610.00      0.175538
       3620.00      0.198376
       3630.00      0.209049
       3640.00      0.202243
       3650.00      0.234226
       3660.00      0.264786
       3670.00      0.253278
       3680.00      0.245763
       3690.00      0.262014
       3700.00      0.260071
       3710.00      0.241723
       3720.00      0.233502
       3730.00      0.192852
       3740.00      0.163391
       3750.00      0.191194
       3760.00      0.217857
       3770.00      0.244742
       3780.00      0.270478
       3790.00      0.226980
       3800.00      0.223577
       3810.00      0.208404
       3820.00      0.155884
       3830.00      0.125324
       3840.00      0.150116
       3850.00      0.155816
       3860.00      0.147681
       3870.00      0.154244
       3880.00      0.187516
       3890.00      0.253240
       3900.00      0.296706
       3910.00      0.290106
       3920.00      0.243339
       3930.00      0.164364
       3940.00      0.201528
       3950.00      0.305863
       3960.00      0.247802
       3970.00      0.230111
       3980.00      0.398431
       3990.00      0.488825
       4000.00      0.528142
       4010.00      0.560427
       4020.00      0.587061
       4030.00      0.588249
       4040.00      0.564369
       4050.00      0.559968
       4060.00      0.558213
       4070.00      0.546741
       4080.00      0.594101
       4090.00      0.624291
       4100.00      0.598259
       4110.00      0.596247
       4120.00      0.591289
       4130.00      0.572162
       4140.00      0.540991
       4150.00      0.545741
       4160.00      0.561265
       4170.00      0.545496
       4180.00      0.551294
       4190.00      0.559427
       4200.00      0.570058
       4210.00      0.632536
       4220.00      0.622197
       4230.00      0.612808
       4240.00      0.652299
       4250.00      0.652914
       4260.00      0.654955
       4270.00      0.646112
       4280.00      0.625926
       4290.00      0.581523
       4300.00      0.497668
       4310.00      0.615740
       4320.00      0.779789
       4330.00      0.748978
       4340.00      0.787948
       4350.00      0.801887
       4360.00      0.797953
       4370.00      0.774873
       4380.00      0.701669
       4390.00      0.728683
       4400.00      0.746579
       4410.00      0.799263
       4420.00      0.838275
       4430.00      0.841538
       4440.00      0.898111
       4450.00      0.893013
       4460.00      0.865749
       4470.00      0.952713
       4480.00       1.00955
       4490.00      0.984076
       4500.00       1.05007
       4510.00       1.07036
       4520.00      0.973839
       4530.00      0.959589
       4540.00      0.997887
       4550.00       1.01678
       4560.00       1.02757
       4570.00       1.03798
       4580.00       1.03754
       4590.00       1.01571
       4600.00       1.05488
       4610.00       1.11303
       4620.00       1.12809
       4630.00       1.09951
       4640.00       1.05924
       4650.00       1.06171
       4660.00       1.06629
       4670.00       1.04607
       4680.00       1.07393
       4690.00       1.07164
       4700.00       1.06045
       4710.00       1.07226
       4720.00       1.09338
       4730.00       1.10781
       4740.00       1.16056
       4750.00       1.16036
       4760.00       1.14481
       4770.00       1.17832
       4780.00       1.19831
       4790.00       1.19946
       4800.00       1.22694
       4810.00       1.24275
       4820.00       1.25928
       4830.00       1.22594
       4840.00       1.23457
       4850.00       1.18368
       4860.00       1.11984
       4870.00       1.12880
       4880.00       1.14988
       4890.00       1.17727
       4900.00       1.21868
       4910.00       1.17185
       4920.00       1.18587
       4930.00       1.20694
       4940.00       1.23485
       4950.00       1.27373
       4960.00       1.26241
       4970.00       1.25007
       4980.00       1.22692
       4990.00       1.21119
       5000.00       1.19156
       5010.00       1.16335
       5020.00       1.17575
       5030.00       1.19747
       5040.00       1.18452
       5050.00       1.23132
       5060.00       1.24995
       5070.00       1.18577
       5080.00       1.17759
       5090.00       1.19248
       5100.00       1.15148
       5110.00       1.17441
       5120.00       1.16587
       5130.00       1.14193
       5140.00       1.14445
       5150.00       1.15287
       5160.00       1.08557
       5170.00       1.04577
       5180.00       1.08858
       5190.00       1.13049
       5200.00       1.15247
       5210.00       1.18343
       5220.00       1.19326
       5230.00       1.20263
       5240.00       1.24290
       5250.00       1.24720
       5260.00       1.15741
       5270.00       1.14872
       5280.00       1.29664
       5290.00       1.30570
       5300.00       1.32291
       5310.00       1.37605
       5320.00       1.28417
       5330.00       1.27305
       5340.00       1.31856
       5350.00       1.34143
       5360.00       1.34901
       5370.00       1.34423
       5380.00       1.35347
       5390.00       1.31085
       5400.00       1.25203
       5410.00       1.29742
       5420.00       1.35936
       5430.00       1.33961
       5440.00       1.37955
       5450.00       1.39685
       5460.00       1.40684
       5470.00       1.36168
       5480.00       1.34642
       5490.00       1.38487
       5500.00       1.38969
       5510.00       1.36423
       5520.00       1.36590
       5530.00       1.40280
       5540.00       1.41676
       5550.00       1.44301
       5560.00       1.42946
       5570.00       1.41596
       5580.00       1.42298
       5590.00       1.40000
       5600.00       1.42197
       5610.00       1.46422
       5620.00       1.46568
       5630.00       1.46443
       5640.00       1.46183
       5650.00       1.46328
       5660.00       1.46204
       5670.00       1.44738
       5680.00       1.47968
       5690.00       1.47842
       5700.00       1.47449
       5710.00       1.42391
       5720.00       1.48797
       5730.00       1.55579
       5740.00       1.55440
       5760.00       1.56354
       5780.00       1.55418
       5800.00       1.57245
       5820.00       1.61152
       5840.00       1.60600
       5860.00       1.59402
       5880.00       1.54846
       5900.00       1.51741
       5920.00       1.57272
       5940.00       1.58665
       5960.00       1.61071
       5980.00       1.60532
       6000.00       1.58982
       6020.00       1.61236
       6040.00       1.62214
       6060.00       1.63061
       6080.00       1.58768
       6100.00       1.54129
       6120.00       1.56362
       6140.00       1.60564
       6160.00       1.62144
       6180.00       1.63221
       6200.00       1.64659
       6220.00       1.65231
       6240.00       1.61407
       6260.00       1.61256
       6280.00       1.61955
       6300.00       1.62045
       6320.00       1.63941
       6340.00       1.63904
       6360.00       1.64825
       6380.00       1.65383
       6400.00       1.62249
       6420.00       1.62218
       6440.00       1.63014
       6460.00       1.63688
       6480.00       1.62243
       6500.00       1.62447
       6520.00       1.67786
       6540.00       1.65294
       6560.00       1.60613
       6580.00       1.66603
       6600.00       1.68521
       6620.00       1.67322
       6640.00       1.66359
       6660.00       1.67346
       6680.00       1.68896
       6700.00       1.71005
       6720.00       1.70156
       6740.00       1.71346
       6760.00       1.74217
       6780.00       1.74826
       6800.00       1.76663
       6820.00       1.75922
       6840.00       1.81529
       6860.00       1.70457
       6880.00       1.69187
       6900.00       1.75206
       6920.00       1.79650
       6940.00       1.79242
       6960.00       1.76977
       6980.00       1.74179
       7000.00       1.72268
       7020.00       1.73946
       7040.00       1.77237
       7060.00       1.75764
       7080.00       1.74730
       7100.00       1.73166
       7120.00       1.71610
       7140.00       1.69743
       7160.00       1.72565
       7180.00       1.72402
       7200.00       1.68540
       7220.00       1.70393
       7240.00       1.70974
       7260.00       1.69978
       7280.00       1.68675
       7300.00       1.70298
       7320.00       1.70249
       7340.00       1.66570
       7360.00       1.67048
       7380.00       1.68246
       7400.00       1.67688
       7420.00       1.68878
       7440.00       1.69652
       7460.00       1.70626
       7480.00       1.68032
       7500.00       1.68092
       7520.00       1.68353
       7540.00       1.68715
       7560.00       1.70886
       7580.00       1.65213
       7600.00       1.45646
       7620.00       1.55554
       7640.00       1.63218
       7660.00       1.73028
       7680.00       1.64350
       7700.00       1.68669
       7720.00       1.68134
       7740.00       1.69863
       7760.00       1.71878
       7780.00       1.72121
       7800.00       1.70801
       7820.00       1.72701
       7840.00       1.69833
       7860.00       1.70660
       7880.00       1.66845
       7900.00       1.64592
       7920.00       1.63119
       7940.00       1.62612
       7960.00       1.64212
       7980.00       1.66853
       8000.00       1.66817
       8020.00       1.67824
       8040.00       1.67123
       8060.00       1.63686
       8080.00       1.62244
       8100.00       1.61468
       8120.00       1.65383
       8140.00       1.66099
       8160.00       1.63079
       8180.00       1.62681
       8200.00       1.59034
       8220.00       1.59759
       8240.00       1.59001
       8260.00       1.63040
       8280.00       1.59521
       8300.00       1.58311
       8320.00       1.54545
       8340.00       1.57460
       8360.00       1.59542
       8380.00       1.59525
       8400.00       1.57514
       8420.00       1.56868
       8440.00       1.55234
       8460.00       1.58196
       8480.00       1.55579
       8500.00       1.55840
       8520.00       1.51453
       8540.00       1.47978
       8560.00       1.56348
       8580.00       1.59533
       8600.00       1.58542
       8620.00       1.61000
       8640.00       1.57544
       8660.00       1.54279
       8680.00       1.56642
       8700.00       1.59432
       8720.00       1.63519
       8740.00       1.65061
       8760.00       1.61990
       8780.00       1.58673
       8800.00       1.59610
       8820.00       1.59853
       8840.00       1.63366
       8860.00       1.64802
       8880.00       1.63059
       8900.00       1.62607
       8920.00       1.60365
       8940.00       1.59836
       8960.00       1.64747
       8980.00       1.62684
       9000.00       1.57924
       9020.00       1.66521
       9040.00       1.72721
       9060.00       1.67886
       9080.00       1.59719
       9100.00       1.63216
       9120.00       1.60271
       9140.00       1.50258
       9160.00       1.46356
       9180.00       1.48940
       9200.00       1.51099
       9220.00       1.49615
       9240.00       1.48549
       9260.00       1.47078
       9280.00       1.40362
       9300.00       1.32938
       9320.00       1.32980
       9340.00       1.45084
       9360.00       1.38512
       9380.00       1.48037
       9400.00       1.56792
       9420.00       1.34882
       9440.00       1.26854
       9460.00       1.40105
       9480.00       1.39890
       9500.00       1.38233
       9520.00       1.44660
       9540.00       1.43878
       9560.00       1.42383
       9580.00       1.42483
       9600.00       1.42107
       9620.00       1.44106
       9640.00       1.47361
       9660.00       1.46977
       9680.00       1.48797
       9700.00       1.44880
       9720.00       1.46540
       9740.00       1.45144
       9760.00       1.46641
       9780.00       1.46730
       9800.00       1.46042
       9820.00       1.50474
       9840.00       1.45604
       9860.00       1.46312
       9880.00       1.45785
       9900.00       1.47874
       9920.00       1.49187
       9940.00       1.47432
       9960.00       1.47747
       9980.00       1.47833
       10000.0       1.49136
       10020.0       1.49598
       10040.0       1.43385
       10060.0       1.44387
       10080.0       1.48254
       10100.0       1.48413
       10120.0       1.47969
       10140.0       1.47152
       10160.0       1.48810
       10180.0       1.48593
       10200.0       1.49197
       10220.0       1.44883
       10240.0       1.42667
       10260.0       1.42092
       10280.0       1.48851
       10300.0       1.45162
       10320.0       1.44216
       10340.0       1.43643
       10360.0       1.43733
       10380.0       1.43749
       10400.0       1.45083
       10420.0       1.46778
       10440.0       1.46861
       10460.0       1.45561
       10480.0       1.46591
       10500.0       1.45007
       10520.0       1.44586
       10540.0       1.46984
       10560.0       1.45985
       10580.0       1.44774
       10600.0       1.42633
       10620.0       1.43153
