       3160.00       0.00000
       3170.00   0.000580837
       3180.00    0.00104591
       3190.00   0.000710043
       3200.00   0.000859806
       3210.00   0.000195827
       3220.00   0.000179383
       3230.00   0.000332981
       3240.00   0.000768650
       3250.00   0.000711569
       3260.00       0.00000
       3270.00   0.000245043
       3280.00   0.000681284
       3290.00       0.00000
       3300.00   0.000508873
       3310.00   0.000121597
       3320.00   0.000410944
       3330.00   0.000221841
       3340.00   0.000296356
       3350.00   0.000284087
       3360.00   0.000490349
       3370.00   0.000104098
       3380.00   0.000596853
       3390.00   0.000716058
       3400.00   0.000364979
       3410.00   0.000306859
       3420.00   0.000463704
       3430.00   0.000324309
       3440.00   0.000701664
       3450.00    0.00135008
       3460.00    0.00104028
       3470.00   0.000983321
       3480.00   0.000950082
       3490.00   0.000868413
       3500.00   0.000497179
       3510.00    0.00132578
       3520.00   0.000973857
       3530.00    0.00105498
       3540.00    0.00112971
       3550.00    0.00141464
       3560.00    0.00181269
       3570.00    0.00113654
       3580.00    0.00143989
       3590.00    0.00137620
       3600.00    0.00106589
       3610.00    0.00115018
       3620.00    0.00170097
       3630.00    0.00167149
       3640.00    0.00142911
       3650.00    0.00171399
       3660.00    0.00209800
       3670.00    0.00196618
       3680.00    0.00199344
       3690.00    0.00193114
       3700.00    0.00226524
       3710.00    0.00242084
       3720.00    0.00237286
       3730.00    0.00240326
       3740.00    0.00244954
       3750.00    0.00277895
       3760.00    0.00276928
       3770.00    0.00332568
       3780.00    0.00319899
       3790.00    0.00307862
       3800.00    0.00314607
       3810.00    0.00328402
       3820.00    0.00209201
       3830.00    0.00343357
       3840.00    0.00404506
       3850.00    0.00369509
       3860.00    0.00291844
       3870.00    0.00273707
       3880.00    0.00276867
       3890.00    0.00396553
       3900.00    0.00415203
       3910.00    0.00368003
       3920.00    0.00347717
       3930.00    0.00223189
       3940.00    0.00226429
       3950.00    0.00325983
       3960.00    0.00265430
       3970.00    0.00271885
       3980.00    0.00354748
       3990.00    0.00424309
       4000.00    0.00475739
       4010.00    0.00507465
       4020.00    0.00482752
       4030.00    0.00510050
       4040.00    0.00466044
       4050.00    0.00480234
       4060.00    0.00491927
       4070.00    0.00492719
       4080.00    0.00494557
       4090.00    0.00474804
       4100.00    0.00711723
       4110.00    0.00752737
       4120.00    0.00455538
       4130.00    0.00408369
       4140.00    0.00407072
       4150.00    0.00439648
       4160.00    0.00502866
       4170.00    0.00426545
       4180.00    0.00324961
       4190.00    0.00334923
       4200.00    0.00453697
       4210.00    0.00414350
       4220.00    0.00224809
       4230.00    0.00131588
       4240.00    0.00216371
       4250.00    0.00304687
       4260.00    0.00275103
       4270.00    0.00271950
       4280.00    0.00214649
       4290.00    0.00244014
       4300.00    0.00302738
       4310.00    0.00266941
       4320.00    0.00178540
       4330.00    0.00262244
       4340.00    0.00414872
       4350.00    0.00335114
       4360.00    0.00199408
       4370.00    0.00266119
       4380.00    0.00264142
       4390.00    0.00295848
       4400.00    0.00247944
       4410.00    0.00263803
       4420.00    0.00232377
       4430.00    0.00146057
       4440.00    0.00147658
       4450.00    0.00183628
       4460.00    0.00186291
       4470.00    0.00140532
       4480.00    0.00138401
       4490.00    0.00184378
       4500.00    0.00165971
       4510.00    0.00161613
       4520.00    0.00180974
       4530.00    0.00178966
       4540.00    0.00235957
       4550.00    0.00197580
       4560.00    0.00211242
       4570.00    0.00278758
       4580.00    0.00249707
       4590.00    0.00106798
       4600.00   0.000710281
       4610.00    0.00132546
       4620.00    0.00148212
       4630.00    0.00114945
       4640.00    0.00100383
       4650.00    0.00133525
       4660.00    0.00171859
       4670.00    0.00166903
       4680.00    0.00159496
       4690.00    0.00188849
       4700.00    0.00215525
       4710.00    0.00225803
       4720.00    0.00264089
       4730.00    0.00259182
       4740.00    0.00287563
       4750.00    0.00302023
       4760.00    0.00217129
       4770.00   0.000791327
       4780.00   0.000875461
       4790.00    0.00114147
       4800.00    0.00154884
       4810.00    0.00127926
       4820.00   0.000944116
       4830.00    0.00126154
       4840.00    0.00180518
       4850.00    0.00173961
       4860.00    0.00215659
       4870.00    0.00215216
       4880.00    0.00267635
       4890.00    0.00316071
       4900.00    0.00345509
       4910.00    0.00410869
       4920.00    0.00517593
       4930.00    0.00594333
       4940.00    0.00756983
       4950.00    0.00710872
       4960.00    0.00275931
       4970.00   0.000552822
       4980.00   0.000915504
       4990.00    0.00150446
       5000.00    0.00128035
       5010.00    0.00116661
       5020.00    0.00156205
       5030.00    0.00203941
       5040.00    0.00261434
       5050.00    0.00298675
       5060.00    0.00356347
       5070.00    0.00433568
       5080.00    0.00505424
       5090.00    0.00554184
       5100.00    0.00606702
       5110.00    0.00681990
       5120.00    0.00771462
       5130.00    0.00930499
       5140.00    0.00972038
       5150.00     0.0102673
       5160.00     0.0114681
       5170.00    0.00665455
       5180.00    0.00124413
       5190.00    0.00155795
       5200.00    0.00228999
       5210.00    0.00246242
       5220.00    0.00342059
       5230.00    0.00391956
       5240.00    0.00387528
       5250.00    0.00397809
       5260.00    0.00491224
       5270.00    0.00498423
       5280.00    0.00527425
       5290.00    0.00566280
       5300.00    0.00716156
       5310.00    0.00705124
       5320.00    0.00635980
       5330.00    0.00631410
       5340.00    0.00711514
       5350.00    0.00812142
       5360.00    0.00788083
       5370.00    0.00709693
       5380.00    0.00747720
       5390.00    0.00844275
       5400.00     0.0100062
       5410.00    0.00946496
       5420.00    0.00971629
       5430.00     0.0110399
       5440.00     0.0123035
       5450.00    0.00930114
       5460.00    0.00496539
       5470.00    0.00487327
       5480.00    0.00527646
       5490.00    0.00608638
       5500.00    0.00577848
       5510.00    0.00453227
       5520.00    0.00628385
       5530.00    0.00718914
       5540.00    0.00781969
       5550.00    0.00897914
       5560.00    0.00902464
       5570.00    0.00808529
       5580.00    0.00654572
       5590.00    0.00572454
       5600.00    0.00489405
       5610.00    0.00464855
       5620.00    0.00433301
       5630.00    0.00395313
       5640.00    0.00450150
       5650.00    0.00472788
       5660.00    0.00581272
       5670.00    0.00656047
       5680.00    0.00621396
       5690.00    0.00703669
       5700.00    0.00866015
       5710.00    0.00951549
       5720.00    0.00967115
       5730.00     0.0102077
       5740.00    0.00939111
       5760.00    0.00880056
       5780.00     0.0105271
       5800.00     0.0125151
       5820.00     0.0128255
       5840.00     0.0103162
       5860.00    0.00617957
       5880.00    0.00355915
       5900.00    0.00305032
       5920.00    0.00359301
       5940.00    0.00481518
       5960.00    0.00603131
       5980.00    0.00753811
       6000.00    0.00906986
       6020.00     0.0109900
       6040.00     0.0122022
       6060.00     0.0139580
       6080.00     0.0150538
       6100.00     0.0154961
       6120.00     0.0182181
       6140.00     0.0184030
       6160.00     0.0120897
       6180.00    0.00658277
       6200.00    0.00636387
       6220.00    0.00657144
       6240.00    0.00709355
       6260.00    0.00872053
       6280.00     0.0107875
       6300.00     0.0125216
       6320.00     0.0148482
       6340.00     0.0176671
       6360.00     0.0175441
       6380.00     0.0184831
       6400.00     0.0243440
       6420.00     0.0255897
       6440.00     0.0280054
       6460.00     0.0339614
       6480.00     0.0372885
       6500.00     0.0381560
       6520.00     0.0454982
       6540.00     0.0504434
       6560.00     0.0500349
       6580.00     0.0443996
       6600.00     0.0390647
       6620.00     0.0374061
       6640.00     0.0341894
       6660.00     0.0256712
       6680.00     0.0192182
       6700.00     0.0188795
       6720.00     0.0169295
       6740.00     0.0167584
       6760.00     0.0226609
       6780.00     0.0253433
       6800.00     0.0286589
       6820.00     0.0343677
       6840.00     0.0417785
       6860.00     0.0455106
       6880.00     0.0518681
       6900.00     0.0653924
       6920.00     0.0759158
       6940.00     0.0855142
       6960.00     0.0972122
       6980.00      0.107861
       7000.00      0.114654
       7020.00      0.116707
       7040.00      0.112602
       7060.00     0.0732572
       7080.00     0.0398055
       7100.00     0.0357403
       7120.00     0.0322155
       7140.00     0.0295687
       7160.00     0.0330290
       7180.00     0.0433451
       7200.00     0.0479143
       7220.00     0.0534672
       7240.00     0.0665828
       7260.00     0.0843419
       7280.00     0.0995903
       7300.00      0.117514
       7320.00      0.145115
       7340.00      0.164627
       7360.00      0.174310
       7380.00      0.185334
       7400.00      0.190102
       7420.00      0.194441
       7440.00      0.195531
       7460.00      0.201038
       7480.00      0.219290
       7500.00      0.239616
       7520.00      0.257839
       7540.00      0.286934
       7560.00      0.314855
       7580.00      0.310802
       7600.00      0.222086
       7620.00      0.154023
       7640.00      0.157658
       7660.00      0.145834
       7680.00      0.132957
       7700.00      0.134170
       7720.00      0.148087
       7740.00      0.162375
       7760.00      0.163392
       7780.00      0.173712
       7800.00      0.191011
       7820.00      0.208166
       7840.00      0.205668
       7860.00      0.188571
       7880.00      0.187821
       7900.00      0.189732
       7920.00      0.185953
       7940.00      0.195630
       7960.00      0.204828
       7980.00      0.209362
       8000.00      0.225818
       8020.00      0.259930
       8040.00      0.302186
       8060.00      0.363531
       8080.00      0.425050
       8100.00      0.502400
       8120.00      0.609500
       8140.00      0.741711
       8160.00      0.810784
       8180.00      0.876900
       8200.00      0.725310
       8220.00      0.583840
       8240.00      0.603744
       8260.00      0.586720
       8280.00      0.552699
       8300.00      0.493804
       8320.00      0.488240
       8340.00      0.493953
       8360.00      0.511788
       8380.00      0.523605
       8400.00      0.511136
       8420.00      0.516538
       8440.00      0.404280
       8460.00      0.280650
       8480.00      0.269579
       8500.00      0.303527
       8520.00      0.308800
       8540.00      0.336225
       8560.00      0.361720
       8580.00      0.382451
       8600.00      0.416190
       8620.00      0.463244
       8640.00      0.486969
       8660.00      0.511624
       8680.00      0.545988
       8700.00      0.603836
       8720.00      0.661419
       8740.00      0.729034
       8760.00      0.783132
       8780.00      0.840401
       8800.00      0.930521
       8820.00       1.00274
       8840.00       1.09790
       8860.00      0.915514
       8880.00      0.656257
       8900.00      0.679337
       8920.00      0.765723
       8940.00      0.802833
       8960.00      0.781433
       8980.00      0.884193
       9000.00      0.999351
       9020.00       1.04274
       9040.00       1.17031
       9060.00       1.25238
       9080.00       1.31097
       9100.00       1.37637
       9120.00       1.44477
       9140.00       1.48708
       9160.00       1.50582
       9180.00       1.61970
       9200.00       1.60500
       9220.00       1.34451
       9240.00       1.11298
       9260.00       1.12261
       9280.00       1.06247
       9300.00      0.906295
       9320.00      0.832167
       9340.00      0.792766
       9360.00      0.724233
       9380.00      0.800806
       9400.00      0.914887
       9420.00      0.909305
       9440.00      0.871974
       9460.00      0.974763
       9480.00       1.02017
       9500.00       1.13349
       9520.00       1.20222
       9540.00       1.29537
       9560.00       1.35452
       9580.00       1.35527
       9600.00       1.40288
       9620.00       1.51221
       9640.00       1.53397
       9660.00       1.52547
       9680.00       1.63298
       9700.00       1.67335
       9720.00       1.66638
       9740.00       1.46279
       9760.00       1.49930
       9780.00       1.56064
       9800.00       1.66065
       9820.00       1.61057
       9840.00       1.59293
       9860.00       1.65619
       9880.00       1.83933
       9900.00       1.81873
       9920.00       1.77792
       9940.00       1.86056
       9960.00       2.04698
       9980.00       2.12703
       10000.0       2.08507
       10020.0       2.00479
       10040.0       1.96494
       10060.0       1.99937
       10080.0       2.11230
       10100.0       2.17685
       10120.0       2.20430
       10140.0       2.09811
       10160.0       2.02524
       10180.0       2.08356
       10200.0       2.09922
       10220.0       2.14919
       10240.0       2.17805
       10260.0       2.17548
       10280.0       2.20251
       10300.0       2.22819
       10320.0       2.30317
       10340.0       2.33436
       10360.0       2.37204
       10380.0       2.41989
       10400.0       2.45232
       10420.0       2.49984
       10440.0       2.53363
       10460.0       2.46816
       10480.0       2.24348
       10500.0       2.17636
       10520.0       2.10501
       10540.0       1.99288
       10560.0       1.99276
       10580.0       1.96347
       10600.0       1.98443
       10620.0       2.03718
