       3160.00      0.130304
       3170.00      0.133470
       3180.00      0.130111
       3190.00      0.131745
       3200.00      0.133129
       3210.00      0.123023
       3220.00      0.112076
       3230.00      0.115619
       3240.00      0.135151
       3250.00      0.162531
       3260.00      0.177192
       3270.00      0.172713
       3280.00      0.184498
       3290.00      0.201776
       3300.00      0.192319
       3310.00      0.180511
       3320.00      0.182321
       3330.00      0.182072
       3340.00      0.183569
       3350.00      0.175862
       3360.00      0.157780
       3370.00      0.164769
       3380.00      0.188923
       3390.00      0.206515
       3400.00      0.206719
       3410.00      0.207640
       3420.00      0.203471
       3430.00      0.182036
       3440.00      0.178834
       3450.00      0.194262
       3460.00      0.197996
       3470.00      0.192568
       3480.00      0.199501
       3490.00      0.220861
       3500.00      0.238401
       3510.00      0.232482
       3520.00      0.223986
       3530.00      0.246576
       3540.00      0.251291
       3550.00      0.217560
       3560.00      0.182577
       3570.00      0.161140
       3580.00      0.185410
       3590.00      0.238613
       3600.00      0.243484
       3610.00      0.240475
       3620.00      0.266268
       3630.00      0.277355
       3640.00      0.296169
       3650.00      0.338811
       3660.00      0.352749
       3670.00      0.332998
       3680.00      0.330636
       3690.00      0.337007
       3700.00      0.310625
       3710.00      0.275298
       3720.00      0.243869
       3730.00      0.210964
       3740.00      0.214293
       3750.00      0.255812
       3760.00      0.307910
       3770.00      0.330466
       3780.00      0.304254
       3790.00      0.275957
       3800.00      0.263939
       3810.00      0.212769
       3820.00      0.165638
       3830.00      0.169226
       3840.00      0.190854
       3850.00      0.188408
       3860.00      0.192465
       3870.00      0.228081
       3880.00      0.284959
       3890.00      0.343120
       3900.00      0.366209
       3910.00      0.319809
       3920.00      0.238268
       3930.00      0.241366
       3940.00      0.326125
       3950.00      0.328791
       3960.00      0.290424
       3970.00      0.396036
       3980.00      0.537887
       3990.00      0.602214
       4000.00      0.633847
       4010.00      0.651182
       4020.00      0.638126
       4030.00      0.623234
       4040.00      0.610123
       4050.00      0.609940
       4060.00      0.634104
       4070.00      0.690153
       4080.00      0.723204
       4090.00      0.696894
       4100.00      0.677254
       4110.00      0.664980
       4120.00      0.634726
       4130.00      0.621501
       4140.00      0.630179
       4150.00      0.650447
       4160.00      0.646857
       4170.00      0.635017
       4180.00      0.643213
       4190.00      0.659233
       4200.00      0.698710
       4210.00      0.709244
       4220.00      0.695217
       4230.00      0.711687
       4240.00      0.721755
       4250.00      0.710862
       4260.00      0.701459
       4270.00      0.704841
       4280.00      0.670791
       4290.00      0.588856
       4300.00      0.618135
       4310.00      0.789142
       4320.00      0.875997
       4330.00      0.859995
       4340.00      0.876904
       4350.00      0.886865
       4360.00      0.858119
       4370.00      0.793737
       4380.00      0.780379
       4390.00      0.821537
       4400.00      0.862160
       4410.00      0.890262
       4420.00      0.902809
       4430.00      0.931212
       4440.00      0.944819
       4450.00      0.921517
       4460.00      0.953295
       4470.00       1.02350
       4480.00       1.04516
       4490.00       1.07355
       4500.00       1.10453
       4510.00       1.06709
       4520.00       1.01845
       4530.00       1.03464
       4540.00       1.06966
       4550.00       1.10250
       4560.00       1.10613
       4570.00       1.08476
       4580.00       1.07671
       4590.00       1.09323
       4600.00       1.14198
       4610.00       1.17724
       4620.00       1.17568
       4630.00       1.14567
       4640.00       1.12009
       4650.00       1.11784
       4660.00       1.10689
       4670.00       1.11880
       4680.00       1.12852
       4690.00       1.11746
       4700.00       1.13595
       4710.00       1.17160
       4720.00       1.17659
       4730.00       1.18868
       4740.00       1.20411
       4750.00       1.19980
       4760.00       1.21901
       4770.00       1.24425
       4780.00       1.25912
       4790.00       1.27584
       4800.00       1.28723
       4810.00       1.29937
       4820.00       1.30415
       4830.00       1.30731
       4840.00       1.26282
       4850.00       1.17222
       4860.00       1.15404
       4870.00       1.17905
       4880.00       1.20411
       4890.00       1.23847
       4900.00       1.22187
       4910.00       1.18833
       4920.00       1.22173
       4930.00       1.25857
       4940.00       1.27665
       4950.00       1.27748
       4960.00       1.25328
       4970.00       1.23750
       4980.00       1.23347
       4990.00       1.21764
       5000.00       1.18962
       5010.00       1.20590
       5020.00       1.22945
       5030.00       1.22807
       5040.00       1.24919
       5050.00       1.25522
       5060.00       1.20837
       5070.00       1.18815
       5080.00       1.20965
       5090.00       1.19523
       5100.00       1.18657
       5110.00       1.19999
       5120.00       1.18134
       5130.00       1.15514
       5140.00       1.15841
       5150.00       1.13042
       5160.00       1.05012
       5170.00       1.06765
       5180.00       1.15686
       5190.00       1.19921
       5200.00       1.20044
       5210.00       1.20549
       5220.00       1.22359
       5230.00       1.26124
       5240.00       1.28077
       5250.00       1.22345
       5260.00       1.17830
       5270.00       1.24527
       5280.00       1.33506
       5290.00       1.34152
       5300.00       1.36501
       5310.00       1.34671
       5320.00       1.29420
       5330.00       1.31779
       5340.00       1.36956
       5350.00       1.38204
       5360.00       1.36931
       5370.00       1.36719
       5380.00       1.34471
       5390.00       1.30028
       5400.00       1.30908
       5410.00       1.36530
       5420.00       1.40335
       5430.00       1.41248
       5440.00       1.42115
       5450.00       1.41573
       5460.00       1.39307
       5470.00       1.37652
       5480.00       1.38910
       5490.00       1.40681
       5500.00       1.40565
       5510.00       1.40309
       5520.00       1.41721
       5530.00       1.43820
       5540.00       1.45912
       5550.00       1.45373
       5560.00       1.44973
       5570.00       1.44851
       5580.00       1.44454
       5590.00       1.45703
       5600.00       1.48316
       5610.00       1.43272
       5620.00       1.48334
       5630.00       1.44532
       5640.00       1.48487
       5650.00       1.44563
       5660.00       1.49181
       5670.00       1.46215
       5680.00       1.52028
       5690.00       1.46105
       5700.00       1.45580
       5710.00       1.49082
       5720.00       1.53778
       5730.00       1.51771
       5740.00       1.51373
       5760.00       1.50980
       5780.00       1.51784
       5800.00       1.55091
       5820.00       1.56796
       5840.00       1.55341
       5860.00       1.50365
       5880.00       1.46075
       5900.00       1.50385
       5920.00       1.55442
       5940.00       1.55435
       5960.00       1.54656
       5980.00       1.54651
       6000.00       1.55540
       6020.00       1.58588
       6040.00       1.60726
       6060.00       1.60702
       6080.00       1.61559
       6100.00       1.61783
       6120.00       1.58625
       6140.00       1.55114
       6160.00       1.55730
       6180.00       1.57953
       6200.00       1.58803
       6220.00       1.56937
       6240.00       1.54961
       6260.00       1.56179
       6280.00       1.58488
       6300.00       1.58350
       6320.00       1.57485
       6340.00       1.59405
       6360.00       1.61795
       6380.00       1.62609
       6400.00       1.63418
       6420.00       1.64102
       6440.00       1.65021
       6460.00       1.64510
       6480.00       1.63765
       6500.00       1.64794
       6520.00       1.62643
       6540.00       1.57342
       6560.00       1.56629
       6580.00       1.59530
       6600.00       1.61833
       6620.00       1.63196
       6640.00       1.65012
       6660.00       1.66242
       6680.00       1.65630
       6700.00       1.66393
       6720.00       1.67836
       6740.00       1.70067
       6760.00       1.71944
       6780.00       1.73923
       6800.00       1.77693
       6820.00       1.80879
       6840.00       1.77774
       6860.00       1.71113
       6880.00       1.73622
       6900.00       1.76783
       6920.00       1.72840
       6940.00       1.72121
       6960.00       1.70856
       6980.00       1.66524
       7000.00       1.65939
       7020.00       1.67977
       7040.00       1.66520
       7060.00       1.65180
       7080.00       1.66445
       7100.00       1.66084
       7120.00       1.64326
       7140.00       1.58715
       7160.00       1.50031
       7180.00       1.51108
       7200.00       1.60265
       7220.00       1.58336
       7240.00       1.54618
       7260.00       1.56091
       7280.00       1.58925
       7300.00       1.64473
       7320.00       1.66849
       7340.00       1.64725
       7360.00       1.63756
       7380.00       1.62897
       7400.00       1.61422
       7420.00       1.62639
       7440.00       1.64570
       7460.00       1.64026
       7480.00       1.63076
       7500.00       1.66114
       7520.00       1.71073
       7540.00       1.72346
       7560.00       1.53039
       7580.00       1.19581
       7600.00       1.21585
       7620.00       1.55555
       7640.00       1.75305
       7660.00       1.78249
       7680.00       1.70801
       7700.00       1.64287
       7720.00       1.66541
       7740.00       1.65418
       7760.00       1.61733
       7780.00       1.62499
       7800.00       1.63654
       7820.00       0.00000
       7840.00       0.00000
       7860.00       0.00000
       7880.00       0.00000
       7900.00       0.00000
       7920.00       0.00000
       7940.00       0.00000
       7960.00       0.00000
       7980.00       0.00000
       8000.00       0.00000
       8020.00       0.00000
       8040.00       0.00000
       8060.00       0.00000
       8080.00       0.00000
       8100.00       0.00000
       8120.00       0.00000
       8140.00       1.56348
       8160.00       1.55871
       8180.00       1.61297
       8200.00       1.62399
       8220.00       1.62097
       8240.00       1.65981
       8260.00       1.65208
       8280.00       1.61940
       8300.00       1.60442
       8320.00       1.56926
       8340.00       1.55447
       8360.00       1.54617
       8380.00       1.55528
       8400.00       1.56070
       8420.00       1.56518
       8440.00       1.57963
       8460.00       1.56140
       8480.00       1.53242
       8500.00       1.51349
       8520.00       1.49105
       8540.00       1.53332
       8560.00       1.58165
       8580.00       1.58600
       8600.00       1.59211
       8620.00       1.56975
       8640.00       1.53419
       8660.00       1.53242
       8680.00       1.56596
       8700.00       1.58526
       8720.00       1.57723
       8740.00       1.57450
       8760.00       1.56915
       8780.00       1.54638
       8800.00       1.55070
       8820.00       1.54806
       8840.00       1.52808
       8860.00       1.54366
       8880.00       1.57038
       8900.00       1.58579
       8920.00       1.57451
       8940.00       1.51356
       8960.00       1.44092
       8980.00       1.41808
       9000.00       1.49241
       9020.00       1.60802
       9040.00       1.58751
       9060.00       1.49013
       9080.00       1.52145
       9100.00       1.54589
       9120.00       1.46101
       9140.00       1.40583
       9160.00       1.44124
       9180.00       1.52407
       9200.00       1.55407
       9220.00       1.56566
       9240.00       1.56393
       9260.00       1.53407
       9280.00       1.47793
       9300.00       1.26301
       9320.00       1.09752
       9340.00       1.16654
       9360.00       1.38016
       9380.00       1.55121
       9400.00       1.46965
       9420.00       1.32501
       9440.00       1.40986
       9460.00       1.52918
       9480.00       1.47665
       9500.00       1.42676
       9520.00       1.43664
       9540.00       1.42399
       9560.00       1.42903
       9580.00       1.43164
       9600.00       1.43425
       9620.00       1.41454
       9640.00       1.42273
       9660.00       1.52131
       9680.00       1.57120
       9700.00       1.51741
       9720.00       1.45517
       9740.00       1.43645
       9760.00       1.43900
       9780.00       1.45329
       9800.00       1.44954
       9820.00       1.44737
       9840.00       1.44365
       9860.00       1.42285
       9880.00       1.42230
       9900.00       1.42252
       9920.00       1.41038
       9940.00       1.40909
       9960.00       1.41779
       9980.00       1.43799
       10000.0       1.45043
       10020.0       1.43454
       10040.0       1.43397
       10060.0       1.44178
       10080.0       1.42144
       10100.0       1.39814
       10120.0       1.39386
       10140.0       1.39036
       10160.0       1.38008
       10180.0       1.38414
       10200.0       1.38293
       10220.0       1.37948
       10240.0       1.37903
       10260.0       1.36812
       10280.0       1.35652
       10300.0       1.35091
       10320.0       1.34829
       10340.0       1.34642
       10360.0       1.34530
       10380.0       1.34493
       10400.0       1.36444
       10420.0       1.37947
       10440.0       1.38050
       10460.0       1.37639
       10480.0       1.38693
       10500.0       1.41420
       10520.0       1.42681
       10540.0       1.41174
       10560.0       1.40254
       10580.0       1.40641
       10600.0       1.38785
       10620.0       1.37369
