       3160.00       14.4981
       3170.00       15.0437
       3180.00       14.6404
       3190.00       14.6490
       3200.00       14.6575
       3210.00       15.3832
       3220.00       14.7372
       3230.00       15.1716
       3240.00       15.6758
       3250.00       15.1505
       3260.00       15.4067
       3270.00       15.4027
       3280.00       14.2986
       3290.00       14.0252
       3300.00       14.1308
       3310.00       14.4216
       3320.00       14.0442
       3330.00       14.1234
       3340.00       14.0811
       3350.00       14.1232
       3360.00       14.1091
       3370.00       13.9265
       3380.00       14.2064
       3390.00       13.8734
       3400.00       13.8741
       3410.00       13.8058
       3420.00       14.2738
       3430.00       13.6801
       3440.00       13.8493
       3450.00       13.5736
       3460.00       13.6742
       3470.00       13.5075
       3480.00       13.7306
       3490.00       13.4894
       3500.00       13.5448
       3510.00       13.4259
       3520.00       13.3063
       3530.00       13.2287
       3540.00       13.4448
       3550.00       13.4334
       3560.00       13.3561
       3570.00       13.5687
       3580.00       13.3471
       3590.00       12.8806
       3600.00       12.8684
       3610.00       12.6414
       3620.00       12.8492
       3630.00       12.5264
       3640.00       12.4753
       3650.00       12.4617
       3660.00       12.3390
       3670.00       12.3746
       3680.00       12.3728
       3690.00       12.4195
       3700.00       12.6450
       3710.00       13.1960
       3720.00       14.1078
       3730.00       14.8006
       3740.00       15.4519
       3750.00       15.8993
       3760.00       16.2819
       3770.00       16.1016
       3780.00       17.1280
       3790.00       17.1820
       3800.00       16.4814
       3810.00       17.6097
       3820.00       17.8342
       3830.00       16.6100
       3840.00       16.2608
       3850.00       17.8051
       3860.00       18.1484
       3870.00       17.6888
       3880.00       16.4807
       3890.00       15.4117
       3900.00       16.9262
       3910.00       17.8563
       3920.00       17.4991
       3930.00       16.9644
       3940.00       17.4460
       3950.00       17.5446
       3960.00       16.1003
       3970.00       15.0064
       3980.00       16.2201
       3990.00       17.6749
       4000.00       17.9478
       4010.00       17.5750
       4020.00       17.4027
       4030.00       17.2430
       4040.00       18.0027
       4050.00       18.0047
       4060.00       18.1224
       4070.00       17.5468
       4080.00       17.4923
       4090.00       16.3697
       4100.00       15.0807
       4110.00       15.8899
       4120.00       16.8549
       4130.00       17.1212
       4140.00       16.7167
       4150.00       16.9708
       4160.00       16.9074
       4170.00       16.8894
       4180.00       16.8153
       4190.00       16.8536
       4200.00       16.8247
       4210.00       16.9410
       4220.00       17.0010
       4230.00       16.6276
       4240.00       16.4333
       4250.00       16.4278
       4260.00       16.3120
       4270.00       16.0757
       4280.00       15.9943
       4290.00       16.1432
       4300.00       15.8106
       4310.00       15.6540
       4320.00       15.4329
       4330.00       14.1060
       4340.00       13.0667
       4350.00       14.3220
       4360.00       15.5392
       4370.00       15.5896
       4380.00       15.2537
       4390.00       15.0156
       4400.00       14.8747
       4410.00       14.7344
       4420.00       14.4141
       4430.00       14.1800
       4440.00       14.3174
       4450.00       14.4858
       4460.00       14.1057
       4470.00       13.6327
       4480.00       13.4974
       4490.00       13.7812
       4500.00       13.9490
       4510.00       13.8660
       4520.00       13.7625
       4530.00       13.7322
       4540.00       13.9296
       4550.00       13.7957
       4560.00       13.5388
       4570.00       13.3961
       4580.00       13.5002
       4590.00       13.2149
       4600.00       13.2781
       4610.00       13.2900
       4620.00       13.0985
       4630.00       13.0297
       4640.00       12.9307
       4650.00       12.9534
       4660.00       13.0063
       4670.00       12.7973
       4680.00       13.0109
       4690.00       13.0132
       4700.00       12.9156
       4710.00       12.6088
       4720.00       12.5722
       4730.00       12.7443
       4740.00       12.7372
       4750.00       12.6411
       4760.00       12.5356
       4770.00       12.4108
       4780.00       12.3849
       4790.00       12.2511
       4800.00       12.1767
       4810.00       12.0830
       4820.00       11.9117
       4830.00       11.9454
       4840.00       11.7751
       4850.00       10.7046
       4860.00       10.0735
       4870.00       10.6510
       4880.00       11.3127
       4890.00       11.5298
       4900.00       11.4967
       4910.00       11.2436
       4920.00       11.1443
       4930.00       11.2170
       4940.00       11.2229
       4950.00       11.1907
       4960.00       10.9692
       4970.00       10.7864
       4980.00       10.7931
       4990.00       10.8279
       5000.00       10.7029
       5010.00       10.6534
       5020.00       10.3889
       5030.00       10.5083
       5040.00       10.2544
       5050.00       10.2899
       5060.00       10.2139
       5070.00       10.1567
       5080.00       10.2292
       5090.00       9.99677
       5100.00       10.0509
       5110.00       9.91167
       5120.00       10.0575
       5130.00       10.0470
       5140.00       10.0641
       5150.00       9.95328
       5160.00       9.92489
       5170.00       9.93296
       5180.00       9.98634
       5190.00       9.89468
       5200.00       9.82144
       5210.00       9.71241
       5220.00       9.68480
       5230.00       9.62136
       5240.00       9.52231
       5250.00       9.55786
       5260.00       9.42357
       5270.00       9.34328
       5280.00       9.34338
       5290.00       9.37013
       5300.00       9.13969
       5310.00       9.08709
       5320.00       9.07884
       5330.00       9.05299
       5340.00       9.04484
       5350.00       8.94011
       5360.00       8.91466
       5370.00       8.94181
       5380.00       8.90772
       5390.00       8.87376
       5400.00       8.77032
       5410.00       8.84096
       5420.00       8.72929
       5430.00       8.77378
       5440.00       8.58838
       5450.00       8.50193
       5460.00       8.60511
       5470.00       8.56532
       5480.00       8.53683
       5490.00       8.45025
       5500.00       8.47504
       5510.00       8.39315
       5520.00       8.53711
       5530.00       8.43416
       5540.00       8.39943
       5550.00       8.37837
       5560.00       8.34133
       5570.00       8.30273
       5580.00       8.33332
       5590.00       8.32766
       5600.00       8.23644
       5610.00       8.16983
       5620.00       8.11015
       5630.00       8.17336
       5640.00       8.12804
       5650.00       8.08289
       5660.00       8.03790
       5670.00       7.99389
       5680.00       7.95004
       5690.00       7.90634
       5700.00       7.86279
       5710.00       7.82022
       5720.00       7.77698
       5730.00       7.73471
       5740.00       7.69259
       5760.00       7.64467
       5780.00       7.63935
       5800.00       7.64784
       5820.00       7.53114
       5840.00       7.50777
       5860.00       7.27929
       5880.00       7.18502
       5900.00       7.26020
       5920.00       7.23171
       5940.00       7.11007
       5960.00       7.01763
       5980.00       7.00594
       6000.00       6.90350
       6020.00       6.85559
       6040.00       6.82511
       6060.00       6.75219
       6080.00       6.70370
       6100.00       6.74796
       6120.00       6.66526
       6140.00       6.58616
       6160.00       6.46333
       6180.00       6.44698
       6200.00       6.35419
       6220.00       6.43951
       6240.00       6.40984
       6260.00       6.23324
       6280.00       6.15055
       6300.00       6.14668
       6320.00       6.12054
       6340.00       6.02565
       6360.00       6.01039
       6380.00       5.94884
       6400.00       5.87372
       6420.00       5.83639
       6440.00       5.78033
       6460.00       5.64534
       6480.00       5.61921
       6500.00       5.70890
       6520.00       5.62221
       6540.00       5.41967
       6560.00       5.25847
       6580.00       5.50882
       6600.00       5.62952
       6620.00       5.52167
       6640.00       5.36494
       6660.00       5.25641
       6680.00       5.30116
       6700.00       5.19137
       6720.00       5.16613
       6740.00       5.10200
       6760.00       4.98960
       6780.00       4.95271
       6800.00       4.94505
       6820.00       4.89266
       6840.00       4.92369
       6860.00       4.88399
       6880.00       4.78238
       6900.00       4.85909
       6920.00       4.86473
       6940.00       4.79723
       6960.00       4.91508
       6980.00       4.80003
       7000.00       4.76551
       7020.00       4.73252
       7040.00       4.65234
       7060.00       4.55730
       7080.00       4.60747
       7100.00       4.58258
       7120.00       4.49118
       7140.00       4.36016
       7160.00       4.36963
       7180.00       4.39280
       7200.00       4.34405
       7220.00       4.26759
       7240.00       4.21297
       7260.00       4.14830
       7280.00       4.16530
       7300.00       4.19122
       7320.00       4.20673
       7340.00       4.12037
       7360.00       4.07406
       7380.00       4.02801
       7400.00       4.00379
       7420.00       3.97780
       7440.00       3.95574
       7460.00       3.90735
       7480.00       3.97039
       7500.00       3.84015
       7520.00       3.88867
       7540.00       3.90078
       7560.00       3.85255
       7580.00       3.51759
       7600.00       3.03293
       7620.00       3.77166
       7640.00       3.72612
       7660.00       3.63052
       7680.00       3.35800
       7700.00       3.41762
       7720.00       3.50310
       7740.00       3.56568
       7760.00       3.45053
       7780.00       3.46884
       7800.00       3.51415
       7820.00       3.47933
       7840.00       3.42910
       7860.00       3.37734
       7880.00       3.31630
       7900.00       3.30969
       7920.00       3.33218
       7940.00       3.27289
       7960.00       3.34022
       7980.00       3.32067
       8000.00       3.25951
       8020.00       3.27891
       8040.00       3.29179
       8060.00       3.28246
       8080.00       3.15804
       8100.00       3.18968
       8120.00       3.16794
       8140.00       3.16420
       8160.00       3.01250
       8180.00       3.09071
       8200.00       3.17027
       8220.00       3.11625
       8240.00       3.07733
       8260.00       3.17795
       8280.00       3.00345
       8300.00       3.06641
       8320.00       2.93762
       8340.00       2.80044
       8360.00       2.99101
       8380.00       3.02536
       8400.00       2.97509
       8420.00       2.95574
       8440.00       2.93093
       8460.00       2.88568
       8480.00       2.92652
       8500.00       2.89034
       8520.00       2.91829
       8540.00       2.89165
       8560.00       2.89588
       8580.00       2.76482
       8600.00       2.68136
       8620.00       2.82612
       8640.00       2.90115
       8660.00       2.76532
       8680.00       3.01173
       8700.00       2.88006
       8720.00       2.76623
       8740.00       2.70937
       8760.00       2.83566
       8780.00       2.87201
       8800.00       2.84573
       8820.00       2.87763
       8840.00       2.72177
       8860.00       2.58305
       8880.00       2.76506
       8900.00       2.72031
       8920.00       2.78111
       8940.00       2.71235
       8960.00       2.60037
       8980.00       2.56842
       9000.00       2.40505
       9020.00       2.64193
       9040.00       2.49992
       9060.00       2.64634
       9080.00       2.71451
       9100.00       2.67292
       9120.00       2.66190
       9140.00       2.73576
       9160.00       2.75646
       9180.00       2.66958
       9200.00       2.52385
       9220.00       2.37824
       9240.00       2.36343
       9260.00       2.39689
       9280.00       2.33957
       9300.00       2.28958
       9320.00       2.17326
       9340.00       2.35875
       9360.00       2.37881
       9380.00       2.44537
       9400.00       2.42017
       9420.00       2.13073
       9440.00       2.19590
       9460.00       2.32237
       9480.00       2.29418
       9500.00       2.18351
       9520.00       2.33192
       9540.00       2.12954
       9560.00       2.20176
       9580.00       2.34527
       9600.00       2.35898
       9620.00       2.24223
       9640.00       2.28535
       9660.00       2.34628
       9680.00       2.27348
       9700.00       2.09732
       9720.00       2.27669
       9740.00       2.17120
       9760.00       2.25388
       9780.00       2.26368
       9800.00       2.14592
       9820.00       2.08365
       9840.00       2.27709
       9860.00       2.05805
       9880.00       2.14090
       9900.00       2.15129
       9920.00       2.15074
       9940.00       2.11853
       9960.00       2.04823
       9980.00       2.01447
       10000.0       1.98460
       10020.0       1.83528
       10040.0       1.84145
       10060.0       1.88870
       10080.0       1.92969
       10100.0       1.81842
       10120.0       1.96571
       10140.0       1.87611
       10160.0       1.90618
       10180.0       1.90243
       10200.0       1.86369
       10220.0       1.69684
       10240.0       1.79218
       10260.0       1.88989
       10280.0       1.77424
       10300.0       1.85427
       10320.0       1.70043
       10340.0       1.82710
       10360.0       1.80951
       10380.0       1.71957
       10400.0       1.80888
       10420.0       1.62775
       10440.0       1.65389
       10460.0       1.64084
       10480.0       1.74441
       10500.0       1.74333
       10520.0       1.68329
       10540.0       1.53299
       10560.0       1.72274
       10580.0       1.67907
       10600.0       1.66571
       10620.0       1.64444
