       3160.00     0.0829507
       3170.00     0.0931293
       3180.00     0.0879342
       3190.00     0.0901190
       3200.00     0.0918380
       3210.00     0.0922392
       3220.00     0.0845952
       3230.00     0.0869985
       3240.00     0.0906819
       3250.00      0.105806
       3260.00      0.111950
       3270.00      0.113930
       3280.00      0.108091
       3290.00      0.119174
       3300.00      0.121553
       3310.00      0.112335
       3320.00      0.116027
       3330.00      0.115896
       3340.00      0.115224
       3350.00      0.119415
       3360.00      0.108402
       3370.00      0.108081
       3380.00      0.114289
       3390.00      0.121527
       3400.00      0.121702
       3410.00      0.131103
       3420.00      0.130191
       3430.00      0.134135
       3440.00      0.129224
       3450.00      0.128744
       3460.00      0.131195
       3470.00      0.132797
       3480.00      0.133039
       3490.00      0.131829
       3500.00      0.140546
       3510.00      0.142619
       3520.00      0.139851
       3530.00      0.142426
       3540.00      0.152446
       3550.00      0.152424
       3560.00      0.143563
       3570.00      0.137081
       3580.00      0.129020
       3590.00      0.142464
       3600.00      0.158947
       3610.00      0.149389
       3620.00      0.152374
       3630.00      0.160224
       3640.00      0.163262
       3650.00      0.171634
       3660.00      0.175415
       3670.00      0.175430
       3680.00      0.169547
       3690.00      0.177714
       3700.00      0.180557
       3710.00      0.176171
       3720.00      0.185809
       3730.00      0.175517
       3740.00      0.164893
       3750.00      0.172459
       3760.00      0.205573
       3770.00      0.208577
       3780.00      0.223336
       3790.00      0.208622
       3800.00      0.209310
       3810.00      0.212653
       3820.00      0.185679
       3830.00      0.170462
       3840.00      0.176706
       3850.00      0.192406
       3860.00      0.197436
       3870.00      0.200758
       3880.00      0.197537
       3890.00      0.214510
       3900.00      0.233714
       3910.00      0.240979
       3920.00      0.225509
       3930.00      0.187937
       3940.00      0.205178
       3950.00      0.248612
       3960.00      0.213915
       3970.00      0.213012
       3980.00      0.291542
       3990.00      0.326981
       4000.00      0.337195
       4010.00      0.348622
       4020.00      0.362960
       4030.00      0.364842
       4040.00      0.357940
       4050.00      0.358843
       4060.00      0.360988
       4070.00      0.351569
       4080.00      0.361346
       4090.00      0.352857
       4100.00      0.344321
       4110.00      0.366365
       4120.00      0.374781
       4130.00      0.374575
       4140.00      0.373058
       4150.00      0.371636
       4160.00      0.381090
       4170.00      0.372196
       4180.00      0.376670
       4190.00      0.380260
       4200.00      0.384350
       4210.00      0.404314
       4220.00      0.393928
       4230.00      0.390004
       4240.00      0.401453
       4250.00      0.405190
       4260.00      0.396682
       4270.00      0.402953
       4280.00      0.391194
       4290.00      0.364567
       4300.00      0.346055
       4310.00      0.379911
       4320.00      0.412272
       4330.00      0.397202
       4340.00      0.398037
       4350.00      0.434041
       4360.00      0.445157
       4370.00      0.437931
       4380.00      0.424874
       4390.00      0.428438
       4400.00      0.431328
       4410.00      0.435599
       4420.00      0.447870
       4430.00      0.444165
       4440.00      0.451392
       4450.00      0.446883
       4460.00      0.451639
       4470.00      0.472800
       4480.00      0.483048
       4490.00      0.490350
       4500.00      0.505255
       4510.00      0.504777
       4520.00      0.485895
       4530.00      0.486419
       4540.00      0.502716
       4550.00      0.499147
       4560.00      0.509871
       4570.00      0.507964
       4580.00      0.506460
       4590.00      0.506775
       4600.00      0.510863
       4610.00      0.526074
       4620.00      0.520864
       4630.00      0.526614
       4640.00      0.516359
       4650.00      0.516259
       4660.00      0.516005
       4670.00      0.517689
       4680.00      0.528871
       4690.00      0.531445
       4700.00      0.527236
       4710.00      0.533412
       4720.00      0.539485
       4730.00      0.542551
       4740.00      0.548961
       4750.00      0.548262
       4760.00      0.539283
       4770.00      0.552636
       4780.00      0.566992
       4790.00      0.559390
       4800.00      0.561615
       4810.00      0.564057
       4820.00      0.563712
       4830.00      0.553334
       4840.00      0.542850
       4850.00      0.511452
       4860.00      0.492910
       4870.00      0.534455
       4880.00      0.554558
       4890.00      0.553794
       4900.00      0.567796
       4910.00      0.556032
       4920.00      0.558504
       4930.00      0.564341
       4940.00      0.577549
       4950.00      0.575286
       4960.00      0.580836
       4970.00      0.572098
       4980.00      0.562306
       4990.00      0.566543
       5000.00      0.558972
       5010.00      0.557784
       5020.00      0.562221
       5030.00      0.541112
       5040.00      0.545995
       5050.00      0.570197
       5060.00      0.565354
       5070.00      0.553751
       5080.00      0.566047
       5090.00      0.564722
       5100.00      0.569430
       5110.00      0.580136
       5120.00      0.571091
       5130.00      0.568779
       5140.00      0.570699
       5150.00      0.584199
       5160.00      0.554818
       5170.00      0.552065
       5180.00      0.570132
       5190.00      0.579000
       5200.00      0.583242
       5210.00      0.583164
       5220.00      0.578790
       5230.00      0.576992
       5240.00      0.588177
       5250.00      0.584508
       5260.00      0.564418
       5270.00      0.565612
       5280.00      0.599340
       5290.00      0.599848
       5300.00      0.607111
       5310.00      0.612915
       5320.00      0.593542
       5330.00      0.599079
       5340.00      0.608456
       5350.00      0.621111
       5360.00      0.616780
       5370.00      0.622771
       5380.00      0.629816
       5390.00      0.619253
       5400.00      0.606786
       5410.00      0.615025
       5420.00      0.646523
       5430.00      0.649662
       5440.00      0.647803
       5450.00      0.655043
       5460.00      0.661793
       5470.00      0.660384
       5480.00      0.658387
       5490.00      0.670035
       5500.00      0.664871
       5510.00      0.663008
       5520.00      0.675567
       5530.00      0.672383
       5540.00      0.680963
       5550.00      0.681040
       5560.00      0.682417
       5570.00      0.680542
       5580.00      0.674137
       5590.00      0.681343
       5600.00      0.683356
       5610.00      0.685361
       5620.00      0.691865
       5630.00      0.693206
       5640.00      0.697748
       5650.00      0.697794
       5660.00      0.692088
       5670.00      0.698522
       5680.00      0.708755
       5690.00      0.704331
       5700.00      0.703730
       5710.00      0.692995
       5720.00      0.708857
       5730.00      0.721507
       5740.00      0.722771
       5760.00      0.723401
       5780.00      0.723401
       5800.00      0.727766
       5820.00      0.744531
       5840.00      0.745697
       5860.00      0.740684
       5880.00      0.727707
       5900.00      0.728305
       5920.00      0.748451
       5940.00      0.757501
       5960.00      0.748890
       5980.00      0.759692
       6000.00      0.752940
       6020.00      0.757648
       6040.00      0.765919
       6060.00      0.761003
       6080.00      0.761475
       6100.00      0.778545
       6120.00      0.771273
       6140.00      0.757568
       6160.00      0.766852
       6180.00      0.769638
       6200.00      0.778823
       6220.00      0.763525
       6240.00      0.763397
       6260.00      0.759802
       6280.00      0.770053
       6300.00      0.768757
       6320.00      0.768614
       6340.00      0.770182
       6360.00      0.776860
       6380.00      0.772724
       6400.00      0.775395
       6420.00      0.766782
       6440.00      0.759908
       6460.00      0.774353
       6480.00      0.768614
       6500.00      0.775152
       6520.00      0.774993
       6540.00      0.755478
       6560.00      0.745456
       6580.00      0.773423
       6600.00      0.780396
       6620.00      0.776946
       6640.00      0.794760
       6660.00      0.792374
       6680.00      0.784587
       6700.00      0.771987
       6720.00      0.772919
       6740.00      0.771699
       6760.00      0.771021
       6780.00      0.758077
       6800.00      0.768082
       6820.00      0.767951
       6840.00      0.759888
       6860.00      0.743437
       6880.00      0.748110
       6900.00      0.767958
       6920.00      0.767829
       6940.00      0.771350
       6960.00      0.762897
       6980.00      0.750865
       7000.00      0.756987
       7020.00      0.768227
       7040.00      0.765017
       7060.00      0.781293
       7080.00      0.783173
       7100.00      0.773835
       7120.00      0.783854
       7140.00      0.774566
       7160.00      0.778969
       7180.00      0.784356
       7200.00      0.776149
       7220.00      0.776504
       7240.00      0.771361
       7260.00      0.777706
       7280.00      0.773582
       7300.00      0.783850
       7320.00      0.776767
       7340.00      0.775143
       7360.00      0.774019
       7380.00      0.779763
       7400.00      0.775701
       7420.00      0.770198
       7440.00      0.775420
       7460.00      0.777704
       7480.00      0.776592
       7500.00      0.765358
       7520.00      0.760918
       7540.00      0.766095
       7560.00      0.746844
       7580.00      0.677115
       7600.00      0.675333
       7620.00      0.895232
       7640.00      0.826135
       7660.00      0.808396
       7680.00      0.718220
       7700.00      0.734205
       7720.00      0.744484
       7740.00      0.757515
       7760.00      0.752766
       7780.00      0.761059
       7800.00      0.765599
       7820.00      0.771504
       7840.00      0.778302
       7860.00      0.768959
       7880.00      0.771597
       7900.00      0.769644
       7920.00      0.756283
       7940.00      0.766677
       7960.00      0.777474
       7980.00      0.776885
       8000.00      0.768614
       8020.00      0.773462
       8040.00      0.773787
       8060.00      0.777252
       8080.00      0.763689
       8100.00      0.755105
       8120.00      0.776409
       8140.00      0.767392
       8160.00      0.754429
       8180.00      0.757891
       8200.00      0.773686
       8220.00      0.779724
       8240.00      0.796707
       8260.00      0.786896
       8280.00      0.760532
       8300.00      0.762186
       8320.00      0.774265
       8340.00      0.757663
       8360.00      0.768830
       8380.00      0.770016
       8400.00      0.801769
       8420.00      0.786978
       8440.00      0.787256
       8460.00      0.796083
       8480.00      0.766481
       8500.00      0.758294
       8520.00      0.736986
       8540.00      0.721283
       8560.00      0.778332
       8580.00      0.775253
       8600.00      0.770506
       8620.00      0.772075
       8640.00      0.738890
       8660.00      0.746790
       8680.00      0.776323
       8700.00      0.787842
       8720.00      0.779398
       8740.00      0.749887
       8760.00      0.754368
       8780.00      0.753062
       8800.00      0.777656
       8820.00      0.757438
       8840.00      0.758589
       8860.00      0.766266
       8880.00      0.762504
       8900.00      0.746973
       8920.00      0.756651
       8940.00      0.734729
       8960.00      0.733493
       8980.00      0.757638
       9000.00      0.732644
       9020.00      0.787160
       9040.00      0.791020
       9060.00      0.741765
       9080.00      0.738538
       9100.00      0.753609
       9120.00      0.768217
       9140.00      0.745166
       9160.00      0.739985
       9180.00      0.743101
       9200.00      0.754460
       9220.00      0.731247
       9240.00      0.742973
       9260.00      0.703871
       9280.00      0.653243
       9300.00      0.642893
       9320.00      0.641126
       9340.00      0.700940
       9360.00      0.670460
       9380.00      0.738440
       9400.00      0.744179
       9420.00      0.634704
       9440.00      0.670142
       9460.00      0.725695
       9480.00      0.694022
       9500.00      0.669717
       9520.00      0.662231
       9540.00      0.700653
       9560.00      0.685944
       9580.00      0.703768
       9600.00      0.714735
       9620.00      0.710241
       9640.00      0.724902
       9660.00      0.743995
       9680.00      0.767866
       9700.00      0.727130
       9720.00      0.734564
       9740.00      0.726743
       9760.00      0.744154
       9780.00      0.750399
       9800.00      0.766214
       9820.00      0.777177
       9840.00      0.763835
       9860.00      0.738074
       9880.00      0.735482
       9900.00      0.730343
       9920.00      0.738350
       9940.00      0.736865
       9960.00      0.740469
       9980.00      0.725938
       10000.0      0.744741
       10020.0      0.734230
       10040.0      0.733488
       10060.0      0.752524
       10080.0      0.740984
       10100.0      0.745962
       10120.0      0.735195
       10140.0      0.728752
       10160.0      0.742625
       10180.0      0.734415
       10200.0      0.713472
       10220.0      0.725878
       10240.0      0.741062
       10260.0      0.722343
       10280.0      0.718475
       10300.0      0.729722
       10320.0      0.712536
       10340.0      0.719903
       10360.0      0.715720
       10380.0      0.715735
       10400.0      0.733139
       10420.0      0.700838
       10440.0      0.695684
       10460.0      0.714756
       10480.0      0.726852
       10500.0      0.722712
       10520.0      0.736122
       10540.0      0.747423
       10560.0      0.697369
       10580.0      0.722717
       10600.0      0.721695
       10620.0      0.723060
