       3160.00       3.20859
       3170.00       2.50344
       3180.00       2.24447
       3190.00       1.51609
       3200.00       1.53483
       3210.00       1.32103
       3220.00       1.11562
       3230.00      0.945558
       3240.00       1.03108
       3250.00       1.14134
       3260.00       1.03869
       3270.00       1.12848
       3280.00       1.42069
       3290.00       1.41849
       3300.00       1.52432
       3310.00       1.31860
       3320.00       1.34305
       3330.00       1.35685
       3340.00       1.36796
       3350.00       1.43064
       3360.00       1.41910
       3370.00       1.03071
       3380.00       1.32024
       3390.00       1.36995
       3400.00       1.69121
       3410.00       1.55098
       3420.00       1.68541
       3430.00       1.72634
       3440.00       1.32616
       3450.00       1.36436
       3460.00       1.59018
       3470.00       1.39929
       3480.00       1.56899
       3490.00       1.51092
       3500.00       1.78666
       3510.00       1.82588
       3520.00       1.53031
       3530.00       1.80068
       3540.00       2.13369
       3550.00       2.03023
       3560.00       1.53815
       3570.00       1.33660
       3580.00      0.974152
       3590.00       1.45959
       3600.00       1.80644
       3610.00       1.80821
       3620.00       2.10150
       3630.00       2.33156
       3640.00       2.24019
       3650.00       2.64908
       3660.00       3.19131
       3670.00       3.14882
       3680.00       2.78227
       3690.00       2.94235
       3700.00       2.83617
       3710.00       2.65381
       3720.00       2.28079
       3730.00       1.50973
       3740.00       1.39965
       3750.00       1.78823
       3760.00       2.00373
       3770.00       2.56430
       3780.00       3.02853
       3790.00       2.53509
       3800.00       2.26542
       3810.00       2.27690
       3820.00       1.52905
       3830.00       1.27735
       3840.00       1.69308
       3850.00       1.78308
       3860.00       1.72505
       3870.00       1.79102
       3880.00       1.91294
       3890.00       2.54718
       3900.00       2.93220
       3910.00       3.17807
       3920.00       2.72514
       3930.00       1.57117
       3940.00       1.72993
       3950.00       3.04592
       3960.00       2.70555
       3970.00       2.21198
       3980.00       4.08140
       3990.00       5.65330
       4000.00       6.46474
       4010.00       7.08476
       4020.00       7.49742
       4030.00       7.01058
       4040.00       6.38343
       4050.00       6.72574
       4060.00       6.82537
       4070.00       6.47375
       4080.00       7.52849
       4090.00       8.38583
       4100.00       7.81564
       4110.00       7.65208
       4120.00       7.49356
       4130.00       7.31043
       4140.00       6.80321
       4150.00       6.86681
       4160.00       7.59791
       4170.00       7.37019
       4180.00       7.30240
       4190.00       7.82290
       4200.00       7.82092
       4210.00       8.52447
       4220.00       8.04883
       4230.00       8.30655
       4240.00       10.0095
       4250.00       9.83791
       4260.00       9.94606
       4270.00       9.80820
       4280.00       9.39338
       4290.00       9.37963
       4300.00       7.99254
       4310.00       9.61177
       4320.00       11.6724
       4330.00       12.0974
       4340.00       12.9472
       4350.00       13.3633
       4360.00       13.6692
       4370.00       13.5780
       4380.00       11.7120
       4390.00       11.8963
       4400.00       12.1551
       4410.00       12.3059
       4420.00       13.4046
       4430.00       13.7333
       4440.00       14.5760
       4450.00       14.4215
       4460.00       14.0170
       4470.00       15.8071
       4480.00       16.8210
       4490.00       16.7407
       4500.00       18.0314
       4510.00       19.0684
       4520.00       17.3370
       4530.00       16.5427
       4540.00       17.3799
       4550.00       18.2134
       4560.00       19.2310
       4570.00       19.5903
       4580.00       19.5018
       4590.00       19.2157
       4600.00       19.6677
       4610.00       21.2851
       4620.00       22.0181
       4630.00       21.5931
       4640.00       19.9086
       4650.00       20.3505
       4660.00       20.6705
       4670.00       20.6861
       4680.00       20.9966
       4690.00       20.7357
       4700.00       20.5429
       4710.00       20.9593
       4720.00       22.0920
       4730.00       21.7240
       4740.00       22.1463
       4750.00       22.4417
       4760.00       21.9688
       4770.00       22.5821
       4780.00       22.9917
       4790.00       22.6884
       4800.00       23.6349
       4810.00       24.3268
       4820.00       24.3633
       4830.00       23.7304
       4840.00       23.7319
       4850.00       23.1354
       4860.00       22.5126
       4870.00       21.9892
       4880.00       22.6101
       4890.00       23.3035
       4900.00       24.8106
       4910.00       24.0519
       4920.00       23.3177
       4930.00       23.6141
       4940.00       24.9599
       4950.00       25.8448
       4960.00       25.4616
       4970.00       25.9377
       4980.00       24.7839
       4990.00       24.1951
       5000.00       24.0698
       5010.00       22.9267
       5020.00       23.0515
       5030.00       24.5515
       5040.00       24.5478
       5050.00       24.7449
       5060.00       25.5972
       5070.00       25.0574
       5080.00       23.8214
       5090.00       24.0183
       5100.00       24.1734
       5110.00       23.9072
       5120.00       23.8879
       5130.00       23.3508
       5140.00       23.7269
       5150.00       23.2907
       5160.00       22.7952
       5170.00       20.9937
       5180.00       20.8284
       5190.00       23.0977
       5200.00       23.6514
       5210.00       23.9447
       5220.00       25.0704
       5230.00       25.9612
       5240.00       27.6455
       5250.00       27.1902
       5260.00       25.0591
       5270.00       24.5275
       5280.00       27.0324
       5290.00       29.0819
       5300.00       29.3105
       5310.00       30.5156
       5320.00       29.4631
       5330.00       28.2933
       5340.00       28.6591
       5350.00       30.2907
       5360.00       31.6522
       5370.00       30.7050
       5380.00       30.7453
       5390.00       30.0918
       5400.00       28.1983
       5410.00       28.7469
       5420.00       30.7602
       5430.00       30.4687
       5440.00       30.3131
       5450.00       31.4917
       5460.00       31.3701
       5470.00       31.5555
       5480.00       30.3756
       5490.00       30.9504
       5500.00       31.9266
       5510.00       31.3962
       5520.00       31.8109
       5530.00       32.4801
       5540.00       32.4845
       5550.00       33.5593
       5560.00       34.0332
       5570.00       33.3134
       5580.00       33.5981
       5590.00       32.6941
       5600.00       32.2613
       5610.00       34.8199
       5620.00       34.6025
       5630.00       34.1687
       5640.00       34.4798
       5650.00       34.4807
       5660.00       34.5123
       5670.00       34.5747
       5680.00       35.6828
       5690.00       36.5106
       5700.00       35.1897
       5710.00       33.8735
       5720.00       35.5554
       5730.00       37.5974
       5740.00       36.6796
       5760.00       36.4005
       5780.00       36.7885
       5800.00       38.3185
       5820.00       39.1775
       5840.00       38.8339
       5860.00       37.9858
       5880.00       36.1034
       5900.00       35.9514
       5920.00       38.5452
       5940.00       38.7978
       5960.00       39.2246
       5980.00       39.5902
       6000.00       39.1961
       6020.00       40.0237
       6040.00       41.1929
       6060.00       41.1146
       6080.00       41.5541
       6100.00       41.3606
       6120.00       40.5402
       6140.00       39.6967
       6160.00       40.3053
       6180.00       40.7121
       6200.00       40.2989
       6220.00       39.9446
       6240.00       39.0326
       6260.00       39.1033
       6280.00       40.2307
       6300.00       41.0459
       6320.00       41.1372
       6340.00       41.8342
       6360.00       42.6642
       6380.00       43.4616
       6400.00       43.2438
       6420.00       43.7079
       6440.00       43.7078
       6460.00       43.7347
       6480.00       42.9526
       6500.00       43.5194
       6520.00       45.2081
       6540.00       44.1883
       6560.00       43.5741
       6580.00       44.8490
       6600.00       45.6926
       6620.00       45.7921
       6640.00       45.8384
       6660.00       45.7269
       6680.00       46.0085
       6700.00       45.7930
       6720.00       45.9947
       6740.00       46.2989
       6760.00       46.3945
       6780.00       46.4896
       6800.00       47.4577
       6820.00       47.9078
       6840.00       49.1727
       6860.00       46.8134
       6880.00       46.1440
       6900.00       48.1627
       6920.00       47.7457
       6940.00       46.4752
       6960.00       46.3166
       6980.00       45.8835
       7000.00       45.3280
       7020.00       46.2194
       7040.00       46.6341
       7060.00       47.1454
       7080.00       46.8888
       7100.00       46.2400
       7120.00       46.1592
       7140.00       46.1767
       7160.00       46.1941
       7180.00       45.1407
       7200.00       45.2580
       7220.00       46.5362
       7240.00       45.9009
       7260.00       45.8226
       7280.00       45.6727
       7300.00       46.1459
       7320.00       47.2849
       7340.00       47.0132
       7360.00       47.2891
       7380.00       47.7054
       7400.00       47.3168
       7420.00       48.0605
       7440.00       49.0820
       7460.00       48.9973
       7480.00       49.4035
       7500.00       49.2718
       7520.00       51.8127
       7540.00       54.1547
       7560.00       55.2826
       7580.00       51.1029
       7600.00       42.2093
       7620.00       52.4626
       7640.00       50.5186
       7660.00       50.3183
       7680.00       47.0932
       7700.00       48.9677
       7720.00       49.8140
       7740.00       50.7915
       7760.00       50.9758
       7780.00       50.9570
       7800.00       51.5656
       7820.00       51.3890
       7840.00       51.3916
       7860.00       50.6829
       7880.00       49.7339
       7900.00       48.7454
       7920.00       48.2031
       7940.00       48.4338
       7960.00       49.3657
       7980.00       49.7237
       8000.00       49.8615
       8020.00       50.2600
       8040.00       50.5044
       8060.00       50.2707
       8080.00       49.1732
       8100.00       48.5125
       8120.00       49.3398
       8140.00       48.6175
       8160.00       47.6847
       8180.00       48.1021
       8200.00       50.5204
       8220.00       49.1221
       8240.00       50.0843
       8260.00       50.9572
       8280.00       49.8846
       8300.00       49.5118
       8320.00       48.1747
       8340.00       48.8972
       8360.00       48.4040
       8380.00       49.1850
       8400.00       49.9415
       8420.00       49.9889
       8440.00       50.3466
       8460.00       51.1983
       8480.00       48.9347
       8500.00       49.2512
       8520.00       47.3310
       8540.00       46.5245
       8560.00       49.8041
       8580.00       50.5840
       8600.00       51.8073
       8620.00       52.8019
       8640.00       48.9992
       8660.00       48.5632
       8680.00       51.8733
       8700.00       53.0193
       8720.00       54.8813
       8740.00       53.8162
       8760.00       54.7305
       8780.00       54.7252
       8800.00       52.9529
       8820.00       53.3478
       8840.00       53.8003
       8860.00       55.2960
       8880.00       55.5649
       8900.00       55.3026
       8920.00       54.9632
       8940.00       53.6871
       8960.00       53.3723
       8980.00       52.5724
       9000.00       50.5142
       9020.00       54.3926
       9040.00       57.7319
       9060.00       54.0367
       9080.00       50.8004
       9100.00       52.2056
       9120.00       52.2827
       9140.00       49.4346
       9160.00       47.6672
       9180.00       49.2192
       9200.00       51.5622
       9220.00       50.9955
       9240.00       51.7360
       9260.00       50.7375
       9280.00       53.2075
       9300.00       50.3877
       9320.00       44.7492
       9340.00       49.5359
       9360.00       44.5393
       9380.00       49.8649
       9400.00       53.4763
       9420.00       42.5863
       9440.00       42.3850
       9460.00       47.5962
       9480.00       47.4036
       9500.00       49.1062
       9520.00       51.3339
       9540.00       51.4644
       9560.00       51.7771
       9580.00       49.8269
       9600.00       48.6857
       9620.00       49.3473
       9640.00       48.0125
       9660.00       49.3419
       9680.00       51.0269
       9700.00       49.4087
       9720.00       49.4688
       9740.00       49.4748
       9760.00       50.2686
       9780.00       50.5945
       9800.00       51.8819
       9820.00       52.8082
       9840.00       53.0382
       9860.00       51.7080
       9880.00       52.4875
       9900.00       51.7638
       9920.00       52.2054
       9940.00       52.5398
       9960.00       53.3465
       9980.00       53.0821
       10000.0       53.5350
       10020.0       54.0210
       10040.0       53.2695
       10060.0       52.7815
       10080.0       54.0981
       10100.0       53.3682
       10120.0       52.7448
       10140.0       52.9337
       10160.0       52.3652
       10180.0       53.2921
       10200.0       53.1191
       10220.0       53.4596
       10240.0       53.6624
       10260.0       53.6088
       10280.0       53.0286
       10300.0       53.8078
       10320.0       53.1617
       10340.0       53.0082
       10360.0       53.4624
       10380.0       53.7634
       10400.0       53.8112
       10420.0       54.6637
       10440.0       53.9397
       10460.0       54.1540
       10480.0       54.6008
       10500.0       54.3803
       10520.0       54.0610
       10540.0       54.2568
       10560.0       54.3857
       10580.0       54.1508
       10600.0       53.5212
       10620.0       53.5191
