       3160.00      0.209742
       3170.00      0.185528
       3180.00      0.190636
       3190.00      0.182060
       3200.00      0.184248
       3210.00      0.215109
       3220.00      0.169789
       3230.00      0.185058
       3240.00      0.157498
       3250.00      0.172224
       3260.00      0.250535
       3270.00      0.251602
       3280.00      0.242144
       3290.00      0.280983
       3300.00      0.291513
       3310.00      0.275800
       3320.00      0.251220
       3330.00      0.262627
       3340.00      0.264009
       3350.00      0.272068
       3360.00      0.291694
       3370.00      0.228561
       3380.00      0.235314
       3390.00      0.261182
       3400.00      0.288662
       3410.00      0.306857
       3420.00      0.306257
       3430.00      0.339367
       3440.00      0.284746
       3450.00      0.298971
       3460.00      0.312133
       3470.00      0.307060
       3480.00      0.302407
       3490.00      0.295155
       3500.00      0.337751
       3510.00      0.341945
       3520.00      0.327798
       3530.00      0.354108
       3540.00      0.376116
       3550.00      0.366453
       3560.00      0.350171
       3570.00      0.291013
       3580.00      0.266501
       3590.00      0.276031
       3600.00      0.361991
       3610.00      0.351275
       3620.00      0.355617
       3630.00      0.392033
       3640.00      0.390023
       3650.00      0.421497
       3660.00      0.465780
       3670.00      0.491019
       3680.00      0.462326
       3690.00      0.455555
       3700.00      0.468082
       3710.00      0.457673
       3720.00      0.429378
       3730.00      0.373031
       3740.00      0.362959
       3750.00      0.377678
       3760.00      0.411573
       3770.00      0.456090
       3780.00      0.514736
       3790.00      0.447117
       3800.00      0.423316
       3810.00      0.425471
       3820.00      0.344993
       3830.00      0.302152
       3840.00      0.314621
       3850.00      0.350532
       3860.00      0.339953
       3870.00      0.326798
       3880.00      0.356860
       3890.00      0.432424
       3900.00      0.501219
       3910.00      0.540152
       3920.00      0.486830
       3930.00      0.339655
       3940.00      0.355445
       3950.00      0.505184
       3960.00      0.469915
       3970.00      0.410318
       3980.00      0.582949
       3990.00      0.734303
       4000.00      0.805431
       4010.00      0.861817
       4020.00      0.882467
       4030.00      0.870172
       4040.00      0.847017
       4050.00      0.860847
       4060.00      0.870708
       4070.00      0.858840
       4080.00      0.914960
       4090.00      0.992932
       4100.00      0.959332
       4110.00      0.963329
       4120.00      0.965658
       4130.00      0.953733
       4140.00      0.904432
       4150.00      0.912338
       4160.00      0.954741
       4170.00      0.950824
       4180.00      0.912556
       4190.00      0.910648
       4200.00      0.925448
       4210.00      0.983707
       4220.00      0.975479
       4230.00       1.01168
       4240.00       1.04078
       4250.00       1.03886
       4260.00       1.01146
       4270.00       1.00803
       4280.00      0.987442
       4290.00      0.928974
       4300.00      0.821057
       4310.00      0.915740
       4320.00       1.09797
       4330.00       1.16780
       4340.00       1.18987
       4350.00       1.20664
       4360.00       1.23656
       4370.00       1.25315
       4380.00       1.12761
       4390.00       1.16086
       4400.00       1.19858
       4410.00       1.24794
       4420.00       1.31652
       4430.00       1.32044
       4440.00       1.33989
       4450.00       1.32112
       4460.00       1.30598
       4470.00       1.40808
       4480.00       1.48069
       4490.00       1.45699
       4500.00       1.48768
       4510.00       1.54433
       4520.00       1.44031
       4530.00       1.41965
       4540.00       1.46934
       4550.00       1.49744
       4560.00       1.52988
       4570.00       1.56663
       4580.00       1.55037
       4590.00       1.54453
       4600.00       1.58101
       4610.00       1.63058
       4620.00       1.71471
       4630.00       1.65554
       4640.00       1.69757
       4650.00       1.64429
       4660.00       1.60507
       4670.00       1.56748
       4680.00       1.61538
       4690.00       1.64377
       4700.00       1.63955
       4710.00       1.69131
       4720.00       1.71721
       4730.00       1.70377
       4740.00       1.73550
       4750.00       1.75661
       4760.00       1.74032
       4770.00       1.76110
       4780.00       1.82865
       4790.00       1.77831
       4800.00       1.85968
       4810.00       1.83536
       4820.00       1.80691
       4830.00       1.75960
       4840.00       1.75480
       4850.00       1.73602
       4860.00       1.65820
       4870.00       1.71333
       4880.00       1.73439
       4890.00       1.78243
       4900.00       1.82750
       4910.00       1.75927
       4920.00       1.74052
       4930.00       1.77669
       4940.00       1.88072
       4950.00       1.89520
       4960.00       1.93266
       4970.00       1.89486
       4980.00       1.80837
       4990.00       1.78003
       5000.00       1.77059
       5010.00       1.75283
       5020.00       1.79756
       5030.00       1.83852
       5040.00       1.79447
       5050.00       1.86573
       5060.00       1.86272
       5070.00       1.78988
       5080.00       1.79593
       5090.00       1.82618
       5100.00       1.80486
       5110.00       1.87128
       5120.00       1.90143
       5130.00       1.85185
       5140.00       1.80445
       5150.00       1.82885
       5160.00       1.76896
       5170.00       1.66292
       5180.00       1.77589
       5190.00       1.84178
       5200.00       1.85760
       5210.00       1.85490
       5220.00       1.87605
       5230.00       1.87420
       5240.00       1.93193
       5250.00       1.93191
       5260.00       1.84630
       5270.00       1.82005
       5280.00       1.99400
       5290.00       2.00648
       5300.00       2.01955
       5310.00       2.03109
       5320.00       1.96624
       5330.00       1.95003
       5340.00       2.00824
       5350.00       2.09667
       5360.00       2.07377
       5370.00       2.01830
       5380.00       2.03305
       5390.00       1.97933
       5400.00       1.92098
       5410.00       1.96114
       5420.00       2.03203
       5430.00       2.00141
       5440.00       2.06511
       5450.00       2.10262
       5460.00       2.02874
       5470.00       2.02793
       5480.00       1.95487
       5490.00       2.02672
       5500.00       2.11642
       5510.00       2.09615
       5520.00       2.08825
       5530.00       2.09675
       5540.00       2.08480
       5550.00       2.12588
       5560.00       2.11189
       5570.00       2.08779
       5580.00       2.13270
       5590.00       2.07627
       5600.00       2.08266
       5610.00       2.13339
       5620.00       2.10343
       5630.00       2.10974
       5640.00       2.10399
       5650.00       2.12229
       5660.00       2.13254
       5670.00       2.12678
       5680.00       2.13698
       5690.00       2.16901
       5700.00       2.12948
       5710.00       2.09207
       5720.00       2.14972
       5730.00       2.23086
       5740.00       2.22894
       5760.00       2.20353
       5780.00       2.18612
       5800.00       2.21759
       5820.00       2.23135
       5840.00       2.20627
       5860.00       2.17172
       5880.00       2.18357
       5900.00       2.16466
       5920.00       2.25098
       5940.00       2.24531
       5960.00       2.24536
       5980.00       2.23596
       6000.00       2.24736
       6020.00       2.23614
       6040.00       2.29616
       6060.00       2.34085
       6080.00       2.35175
       6100.00       2.40339
       6120.00       2.36596
       6140.00       2.26245
       6160.00       2.26245
       6180.00       2.29356
       6200.00       2.32448
       6220.00       2.29882
       6240.00       2.27695
       6260.00       2.29497
       6280.00       2.35071
       6300.00       2.35043
       6320.00       2.34478
       6340.00       2.39805
       6360.00       2.42252
       6380.00       2.40961
       6400.00       2.41976
       6420.00       2.42103
       6440.00       2.45918
       6460.00       2.45332
       6480.00       2.45447
       6500.00       2.42604
       6520.00       2.46891
       6540.00       2.42331
       6560.00       2.42282
       6580.00       2.49626
       6600.00       2.52297
       6620.00       2.51193
       6640.00       2.48562
       6660.00       2.47816
       6680.00       2.46905
       6700.00       2.45155
       6720.00       2.44930
       6740.00       2.45378
       6760.00       2.47664
       6780.00       2.48268
       6800.00       2.51864
       6820.00       2.57594
       6840.00       2.62298
       6860.00       2.43394
       6880.00       2.38412
       6900.00       2.45262
       6920.00       2.44390
       6940.00       2.51021
       6960.00       2.46236
       6980.00       2.42775
       7000.00       2.40789
       7020.00       2.45582
       7040.00       2.44884
       7060.00       2.44351
       7080.00       2.41423
       7100.00       2.40903
       7120.00       2.39432
       7140.00       2.40979
       7160.00       2.39516
       7180.00       2.40109
       7200.00       2.42585
       7220.00       2.42696
       7240.00       2.37026
       7260.00       2.33880
       7280.00       2.32771
       7300.00       2.36162
       7320.00       2.43089
       7340.00       2.40115
       7360.00       2.38694
       7380.00       2.37128
       7400.00       2.38015
       7420.00       2.39051
       7440.00       2.41449
       7460.00       2.40499
       7480.00       2.43939
       7500.00       2.44797
       7520.00       2.56782
       7540.00       2.60451
       7560.00       2.65299
       7580.00       2.36691
       7600.00       2.03918
       7620.00       2.53857
       7640.00       2.43272
       7660.00       2.45591
       7680.00       2.30663
       7700.00       2.45196
       7720.00       2.47345
       7740.00       2.48168
       7760.00       2.51755
       7780.00       2.52417
       7800.00       2.51625
       7820.00       2.49679
       7840.00       2.51207
       7860.00       2.53158
       7880.00       2.47347
       7900.00       2.47580
       7920.00       2.46241
       7940.00       2.43484
       7960.00       2.45288
       7980.00       2.43255
       8000.00       2.43920
       8020.00       2.43312
       8040.00       2.44817
       8060.00       2.50385
       8080.00       2.41925
       8100.00       2.35602
       8120.00       2.42962
       8140.00       2.41114
       8160.00       2.38999
       8180.00       2.38414
       8200.00       2.33418
       8220.00       2.40006
       8240.00       2.46975
       8260.00       2.49526
       8280.00       2.43732
       8300.00       2.40283
       8320.00       2.35762
       8340.00       2.34925
       8360.00       2.30845
       8380.00       2.35964
       8400.00       2.40654
       8420.00       2.41292
       8440.00       2.42730
       8460.00       2.23971
       8480.00       2.28913
       8500.00       2.35960
       8520.00       2.22660
       8540.00       2.28894
       8560.00       2.35627
       8580.00       2.43516
       8600.00       2.41371
       8620.00       2.50654
       8640.00       2.37243
       8660.00       2.30817
       8680.00       2.40450
       8700.00       2.45098
       8720.00       2.33509
       8740.00       2.37505
       8760.00       2.56979
       8780.00       2.41706
       8800.00       2.38971
       8820.00       2.40609
       8840.00       2.44288
       8860.00       2.43481
       8880.00       2.38856
       8900.00       2.32473
       8920.00       2.27006
       8940.00       2.41429
       8960.00       2.30790
       8980.00       2.24103
       9000.00       2.29513
       9020.00       2.37783
       9040.00       2.42137
       9060.00       2.31738
       9080.00       2.25497
       9100.00       2.31093
       9120.00       2.32695
       9140.00       2.23769
       9160.00       2.24516
       9180.00       2.20083
       9200.00       2.23785
       9220.00       2.19865
       9240.00       2.18287
       9260.00       2.11097
       9280.00       2.13811
       9300.00       1.98998
       9320.00       2.10344
       9340.00       2.32179
       9360.00       2.11379
       9380.00       2.25521
       9400.00       2.25523
       9420.00       2.03548
       9440.00       1.92811
       9460.00       2.07829
       9480.00       2.08703
       9500.00       1.99929
       9520.00       2.21016
       9540.00       2.16521
       9560.00       2.23641
       9580.00       2.27189
       9600.00       2.23652
       9620.00       2.11311
       9640.00       2.16974
       9660.00       2.31163
       9680.00       2.29634
       9700.00       2.13066
       9720.00       2.18098
       9740.00       2.21831
       9760.00       2.26708
       9780.00       2.22543
       9800.00       2.25898
       9820.00       2.25438
       9840.00       2.19347
       9860.00       2.27507
       9880.00       2.32313
       9900.00       2.25331
       9920.00       2.29210
       9940.00       2.21579
       9960.00       2.24882
       9980.00       2.19330
       10000.0       2.20023
       10020.0       2.30648
       10040.0       2.24893
       10060.0       2.16574
       10080.0       2.22205
       10100.0       2.18964
       10120.0       2.06348
       10140.0       2.10515
       10160.0       2.06203
       10180.0       2.15355
       10200.0       2.15043
       10220.0       2.06100
       10240.0       2.17959
       10260.0       2.03091
       10280.0       2.13040
       10300.0       1.99886
       10320.0       2.05637
       10340.0       2.06115
       10360.0       1.97418
       10380.0       2.03577
       10400.0       1.98508
       10420.0       1.97801
       10440.0       2.01323
       10460.0       2.17701
       10480.0       1.98936
       10500.0       2.01358
       10520.0       1.93448
       10540.0       1.84817
       10560.0       1.91430
       10580.0       1.93420
       10600.0       1.93375
       10620.0       1.93650
