       3160.00       10.0132
       3170.00       10.9502
       3180.00       10.1051
       3190.00       10.7143
       3200.00       10.6372
       3210.00       10.4046
       3220.00       9.74502
       3230.00       9.84194
       3240.00       9.80650
       3250.00       9.70307
       3260.00       9.61286
       3270.00       9.34243
       3280.00       9.17628
       3290.00       9.19580
       3300.00       9.61825
       3310.00       9.08319
       3320.00       8.88767
       3330.00       9.01877
       3340.00       9.05322
       3350.00       8.96003
       3360.00       8.85517
       3370.00       8.77286
       3380.00       8.81735
       3390.00       8.48376
       3400.00       8.80170
       3410.00       9.29594
       3420.00       9.26636
       3430.00       9.21302
       3440.00       8.80198
       3450.00       8.95733
       3460.00       8.95280
       3470.00       9.09025
       3480.00       8.78102
       3490.00       8.92759
       3500.00       8.79184
       3510.00       8.90011
       3520.00       8.65558
       3530.00       8.84736
       3540.00       9.05197
       3550.00       8.76283
       3560.00       8.68748
       3570.00       8.62175
       3580.00       8.64582
       3590.00       8.53255
       3600.00       8.44727
       3610.00       8.62401
       3620.00       8.47771
       3630.00       8.59233
       3640.00       8.43564
       3650.00       8.66896
       3660.00       8.63181
       3670.00       8.78055
       3680.00       8.48674
       3690.00       8.61726
       3700.00       8.47858
       3710.00       8.87619
       3720.00       9.45926
       3730.00       9.64081
       3740.00       9.98821
       3750.00       10.6863
       3760.00       11.1797
       3770.00       11.7075
       3780.00       13.9202
       3790.00       13.8272
       3800.00       13.0454
       3810.00       16.4913
       3820.00       17.6624
       3830.00       13.8178
       3840.00       13.8973
       3850.00       19.6893
       3860.00       22.2481
       3870.00       20.7925
       3880.00       15.5315
       3890.00       13.1108
       3900.00       17.2265
       3910.00       21.8796
       3920.00       23.8763
       3930.00       23.2097
       3940.00       22.9633
       3950.00       22.1776
       3960.00       16.9012
       3970.00       13.0596
       3980.00       17.9549
       3990.00       23.5603
       4000.00       26.3749
       4010.00       26.8415
       4020.00       26.8360
       4030.00       26.7286
       4040.00       27.3737
       4050.00       27.0426
       4060.00       26.4907
       4070.00       25.2354
       4080.00       23.0406
       4090.00       18.2549
       4100.00       13.9371
       4110.00       16.5121
       4120.00       21.7807
       4130.00       24.5508
       4140.00       26.1374
       4150.00       26.2723
       4160.00       25.9920
       4170.00       25.2209
       4180.00       25.2784
       4190.00       25.6100
       4200.00       26.0182
       4210.00       25.7809
       4220.00       25.3890
       4230.00       25.2902
       4240.00       25.2886
       4250.00       25.0166
       4260.00       24.8808
       4270.00       24.9764
       4280.00       24.5152
       4290.00       23.8839
       4300.00       22.7973
       4310.00       21.6967
       4320.00       18.5012
       4330.00       13.9970
       4340.00       12.7975
       4350.00       15.7672
       4360.00       21.4668
       4370.00       23.2212
       4380.00       23.3744
       4390.00       23.4521
       4400.00       23.2122
       4410.00       23.4016
       4420.00       23.5715
       4430.00       23.6480
       4440.00       23.1140
       4450.00       23.0252
       4460.00       22.8263
       4470.00       22.7017
       4480.00       22.2662
       4490.00       22.1252
       4500.00       22.2767
       4510.00       22.0453
       4520.00       22.0873
       4530.00       21.9661
       4540.00       21.8092
       4550.00       21.5267
       4560.00       21.6955
       4570.00       21.8816
       4580.00       21.5649
       4590.00       21.4285
       4600.00       21.6854
       4610.00       21.6561
       4620.00       22.0891
       4630.00       22.0059
       4640.00       21.4984
       4650.00       21.2580
       4660.00       21.2652
       4670.00       21.0966
       4680.00       21.3848
       4690.00       20.9541
       4700.00       20.6824
       4710.00       20.6211
       4720.00       20.8383
       4730.00       20.8116
       4740.00       20.7677
       4750.00       20.5857
       4760.00       20.4217
       4770.00       20.2412
       4780.00       20.5424
       4790.00       20.3110
       4800.00       19.7897
       4810.00       19.4926
       4820.00       18.9582
       4830.00       17.9840
       4840.00       16.0690
       4850.00       12.4150
       4860.00       10.8488
       4870.00       12.9676
       4880.00       16.1274
       4890.00       17.6458
       4900.00       18.2968
       4910.00       18.5605
       4920.00       18.2725
       4930.00       18.5352
       4940.00       18.8965
       4950.00       18.7422
       4960.00       18.3899
       4970.00       18.4025
       4980.00       18.5304
       4990.00       18.5097
       5000.00       18.2921
       5010.00       18.0262
       5020.00       17.9412
       5030.00       18.0851
       5040.00       17.6419
       5050.00       17.7045
       5060.00       17.8318
       5070.00       17.6833
       5080.00       17.5838
       5090.00       17.3718
       5100.00       17.3056
       5110.00       17.2878
       5120.00       17.1257
       5130.00       17.1564
       5140.00       17.1549
       5150.00       16.9941
       5160.00       16.8816
       5170.00       16.8331
       5180.00       16.6421
       5190.00       16.5151
       5200.00       16.6096
       5210.00       16.4832
       5220.00       16.4359
       5230.00       16.3103
       5240.00       16.2008
       5250.00       16.3576
       5260.00       15.9207
       5270.00       15.9528
       5280.00       16.0470
       5290.00       15.8459
       5300.00       15.7386
       5310.00       15.6626
       5320.00       15.6331
       5330.00       15.5576
       5340.00       15.6822
       5350.00       15.5455
       5360.00       15.5165
       5370.00       15.2888
       5380.00       15.1047
       5390.00       15.1727
       5400.00       15.1811
       5410.00       14.9360
       5420.00       15.0463
       5430.00       15.0760
       5440.00       14.9155
       5450.00       15.0267
       5460.00       14.9466
       5470.00       14.7992
       5480.00       14.8741
       5490.00       14.9696
       5500.00       14.8394
       5510.00       14.7364
       5520.00       14.8049
       5530.00       14.8613
       5540.00       14.7426
       5550.00       14.6717
       5560.00       14.6187
       5570.00       14.6602
       5580.00       14.7870
       5590.00       14.5255
       5600.00       14.5055
       5610.00       14.3157
       5620.00       14.2946
       5630.00       14.3728
       5640.00       14.3298
       5650.00       14.2899
       5660.00       14.2473
       5670.00       14.2077
       5680.00       14.1653
       5690.00       14.1260
       5700.00       14.0868
       5710.00       14.0449
       5720.00       14.0060
       5730.00       13.9658
       5740.00       13.9257
       5760.00       13.8902
       5780.00       14.0395
       5800.00       13.8935
       5820.00       13.6214
       5840.00       13.5973
       5860.00       13.4514
       5880.00       13.3107
       5900.00       13.3811
       5920.00       13.2013
       5940.00       12.9482
       5960.00       12.8207
       5980.00       12.8149
       6000.00       12.7284
       6020.00       12.5497
       6040.00       12.3546
       6060.00       12.2975
       6080.00       12.2409
       6100.00       12.0823
       6120.00       12.0388
       6140.00       11.8966
       6160.00       11.8247
       6180.00       11.8608
       6200.00       11.6875
       6220.00       11.6195
       6240.00       11.5507
       6260.00       11.3040
       6280.00       11.2719
       6300.00       11.3091
       6320.00       11.2382
       6340.00       11.0655
       6360.00       10.9610
       6380.00       10.9434
       6400.00       10.9451
       6420.00       10.8253
       6440.00       10.7101
       6460.00       10.6833
       6480.00       10.5591
       6500.00       10.5443
       6520.00       10.0763
       6540.00       8.83024
       6560.00       8.72447
       6580.00       10.0617
       6600.00       10.6159
       6620.00       10.8591
       6640.00       10.6336
       6660.00       10.5696
       6680.00       10.6387
       6700.00       10.8312
       6720.00       10.6805
       6740.00       10.5233
       6760.00       10.4181
       6780.00       10.4321
       6800.00       10.2807
       6820.00       10.1699
       6840.00       10.1018
       6860.00       9.87605
       6880.00       9.91536
       6900.00       10.2507
       6920.00       10.1558
       6940.00       9.92073
       6960.00       9.66337
       6980.00       9.68861
       7000.00       9.73013
       7020.00       9.53751
       7040.00       9.56989
       7060.00       9.58581
       7080.00       9.46016
       7100.00       9.33060
       7120.00       9.17755
       7140.00       9.11274
       7160.00       9.08270
       7180.00       9.06769
       7200.00       9.01970
       7220.00       9.05953
       7240.00       8.86781
       7260.00       8.83885
       7280.00       8.90254
       7300.00       8.92651
       7320.00       8.82697
       7340.00       8.82753
       7360.00       8.65852
       7380.00       8.59835
       7400.00       8.65943
       7420.00       8.48229
       7440.00       8.35796
       7460.00       8.28053
       7480.00       8.18155
       7500.00       8.09077
       7520.00       8.16315
       7540.00       8.14476
       7560.00       7.96140
       7580.00       6.87027
       7600.00       6.19646
       7620.00       8.09373
       7640.00       7.99839
       7660.00       7.86282
       7680.00       7.20307
       7700.00       7.49891
       7720.00       7.51457
       7740.00       7.50788
       7760.00       7.40601
       7780.00       7.45768
       7800.00       7.41961
       7820.00       7.29039
       7840.00       7.21944
       7860.00       7.16973
       7880.00       7.11194
       7900.00       6.80814
       7920.00       6.85315
       7940.00       6.93618
       7960.00       7.00746
       7980.00       6.94463
       8000.00       6.91392
       8020.00       6.81274
       8040.00       6.68857
       8060.00       6.84310
       8080.00       6.63209
       8100.00       6.55895
       8120.00       6.61863
       8140.00       6.72743
       8160.00       6.54091
       8180.00       6.53094
       8200.00       6.54404
       8220.00       6.56108
       8240.00       6.58700
       8260.00       6.49750
       8280.00       6.63352
       8300.00       6.58885
       8320.00       6.35591
       8340.00       6.42238
       8360.00       6.47772
       8380.00       6.48970
       8400.00       6.52996
       8420.00       6.26970
       8440.00       6.29376
       8460.00       6.39436
       8480.00       6.25439
       8500.00       6.22518
       8520.00       6.17395
       8540.00       6.09123
       8560.00       6.31678
       8580.00       6.30302
       8600.00       6.32273
       8620.00       6.16043
       8640.00       5.68625
       8660.00       6.11965
       8680.00       6.51038
       8700.00       6.36801
       8720.00       5.97397
       8740.00       5.72734
       8760.00       6.32346
       8780.00       6.91780
       8800.00       6.44119
       8820.00       6.16781
       8840.00       5.41922
       8860.00       5.61919
       8880.00       6.15757
       8900.00       6.46568
       8920.00       6.49628
       8940.00       6.66726
       8960.00       6.26661
       8980.00       5.23599
       9000.00       5.23348
       9020.00       5.85356
       9040.00       6.14395
       9060.00       6.22372
       9080.00       6.22538
       9100.00       6.54642
       9120.00       6.52036
       9140.00       6.28871
       9160.00       6.13606
       9180.00       6.04846
       9200.00       5.31871
       9220.00       5.24306
       9240.00       5.22372
       9260.00       5.56974
       9280.00       6.40529
       9300.00       6.08341
       9320.00       5.91180
       9340.00       6.25250
       9360.00       6.06985
       9380.00       6.60484
       9400.00       6.24840
       9420.00       5.48560
       9440.00       5.33482
       9460.00       5.86423
       9480.00       5.32357
       9500.00       5.45582
       9520.00       4.65267
       9540.00       4.72037
       9560.00       5.14419
       9580.00       5.35113
       9600.00       5.38018
       9620.00       5.10272
       9640.00       5.48305
       9660.00       5.14448
       9680.00       5.38321
       9700.00       5.06233
       9720.00       5.47931
       9740.00       5.14943
       9760.00       5.32647
       9780.00       5.45325
       9800.00       5.76466
       9820.00       5.39425
       9840.00       5.65695
       9860.00       5.51309
       9880.00       5.53350
       9900.00       5.20802
       9920.00       5.45408
       9940.00       5.45963
       9960.00       5.21291
       9980.00       5.20164
       10000.0       4.97696
       10020.0       4.41723
       10040.0       4.24243
       10060.0       4.63878
       10080.0       4.86252
       10100.0       4.89110
       10120.0       5.08993
       10140.0       4.86614
       10160.0       5.17818
       10180.0       4.74298
       10200.0       4.69988
       10220.0       5.00478
       10240.0       4.78334
       10260.0       4.91245
       10280.0       4.93484
       10300.0       4.79214
       10320.0       4.70251
       10340.0       4.77202
       10360.0       4.59718
       10380.0       4.61996
       10400.0       4.42713
       10420.0       4.21535
       10440.0       4.46286
       10460.0       4.27537
       10480.0       4.63149
       10500.0       4.35917
       10520.0       4.62013
       10540.0       4.63785
       10560.0       4.39971
       10580.0       4.61798
       10600.0       4.27235
       10620.0       3.96203
