       3160.00      0.277595
       3170.00      0.240667
       3180.00      0.178068
       3190.00      0.159394
       3200.00      0.169138
       3210.00      0.139323
       3220.00      0.147194
       3230.00      0.113251
       3240.00      0.116110
       3250.00      0.148755
       3260.00      0.179254
       3270.00      0.144811
       3280.00      0.163304
       3290.00      0.198331
       3300.00      0.213805
       3310.00      0.204169
       3320.00      0.184328
       3330.00      0.204496
       3340.00      0.193038
       3350.00      0.201473
       3360.00      0.204468
       3370.00      0.157151
       3380.00      0.188457
       3390.00      0.202404
       3400.00      0.231617
       3410.00      0.233593
       3420.00      0.258761
       3430.00      0.255492
       3440.00      0.184919
       3450.00      0.202884
       3460.00      0.235951
       3470.00      0.223216
       3480.00      0.244386
       3490.00      0.224779
       3500.00      0.271699
       3510.00      0.292796
       3520.00      0.224701
       3530.00      0.260716
       3540.00      0.330883
       3550.00      0.303710
       3560.00      0.260578
       3570.00      0.200534
       3580.00      0.164316
       3590.00      0.178634
       3600.00      0.263673
       3610.00      0.272261
       3620.00      0.338701
       3630.00      0.358915
       3640.00      0.365986
       3650.00      0.429733
       3660.00      0.509628
       3670.00      0.505066
       3680.00      0.418260
       3690.00      0.462942
       3700.00      0.451550
       3710.00      0.410577
       3720.00      0.342349
       3730.00      0.254714
       3740.00      0.218056
       3750.00      0.285787
       3760.00      0.323337
       3770.00      0.430354
       3780.00      0.496301
       3790.00      0.398611
       3800.00      0.381900
       3810.00      0.374559
       3820.00      0.264971
       3830.00      0.227908
       3840.00      0.286951
       3850.00      0.299312
       3860.00      0.306245
       3870.00      0.308574
       3880.00      0.327119
       3890.00      0.428386
       3900.00      0.518849
       3910.00      0.557451
       3920.00      0.491888
       3930.00      0.270942
       3940.00      0.291052
       3950.00      0.514574
       3960.00      0.455446
       3970.00      0.371087
       3980.00      0.697398
       3990.00      0.977650
       4000.00       1.09111
       4010.00       1.30779
       4020.00       1.37963
       4030.00       1.24458
       4040.00       1.11340
       4050.00       1.22353
       4060.00       1.26088
       4070.00       1.17089
       4080.00       1.39528
       4090.00       1.55215
       4100.00       1.44422
       4110.00       1.38824
       4120.00       1.38278
       4130.00       1.32931
       4140.00       1.18651
       4150.00       1.17014
       4160.00       1.31143
       4170.00       1.27933
       4180.00       1.36500
       4190.00       1.45026
       4200.00       1.45194
       4210.00       1.61546
       4220.00       1.39396
       4230.00       1.42635
       4240.00       2.01089
       4250.00       1.91889
       4260.00       1.96197
       4270.00       1.95737
       4280.00       1.80266
       4290.00       1.85978
       4300.00       1.64985
       4310.00       2.00025
       4320.00       2.45584
       4330.00       2.60952
       4340.00       3.05863
       4350.00       3.05655
       4360.00       3.17220
       4370.00       3.14718
       4380.00       2.45370
       4390.00       2.39506
       4400.00       2.63564
       4410.00       2.76168
       4420.00       3.09108
       4430.00       3.18535
       4440.00       3.35982
       4450.00       3.31835
       4460.00       3.09624
       4470.00       3.59391
       4480.00       3.88431
       4490.00       3.73926
       4500.00       4.02517
       4510.00       4.30121
       4520.00       3.84421
       4530.00       3.62247
       4540.00       3.81302
       4550.00       4.19705
       4560.00       4.49995
       4570.00       4.44763
       4580.00       4.44263
       4590.00       4.44799
       4600.00       4.49457
       4610.00       4.94790
       4620.00       5.27977
       4630.00       4.97682
       4640.00       4.48464
       4650.00       4.61226
       4660.00       4.72730
       4670.00       4.66361
       4680.00       4.82321
       4690.00       4.71085
       4700.00       4.68339
       4710.00       4.86665
       4720.00       5.13593
       4730.00       5.05852
       4740.00       5.27713
       4750.00       5.29507
       4760.00       5.06741
       4770.00       5.21862
       4780.00       5.27086
       4790.00       5.30037
       4800.00       5.58313
       4810.00       5.67374
       4820.00       5.65570
       4830.00       5.46006
       4840.00       5.43630
       4850.00       5.37530
       4860.00       5.16546
       4870.00       5.13892
       4880.00       5.19643
       4890.00       5.41511
       4900.00       5.80100
       4910.00       5.63636
       4920.00       5.59597
       4930.00       5.68085
       4940.00       5.94522
       4950.00       6.07610
       4960.00       5.77517
       4970.00       5.90153
       4980.00       5.70002
       4990.00       5.54427
       5000.00       5.42708
       5010.00       5.07795
       5020.00       5.13313
       5030.00       5.54733
       5040.00       5.50039
       5050.00       5.57233
       5060.00       5.63718
       5070.00       5.31728
       5080.00       5.17353
       5090.00       5.19386
       5100.00       5.24287
       5110.00       5.31617
       5120.00       5.18196
       5130.00       5.07182
       5140.00       5.23899
       5150.00       5.14843
       5160.00       4.87768
       5170.00       4.44949
       5180.00       4.59076
       5190.00       5.17855
       5200.00       5.13458
       5210.00       5.36975
       5220.00       6.00224
       5230.00       6.18289
       5240.00       6.52088
       5250.00       6.44932
       5260.00       5.92298
       5270.00       5.83318
       5280.00       6.79330
       5290.00       6.98427
       5300.00       7.25508
       5310.00       7.67999
       5320.00       7.11350
       5330.00       6.92781
       5340.00       7.21850
       5350.00       7.56615
       5360.00       8.10238
       5370.00       7.61908
       5380.00       7.64901
       5390.00       7.39798
       5400.00       6.85318
       5410.00       7.23511
       5420.00       7.95540
       5430.00       7.59446
       5440.00       7.62014
       5450.00       7.86571
       5460.00       7.83156
       5470.00       7.85824
       5480.00       7.74237
       5490.00       7.85553
       5500.00       8.03728
       5510.00       7.86615
       5520.00       8.10973
       5530.00       8.39921
       5540.00       8.41519
       5550.00       8.83518
       5560.00       8.80378
       5570.00       8.58666
       5580.00       8.62537
       5590.00       8.28591
       5600.00       8.11709
       5610.00       8.68687
       5620.00       8.64839
       5630.00       8.48749
       5640.00       8.61773
       5650.00       8.67117
       5660.00       8.75491
       5670.00       8.76228
       5680.00       9.05057
       5690.00       9.27720
       5700.00       8.98855
       5710.00       8.63293
       5720.00       9.11545
       5730.00       9.59629
       5740.00       9.39925
       5760.00       9.26180
       5780.00       9.31182
       5800.00       9.86713
       5820.00       10.2260
       5840.00       10.0211
       5860.00       9.64835
       5880.00       8.33933
       5900.00       8.40608
       5920.00       9.86381
       5940.00       10.0266
       5960.00       10.2390
       5980.00       10.1615
       6000.00       10.1276
       6020.00       10.3949
       6040.00       10.7889
       6060.00       10.8386
       6080.00       10.7533
       6100.00       10.7959
       6120.00       10.6196
       6140.00       10.0442
       6160.00       10.1516
       6180.00       10.1955
       6200.00       9.91222
       6220.00       9.64461
       6240.00       9.39253
       6260.00       9.49342
       6280.00       9.90956
       6300.00       10.2546
       6320.00       10.4064
       6340.00       10.2307
       6360.00       10.3816
       6380.00       10.8088
       6400.00       10.7615
       6420.00       10.8825
       6440.00       10.9960
       6460.00       11.0154
       6480.00       10.7019
       6500.00       10.6955
       6520.00       11.1720
       6540.00       10.9532
       6560.00       10.8869
       6580.00       11.2471
       6600.00       11.3437
       6620.00       11.2703
       6640.00       11.0545
       6660.00       11.0537
       6680.00       11.0077
       6700.00       10.9684
       6720.00       10.9742
       6740.00       11.0249
       6760.00       11.0497
       6780.00       11.2015
       6800.00       11.2701
       6820.00       11.4836
       6840.00       11.7149
       6860.00       11.0206
       6880.00       11.1014
       6900.00       11.6193
       6920.00       11.5047
       6940.00       11.2975
       6960.00       11.1597
       6980.00       11.0536
       7000.00       11.0035
       7020.00       11.2425
       7040.00       11.4433
       7060.00       11.3804
       7080.00       11.0924
       7100.00       10.8242
       7120.00       10.6242
       7140.00       10.6307
       7160.00       10.8721
       7180.00       10.7096
       7200.00       10.7158
       7220.00       10.9490
       7240.00       10.9783
       7260.00       10.8589
       7280.00       10.8113
       7300.00       10.9471
       7320.00       11.1823
       7340.00       11.0285
       7360.00       11.1802
       7380.00       11.4128
       7400.00       11.3121
       7420.00       11.3106
       7440.00       11.4889
       7460.00       11.5679
       7480.00       11.5082
       7500.00       11.5753
       7520.00       12.0836
       7540.00       12.4347
       7560.00       12.6072
       7580.00       11.2596
       7600.00       9.67517
       7620.00       11.8174
       7640.00       11.4817
       7660.00       11.8571
       7680.00       11.1804
       7700.00       11.5322
       7720.00       11.7593
       7740.00       12.0911
       7760.00       12.2378
       7780.00       12.1620
       7800.00       12.3575
       7820.00       12.4252
       7840.00       12.3880
       7860.00       12.2851
       7880.00       12.0350
       7900.00       11.7534
       7920.00       11.9416
       7940.00       11.9061
       7960.00       12.2012
       7980.00       12.3868
       8000.00       12.3936
       8020.00       12.5616
       8040.00       12.5518
       8060.00       12.3334
       8080.00       12.0467
       8100.00       11.8519
       8120.00       12.2264
       8140.00       12.3712
       8160.00       12.1241
       8180.00       12.1736
       8200.00       12.5436
       8220.00       12.7177
       8240.00       13.0584
       8260.00       13.1887
       8280.00       12.8964
       8300.00       12.4340
       8320.00       12.4301
       8340.00       12.6123
       8360.00       12.6337
       8380.00       13.0410
       8400.00       13.1588
       8420.00       13.0968
       8440.00       13.2753
       8460.00       13.2184
       8480.00       12.8414
       8500.00       12.9076
       8520.00       12.2851
       8540.00       12.2412
       8560.00       13.6938
       8580.00       13.9785
       8600.00       13.9460
       8620.00       14.3639
       8640.00       13.2076
       8660.00       12.6293
       8680.00       13.6784
       8700.00       13.9146
       8720.00       14.3427
       8740.00       14.3789
       8760.00       14.2919
       8780.00       14.0531
       8800.00       14.1044
       8820.00       14.3218
       8840.00       14.2016
       8860.00       14.2913
       8880.00       14.4728
       8900.00       14.2173
       8920.00       14.0162
       8940.00       13.9849
       8960.00       13.9970
       8980.00       13.7017
       9000.00       13.2399
       9020.00       13.9469
       9040.00       14.9131
       9060.00       14.1900
       9080.00       13.3513
       9100.00       13.7864
       9120.00       13.4630
       9140.00       12.7116
       9160.00       12.3166
       9180.00       12.5106
       9200.00       13.1349
       9220.00       12.8819
       9240.00       13.1061
       9260.00       12.8682
       9280.00       12.9195
       9300.00       12.0941
       9320.00       11.1982
       9340.00       12.3147
       9360.00       11.6894
       9380.00       12.4691
       9400.00       12.9197
       9420.00       10.7817
       9440.00       10.8777
       9460.00       11.6388
       9480.00       12.0237
       9500.00       12.0029
       9520.00       12.4896
       9540.00       12.7889
       9560.00       13.1862
       9580.00       12.7625
       9600.00       12.4709
       9620.00       12.7767
       9640.00       12.4862
       9660.00       13.0988
       9680.00       13.2232
       9700.00       12.8892
       9720.00       13.1555
       9740.00       13.0576
       9760.00       12.9778
       9780.00       13.1850
       9800.00       13.6466
       9820.00       13.9965
       9840.00       13.8979
       9860.00       14.0665
       9880.00       13.8722
       9900.00       13.7222
       9920.00       13.5989
       9940.00       13.9967
       9960.00       14.0898
       9980.00       14.1999
       10000.0       14.0119
       10020.0       14.1432
       10040.0       13.7757
       10060.0       13.8126
       10080.0       13.8964
       10100.0       13.8817
       10120.0       13.7818
       10140.0       13.4867
       10160.0       13.5026
       10180.0       13.5269
       10200.0       13.4835
       10220.0       13.5288
       10240.0       13.4350
       10260.0       13.1777
       10280.0       13.3324
       10300.0       13.0553
       10320.0       12.9255
       10340.0       12.9673
       10360.0       13.2045
       10380.0       13.0752
       10400.0       13.0625
       10420.0       13.5589
       10440.0       13.0124
       10460.0       13.0123
       10480.0       12.9998
       10500.0       13.1065
       10520.0       12.9422
       10540.0       13.0772
       10560.0       12.8482
       10580.0       12.6853
       10600.0       12.7428
       10620.0       12.7066
