       3160.00       1.37461
       3170.00       1.42867
       3180.00       1.41240
       3190.00       1.37952
       3200.00       1.40920
       3210.00       1.39561
       3220.00       1.37271
       3230.00       1.32832
       3240.00       1.32555
       3250.00       1.30884
       3260.00       1.31167
       3270.00       1.30039
       3280.00       1.29247
       3290.00       1.24760
       3300.00       1.28006
       3310.00       1.25813
       3320.00       1.28558
       3330.00       1.28129
       3340.00       1.26235
       3350.00       1.25386
       3360.00       1.28185
       3370.00       1.26074
       3380.00       1.26638
       3390.00       1.25181
       3400.00       1.25406
       3410.00       1.24468
       3420.00       1.25557
       3430.00       1.24813
       3440.00       1.23362
       3450.00       1.25510
       3460.00       1.25105
       3470.00       1.24599
       3480.00       1.25007
       3490.00       1.23411
       3500.00       1.25651
       3510.00       1.26401
       3520.00       1.26513
       3530.00       1.27359
       3540.00       1.25168
       3550.00       1.26641
       3560.00       1.23169
       3570.00       1.24681
       3580.00       1.24795
       3590.00       1.25732
       3600.00       1.25603
       3610.00       1.21344
       3620.00       1.20431
       3630.00       1.20179
       3640.00       1.18206
       3650.00       1.17882
       3660.00       1.14824
       3670.00       1.14374
       3680.00       1.15375
       3690.00       1.15609
       3700.00       1.19852
       3710.00       1.26577
       3720.00       1.33189
       3730.00       1.39611
       3740.00       1.60251
       3750.00       1.69256
       3760.00       1.80856
       3770.00       1.74778
       3780.00       1.93049
       3790.00       2.03563
       3800.00       1.78308
       3810.00       2.10814
       3820.00       2.33268
       3830.00       1.88271
       3840.00       1.75775
       3850.00       2.21721
       3860.00       2.41675
       3870.00       2.39934
       3880.00       2.12209
       3890.00       1.71627
       3900.00       1.98930
       3910.00       2.43559
       3920.00       2.49737
       3930.00       2.52584
       3940.00       2.53954
       3950.00       2.55682
       3960.00       2.26113
       3970.00       1.78838
       3980.00       2.05429
       3990.00       2.55827
       4000.00       2.59509
       4010.00       2.54551
       4020.00       2.47108
       4030.00       2.45601
       4040.00       2.46063
       4050.00       2.48124
       4060.00       2.47158
       4070.00       2.45489
       4080.00       2.41885
       4090.00       2.21392
       4100.00       1.75522
       4110.00       1.89817
       4120.00       2.36390
       4130.00       2.40003
       4140.00       2.36640
       4150.00       2.34160
       4160.00       2.32905
       4170.00       2.30791
       4180.00       2.30067
       4190.00       2.28830
       4200.00       2.28971
       4210.00       2.28256
       4220.00       2.29422
       4230.00       2.27347
       4240.00       2.27151
       4250.00       2.26786
       4260.00       2.24563
       4270.00       2.22012
       4280.00       2.19474
       4290.00       2.18459
       4300.00       2.18453
       4310.00       2.17278
       4320.00       2.16608
       4330.00       1.90321
       4340.00       1.55359
       4350.00       1.76861
       4360.00       2.09664
       4370.00       2.12811
       4380.00       2.07227
       4390.00       2.04293
       4400.00       2.04320
       4410.00       2.03530
       4420.00       2.02255
       4430.00       2.00497
       4440.00       1.99721
       4450.00       1.99758
       4460.00       1.99795
       4470.00       1.94997
       4480.00       1.92149
       4490.00       1.94770
       4500.00       1.95938
       4510.00       1.94545
       4520.00       1.93158
       4530.00       1.94799
       4540.00       1.93577
       4550.00       1.91093
       4560.00       1.91622
       4570.00       1.91833
       4580.00       1.89684
       4590.00       1.88957
       4600.00       1.89173
       4610.00       1.88918
       4620.00       1.88354
       4630.00       1.86858
       4640.00       1.87076
       4650.00       1.85899
       4660.00       1.85346
       4670.00       1.85412
       4680.00       1.84708
       4690.00       1.84928
       4700.00       1.83308
       4710.00       1.82919
       4720.00       1.82684
       4730.00       1.82450
       4740.00       1.82065
       4750.00       1.81076
       4760.00       1.79636
       4770.00       1.79108
       4780.00       1.80391
       4790.00       1.78661
       4800.00       1.77989
       4810.00       1.77319
       4820.00       1.75158
       4830.00       1.74199
       4840.00       1.70862
       4850.00       1.54172
       4860.00       1.30435
       4870.00       1.44634
       4880.00       1.70200
       4890.00       1.69704
       4900.00       1.69652
       4910.00       1.68133
       4920.00       1.64277
       4930.00       1.64090
       4940.00       1.64341
       4950.00       1.63718
       4960.00       1.62081
       4970.00       1.62769
       4980.00       1.62298
       4990.00       1.61251
       5000.00       1.60208
       5010.00       1.58163
       5020.00       1.56700
       5030.00       1.56245
       5040.00       1.54934
       5050.00       1.50634
       5060.00       1.50478
       5070.00       1.51034
       5080.00       1.52296
       5090.00       1.51714
       5100.00       1.49157
       5110.00       1.49852
       5120.00       1.49559
       5130.00       1.49548
       5140.00       1.49257
       5150.00       1.49107
       5160.00       1.47981
       5170.00       1.47973
       5180.00       1.46575
       5190.00       1.45737
       5200.00       1.46565
       5210.00       1.45178
       5220.00       1.44210
       5230.00       1.42694
       5240.00       1.42010
       5250.00       1.41739
       5260.00       1.41196
       5270.00       1.40928
       5280.00       1.39979
       5290.00       1.40123
       5300.00       1.38635
       5310.00       1.38238
       5320.00       1.36218
       5330.00       1.36098
       5340.00       1.36113
       5350.00       1.35858
       5360.00       1.35067
       5370.00       1.37365
       5380.00       1.36708
       5390.00       1.36187
       5400.00       1.35668
       5410.00       1.34485
       5420.00       1.38357
       5430.00       1.36908
       5440.00       1.37054
       5450.00       1.35216
       5460.00       1.35100
       5470.00       1.33405
       5480.00       1.32898
       5490.00       1.32525
       5500.00       1.32415
       5510.00       1.32175
       5520.00       1.31413
       5530.00       1.31957
       5540.00       1.31199
       5550.00       1.30833
       5560.00       1.29950
       5570.00       1.29975
       5580.00       1.29871
       5590.00       1.29510
       5600.00       1.29536
       5610.00       1.28265
       5620.00       1.27140
       5630.00       1.26952
       5640.00       1.25450
       5650.00       1.25177
       5660.00       1.25452
       5670.00       1.24710
       5680.00       1.25124
       5690.00       1.25006
       5700.00       1.23839
       5710.00       1.22537
       5720.00       1.21781
       5730.00       1.21883
       5740.00       1.21369
       5760.00       1.20348
       5780.00       1.19246
       5800.00       1.18139
       5820.00       1.17065
       5840.00       1.15985
       5860.00       1.14913
       5880.00       1.13849
       5900.00       1.12803
       5920.00       1.11753
       5940.00       1.10722
       5960.00       1.09686
       5980.00       1.08632
       6000.00       1.08162
       6020.00       1.06750
       6040.00       1.04810
       6060.00       1.04500
       6080.00       1.04784
       6100.00       1.05964
       6120.00       1.04958
       6140.00       1.03255
       6160.00       1.01903
       6180.00       1.00990
       6200.00       1.00664
       6220.00       1.00121
       6240.00       1.00192
       6260.00      0.979274
       6280.00      0.973976
       6300.00      0.968026
       6320.00      0.971801
       6340.00      0.959078
       6360.00      0.948473
       6380.00      0.947532
       6400.00      0.939281
       6420.00      0.928725
       6440.00      0.928525
       6460.00      0.918848
       6480.00      0.921904
       6500.00      0.907653
       6520.00      0.903764
       6540.00      0.881173
       6560.00      0.847520
       6580.00      0.855563
       6600.00      0.885387
       6620.00      0.874660
       6640.00      0.868445
       6660.00      0.858482
       6680.00      0.851059
       6700.00      0.852604
       6720.00      0.854569
       6740.00      0.842521
       6760.00      0.836618
       6780.00      0.832344
       6800.00      0.839960
       6820.00      0.830737
       6840.00      0.854005
       6860.00      0.806256
       6880.00      0.776585
       6900.00      0.785818
       6920.00      0.793020
       6940.00      0.792395
       6960.00      0.778940
       6980.00      0.776605
       7000.00      0.770784
       7020.00      0.773514
       7040.00      0.768656
       7060.00      0.764948
       7080.00      0.762380
       7100.00      0.762668
       7120.00      0.755365
       7140.00      0.749617
       7160.00      0.761911
       7180.00      0.764805
       7200.00      0.734666
       7220.00      0.726346
       7240.00      0.724737
       7260.00      0.713215
       7280.00      0.713433
       7300.00      0.706445
       7320.00      0.707861
       7340.00      0.694254
       7360.00      0.698435
       7380.00      0.696445
       7400.00      0.700111
       7420.00      0.689681
       7440.00      0.686762
       7460.00      0.681831
       7480.00      0.664888
       7500.00      0.660425
       7520.00      0.655412
       7540.00      0.646126
       7560.00      0.632982
       7580.00      0.651079
       7600.00      0.567662
       7620.00      0.549534
       7640.00      0.599294
       7660.00      0.627728
       7680.00      0.603864
       7700.00      0.631951
       7720.00      0.634887
       7740.00      0.621426
       7760.00      0.613976
       7780.00      0.617490
       7800.00      0.625327
       7820.00      0.617280
       7840.00      0.610468
       7860.00      0.606898
       7880.00      0.606180
       7900.00      0.594433
       7920.00      0.584928
       7940.00      0.586267
       7960.00      0.596921
       7980.00      0.576739
       8000.00      0.579439
       8020.00      0.572695
       8040.00      0.573331
       8060.00      0.574857
       8080.00      0.565946
       8100.00      0.571307
       8120.00      0.569811
       8140.00      0.565491
       8160.00      0.558278
       8180.00      0.551718
       8200.00      0.558718
       8220.00      0.562090
       8240.00      0.539745
       8260.00      0.560764
       8280.00      0.547490
       8300.00      0.556846
       8320.00      0.530139
       8340.00      0.529905
       8360.00      0.538460
       8380.00      0.535198
       8400.00      0.543871
       8420.00      0.547370
       8440.00      0.544537
       8460.00      0.520770
       8480.00      0.550973
       8500.00      0.538829
       8520.00      0.536042
       8540.00      0.540776
       8560.00      0.524869
       8580.00      0.538254
       8600.00      0.512460
       8620.00      0.562499
       8640.00      0.552609
       8660.00      0.497680
       8680.00      0.516949
       8700.00      0.554345
       8720.00      0.568274
       8740.00      0.483893
       8760.00      0.478759
       8780.00      0.548720
       8800.00      0.539778
       8820.00      0.553337
       8840.00      0.506370
       8860.00      0.473925
       8880.00      0.490217
       8900.00      0.527238
       8920.00      0.530175
       8940.00      0.538094
       8960.00      0.533918
       8980.00      0.504251
       9000.00      0.451905
       9020.00      0.448907
       9040.00      0.509590
       9060.00      0.523890
       9080.00      0.491003
       9100.00      0.502114
       9120.00      0.490429
       9140.00      0.487543
       9160.00      0.483647
       9180.00      0.485497
       9200.00      0.478804
       9220.00      0.435028
       9240.00      0.420989
       9260.00      0.452130
       9280.00      0.467768
       9300.00      0.454601
       9320.00      0.446901
       9340.00      0.461986
       9360.00      0.425443
       9380.00      0.453488
       9400.00      0.499117
       9420.00      0.466628
       9440.00      0.420464
       9460.00      0.442876
       9480.00      0.454328
       9500.00      0.435400
       9520.00      0.434183
       9540.00      0.379737
       9560.00      0.396424
       9580.00      0.439434
       9600.00      0.418109
       9620.00      0.438805
       9640.00      0.412338
       9660.00      0.442432
       9680.00      0.436457
       9700.00      0.434518
       9720.00      0.428510
       9740.00      0.438502
       9760.00      0.418487
       9780.00      0.433689
       9800.00      0.420014
       9820.00      0.440872
       9840.00      0.409521
       9860.00      0.416946
       9880.00      0.429372
       9900.00      0.429305
       9920.00      0.420234
       9940.00      0.415982
       9960.00      0.413700
       9980.00      0.413882
       10000.0      0.419681
       10020.0      0.396845
       10040.0      0.345041
       10060.0      0.359750
       10080.0      0.397055
       10100.0      0.407039
       10120.0      0.393493
       10140.0      0.384547
       10160.0      0.397403
       10180.0      0.372492
       10200.0      0.375081
       10220.0      0.381537
       10240.0      0.368340
       10260.0      0.392687
       10280.0      0.367117
       10300.0      0.364656
       10320.0      0.369114
       10340.0      0.372093
       10360.0      0.375129
       10380.0      0.377807
       10400.0      0.371193
       10420.0      0.356585
       10440.0      0.369978
       10460.0      0.363554
       10480.0      0.361004
       10500.0      0.351124
       10520.0      0.346211
       10540.0      0.335575
       10560.0      0.355132
       10580.0      0.342545
       10600.0      0.339452
       10620.0      0.344714
