       3160.00       20.4194
       3170.00       20.0351
       3180.00       20.8144
       3190.00       21.4119
       3200.00       21.4467
       3210.00       21.7285
       3220.00       21.1501
       3230.00       21.3748
       3240.00       22.0352
       3250.00       21.8644
       3260.00       21.6799
       3270.00       21.6107
       3280.00       21.2298
       3290.00       21.4328
       3300.00       21.6896
       3310.00       21.2686
       3320.00       21.5734
       3330.00       21.8907
       3340.00       21.8022
       3350.00       21.9513
       3360.00       22.1736
       3370.00       21.3924
       3380.00       21.4112
       3390.00       21.2295
       3400.00       21.9521
       3410.00       22.2384
       3420.00       22.2377
       3430.00       21.8103
       3440.00       21.9944
       3450.00       22.0970
       3460.00       22.3373
       3470.00       21.8814
       3480.00       22.2144
       3490.00       21.7944
       3500.00       22.2159
       3510.00       22.0327
       3520.00       22.1359
       3530.00       21.8618
       3540.00       21.8325
       3550.00       21.6740
       3560.00       21.9785
       3570.00       21.7240
       3580.00       21.4095
       3590.00       21.2113
       3600.00       21.0806
       3610.00       21.3773
       3620.00       21.1121
       3630.00       21.2437
       3640.00       21.3588
       3650.00       21.2164
       3660.00       21.6603
       3670.00       21.6691
       3680.00       22.2263
       3690.00       22.6612
       3700.00       23.7531
       3710.00       24.3415
       3720.00       25.2815
       3730.00       25.6215
       3740.00       26.1158
       3750.00       26.3778
       3760.00       26.4603
       3770.00       26.9229
       3780.00       27.6616
       3790.00       27.8158
       3800.00       27.3398
       3810.00       27.8957
       3820.00       28.4738
       3830.00       27.5253
       3840.00       27.2294
       3850.00       27.9538
       3860.00       28.0796
       3870.00       27.5868
       3880.00       27.1952
       3890.00       26.4613
       3900.00       27.2765
       3910.00       27.5737
       3920.00       27.2594
       3930.00       26.7032
       3940.00       27.1210
       3950.00       27.9726
       3960.00       26.7424
       3970.00       25.5907
       3980.00       27.2330
       3990.00       28.2916
       4000.00       27.8143
       4010.00       27.6257
       4020.00       27.3666
       4030.00       26.8002
       4040.00       27.2784
       4050.00       27.3056
       4060.00       27.1441
       4070.00       26.6543
       4080.00       26.2373
       4090.00       26.2433
       4100.00       25.1760
       4110.00       25.9526
       4120.00       26.1451
       4130.00       26.1049
       4140.00       26.5964
       4150.00       26.5554
       4160.00       26.5376
       4170.00       26.2216
       4180.00       26.4335
       4190.00       26.3247
       4200.00       26.5354
       4210.00       26.5860
       4220.00       26.3189
       4230.00       26.2341
       4240.00       26.3753
       4250.00       26.8084
       4260.00       26.3637
       4270.00       26.5260
       4280.00       26.4194
       4290.00       26.2017
       4300.00       26.0295
       4310.00       25.9913
       4320.00       25.8426
       4330.00       25.0096
       4340.00       24.6654
       4350.00       24.8946
       4360.00       25.6713
       4370.00       25.3499
       4380.00       24.4402
       4390.00       24.1884
       4400.00       24.4378
       4410.00       23.9485
       4420.00       23.4615
       4430.00       23.3653
       4440.00       23.3774
       4450.00       23.5183
       4460.00       23.4227
       4470.00       22.9422
       4480.00       22.8910
       4490.00       23.0744
       4500.00       23.5759
       4510.00       23.0569
       4520.00       23.2599
       4530.00       23.1452
       4540.00       23.1785
       4550.00       22.7281
       4560.00       23.1398
       4570.00       23.1519
       4580.00       22.9970
       4590.00       23.1344
       4600.00       22.9178
       4610.00       23.0963
       4620.00       22.7979
       4630.00       22.5833
       4640.00       22.7614
       4650.00       22.2599
       4660.00       22.2942
       4670.00       22.1236
       4680.00       22.5465
       4690.00       22.1720
       4700.00       22.0841
       4710.00       21.7123
       4720.00       21.9298
       4730.00       21.9238
       4740.00       21.8978
       4750.00       21.8315
       4760.00       21.7254
       4770.00       21.7801
       4780.00       21.7145
       4790.00       21.6692
       4800.00       21.5842
       4810.00       21.2609
       4820.00       21.4946
       4830.00       21.2521
       4840.00       21.5442
       4850.00       20.9277
       4860.00       20.4910
       4870.00       20.8418
       4880.00       21.1911
       4890.00       21.1087
       4900.00       21.0070
       4910.00       20.7889
       4920.00       20.2994
       4930.00       20.5299
       4940.00       20.6627
       4950.00       20.6209
       4960.00       20.4443
       4970.00       20.1145
       4980.00       20.1317
       4990.00       19.8230
       5000.00       19.5537
       5010.00       19.3237
       5020.00       19.1137
       5030.00       19.1518
       5040.00       19.0569
       5050.00       19.0002
       5060.00       18.8984
       5070.00       18.9064
       5080.00       18.9068
       5090.00       18.5727
       5100.00       18.6751
       5110.00       18.7584
       5120.00       19.0207
       5130.00       19.0955
       5140.00       19.2259
       5150.00       19.0585
       5160.00       19.0216
       5170.00       18.9663
       5180.00       19.3544
       5190.00       19.1881
       5200.00       18.9672
       5210.00       19.0594
       5220.00       19.0045
       5230.00       18.9133
       5240.00       18.9502
       5250.00       19.0417
       5260.00       18.6236
       5270.00       18.6245
       5280.00       18.5168
       5290.00       18.6445
       5300.00       18.4650
       5310.00       18.0519
       5320.00       18.0898
       5330.00       18.1098
       5340.00       17.8644
       5350.00       17.8722
       5360.00       18.0262
       5370.00       17.6880
       5380.00       17.7512
       5390.00       17.7395
       5400.00       17.5526
       5410.00       17.5237
       5420.00       17.8973
       5430.00       17.6882
       5440.00       17.6732
       5450.00       17.4933
       5460.00       17.4823
       5470.00       17.4329
       5480.00       17.5617
       5490.00       17.6691
       5500.00       17.6370
       5510.00       17.5702
       5520.00       17.6077
       5530.00       17.7489
       5540.00       17.7168
       5550.00       17.6504
       5560.00       17.6703
       5570.00       17.8275
       5580.00       17.6241
       5590.00       17.6268
       5600.00       17.3562
       5610.00       17.2400
       5620.00       17.1582
       5630.00       16.9273
       5640.00       16.8752
       5650.00       16.8250
       5660.00       16.7716
       5670.00       16.7218
       5680.00       16.6705
       5690.00       16.6210
       5700.00       16.5717
       5710.00       16.5209
       5720.00       16.4703
       5730.00       16.4215
       5740.00       16.3729
       5760.00       16.1234
       5780.00       16.1056
       5800.00       16.1375
       5820.00       16.1528
       5840.00       15.8943
       5860.00       15.6066
       5880.00       15.4575
       5900.00       15.8008
       5920.00       15.8104
       5940.00       15.5478
       5960.00       15.5390
       5980.00       15.5670
       6000.00       15.5103
       6020.00       15.2220
       6040.00       15.1273
       6060.00       15.0016
       6080.00       15.0419
       6100.00       15.0192
       6120.00       14.8295
       6140.00       14.6550
       6160.00       14.4568
       6180.00       14.2722
       6200.00       14.3357
       6220.00       14.4327
       6240.00       14.4033
       6260.00       13.9263
       6280.00       13.7570
       6300.00       13.8288
       6320.00       13.6760
       6340.00       13.4971
       6360.00       13.3900
       6380.00       13.4859
       6400.00       13.4154
       6420.00       13.3706
       6440.00       13.1835
       6460.00       13.0524
       6480.00       13.0697
       6500.00       13.2105
       6520.00       13.4032
       6540.00       13.8172
       6560.00       13.8363
       6580.00       13.5863
       6600.00       13.2727
       6620.00       13.2080
       6640.00       12.8786
       6660.00       12.6101
       6680.00       12.5466
       6700.00       12.7904
       6720.00       12.6356
       6740.00       12.4420
       6760.00       12.3288
       6780.00       12.2021
       6800.00       12.2577
       6820.00       11.9482
       6840.00       12.0167
       6860.00       11.7600
       6880.00       11.5826
       6900.00       11.7126
       6920.00       11.7783
       6940.00       11.8615
       6960.00       11.7188
       6980.00       11.4564
       7000.00       11.3471
       7020.00       11.3325
       7040.00       11.1468
       7060.00       11.1233
       7080.00       11.1365
       7100.00       11.0364
       7120.00       10.9893
       7140.00       10.8218
       7160.00       10.9853
       7180.00       10.9307
       7200.00       10.8207
       7220.00       10.8026
       7240.00       10.6182
       7260.00       10.4796
       7280.00       10.5677
       7300.00       10.8258
       7320.00       10.7609
       7340.00       10.4879
       7360.00       10.4386
       7380.00       10.3027
       7400.00       10.2748
       7420.00       10.1672
       7440.00       10.1476
       7460.00       10.0793
       7480.00       10.1227
       7500.00       9.93120
       7520.00       10.1618
       7540.00       10.0638
       7560.00       10.0852
       7580.00       9.23069
       7600.00       7.90613
       7620.00       9.77229
       7640.00       9.68911
       7660.00       9.72875
       7680.00       9.06068
       7700.00       9.32538
       7720.00       9.39540
       7740.00       9.29449
       7760.00       9.10411
       7780.00       9.20981
       7800.00       9.49527
       7820.00       9.46486
       7840.00       9.34798
       7860.00       9.20371
       7880.00       9.11236
       7900.00       9.08808
       7920.00       8.88274
       7940.00       9.07362
       7960.00       8.90180
       7980.00       8.98379
       8000.00       8.84055
       8020.00       8.89723
       8040.00       9.09403
       8060.00       9.00262
       8080.00       8.95666
       8100.00       8.74440
       8120.00       8.83125
       8140.00       8.82365
       8160.00       8.66252
       8180.00       8.49983
       8200.00       8.59809
       8220.00       8.24084
       8240.00       8.70844
       8260.00       8.10944
       8280.00       8.52542
       8300.00       8.30548
       8320.00       8.42349
       8340.00       8.07638
       8360.00       8.12915
       8380.00       8.13030
       8400.00       8.39566
       8420.00       8.37799
       8440.00       8.16091
       8460.00       8.22416
       8480.00       8.22282
       8500.00       8.49159
       8520.00       8.33804
       8540.00       8.32187
       8560.00       8.37284
       8580.00       8.06900
       8600.00       7.89006
       8620.00       8.37227
       8640.00       7.84799
       8660.00       7.85306
       8680.00       8.25157
       8700.00       8.12924
       8720.00       7.89009
       8740.00       7.88845
       8760.00       8.05500
       8780.00       8.15432
       8800.00       8.19014
       8820.00       7.92211
       8840.00       7.52110
       8860.00       7.44905
       8880.00       7.72207
       8900.00       7.56498
       8920.00       7.79469
       8940.00       7.53220
       8960.00       7.59653
       8980.00       7.36656
       9000.00       7.13547
       9020.00       7.53964
       9040.00       7.71767
       9060.00       7.43561
       9080.00       7.51300
       9100.00       7.68781
       9120.00       7.61116
       9140.00       7.75046
       9160.00       7.46200
       9180.00       7.56871
       9200.00       7.15712
       9220.00       7.14782
       9240.00       7.23588
       9260.00       6.91963
       9280.00       7.17068
       9300.00       6.68517
       9320.00       7.20046
       9340.00       7.49334
       9360.00       7.06340
       9380.00       7.54094
       9400.00       7.56560
       9420.00       6.56344
       9440.00       6.55055
       9460.00       7.02210
       9480.00       7.09104
       9500.00       6.73676
       9520.00       6.80802
       9540.00       7.09458
       9560.00       6.67847
       9580.00       7.17181
       9600.00       6.89877
       9620.00       6.99282
       9640.00       6.86816
       9660.00       6.96882
       9680.00       6.66683
       9700.00       6.34538
       9720.00       6.25359
       9740.00       6.78782
       9760.00       6.58866
       9780.00       6.50378
       9800.00       6.48953
       9820.00       6.34480
       9840.00       6.32413
       9860.00       6.61886
       9880.00       6.43505
       9900.00       6.27807
       9920.00       6.36474
       9940.00       5.99584
       9960.00       6.13940
       9980.00       6.06192
       10000.0       6.13493
       10020.0       5.59949
       10040.0       5.52641
       10060.0       5.69800
       10080.0       5.74933
       10100.0       5.77015
       10120.0       5.60561
       10140.0       5.61059
       10160.0       5.80198
       10180.0       5.79904
       10200.0       5.76704
       10220.0       5.61722
       10240.0       5.59504
       10260.0       5.55616
       10280.0       5.33131
       10300.0       5.56895
       10320.0       5.55537
       10340.0       5.57423
       10360.0       5.64842
       10380.0       5.60713
       10400.0       5.41330
       10420.0       5.50389
       10440.0       5.36873
       10460.0       5.61271
       10480.0       5.15837
       10500.0       5.20594
       10520.0       5.49704
       10540.0       5.28240
       10560.0       5.62117
       10580.0       5.39353
       10600.0       5.07200
       10620.0       4.93814
