       3160.00      0.260878
       3170.00      0.286492
       3180.00      0.282512
       3190.00      0.268942
       3200.00      0.283311
       3210.00      0.276059
       3220.00      0.233702
       3230.00      0.212382
       3240.00      0.234926
       3250.00      0.290561
       3260.00      0.336402
       3270.00      0.353516
       3280.00      0.325351
       3290.00      0.378547
       3300.00      0.387087
       3310.00      0.346025
       3320.00      0.339604
       3330.00      0.342865
       3340.00      0.350461
       3350.00      0.360548
       3360.00      0.316405
       3370.00      0.292563
       3380.00      0.316151
       3390.00      0.342659
       3400.00      0.375998
       3410.00      0.373713
       3420.00      0.378431
       3430.00      0.395002
       3440.00      0.338725
       3450.00      0.359029
       3460.00      0.374638
       3470.00      0.366089
       3480.00      0.357796
       3490.00      0.350334
       3500.00      0.401419
       3510.00      0.430756
       3520.00      0.381793
       3530.00      0.398578
       3540.00      0.433614
       3550.00      0.417790
       3560.00      0.359140
       3570.00      0.326874
       3580.00      0.279464
       3590.00      0.333677
       3600.00      0.439587
       3610.00      0.468684
       3620.00      0.471367
       3630.00      0.501803
       3640.00      0.507150
       3650.00      0.571249
       3660.00      0.634211
       3670.00      0.635229
       3680.00      0.588504
       3690.00      0.598226
       3700.00      0.612955
       3710.00      0.609750
       3720.00      0.567467
       3730.00      0.455536
       3740.00      0.422362
       3750.00      0.482673
       3760.00      0.506666
       3770.00      0.587059
       3780.00      0.611791
       3790.00      0.522792
       3800.00      0.489585
       3810.00      0.481497
       3820.00      0.368282
       3830.00      0.309948
       3840.00      0.329353
       3850.00      0.351985
       3860.00      0.349357
       3870.00      0.369849
       3880.00      0.416400
       3890.00      0.560436
       3900.00      0.678257
       3910.00      0.720347
       3920.00      0.657164
       3930.00      0.439681
       3940.00      0.441489
       3950.00      0.705032
       3960.00      0.639254
       3970.00      0.511420
       3980.00      0.856376
       3990.00       1.09747
       4000.00       1.16816
       4010.00       1.25395
       4020.00       1.29238
       4030.00       1.23415
       4040.00       1.16266
       4050.00       1.16192
       4060.00       1.13210
       4070.00       1.12331
       4080.00       1.20420
       4090.00       1.27132
       4100.00       1.23134
       4110.00       1.23885
       4120.00       1.25087
       4130.00       1.18474
       4140.00       1.09979
       4150.00       1.04406
       4160.00       1.07270
       4170.00       1.06115
       4180.00       1.06825
       4190.00       1.11760
       4200.00       1.14648
       4210.00       1.23440
       4220.00       1.26116
       4230.00       1.32047
       4240.00       1.41211
       4250.00       1.41522
       4260.00       1.38993
       4270.00       1.33339
       4280.00       1.25626
       4290.00       1.22849
       4300.00       1.13891
       4310.00       1.14595
       4320.00       1.56229
       4330.00       1.69103
       4340.00       1.79563
       4350.00       1.81070
       4360.00       1.89374
       4370.00       1.86206
       4380.00       1.58428
       4390.00       1.57083
       4400.00       1.65857
       4410.00       1.72436
       4420.00       1.77779
       4430.00       1.77833
       4440.00       1.80578
       4450.00       1.79428
       4460.00       1.68016
       4470.00       1.82588
       4480.00       1.90955
       4490.00       1.87868
       4500.00       1.97978
       4510.00       2.05553
       4520.00       1.92642
       4530.00       1.84969
       4540.00       1.87734
       4550.00       1.93302
       4560.00       1.98594
       4570.00       2.02067
       4580.00       2.00588
       4590.00       1.97484
       4600.00       2.01500
       4610.00       2.14307
       4620.00       2.20638
       4630.00       2.17051
       4640.00       2.04387
       4650.00       2.06146
       4660.00       2.04838
       4670.00       2.04523
       4680.00       2.12117
       4690.00       2.08871
       4700.00       2.04842
       4710.00       2.08992
       4720.00       2.19380
       4730.00       2.21230
       4740.00       2.24257
       4750.00       2.26937
       4760.00       2.19472
       4770.00       2.28129
       4780.00       2.33888
       4790.00       2.33580
       4800.00       2.35973
       4810.00       2.39494
       4820.00       2.39714
       4830.00       2.35044
       4840.00       2.32238
       4850.00       2.24396
       4860.00       2.11312
       4870.00       2.12830
       4880.00       2.24816
       4890.00       2.34751
       4900.00       2.39062
       4910.00       2.29308
       4920.00       2.21349
       4930.00       2.23412
       4940.00       2.33075
       4950.00       2.38800
       4960.00       2.36577
       4970.00       2.40070
       4980.00       2.30133
       4990.00       2.27681
       5000.00       2.24691
       5010.00       2.12947
       5020.00       2.15190
       5030.00       2.23723
       5040.00       2.25736
       5050.00       2.29794
       5060.00       2.36341
       5070.00       2.32552
       5080.00       2.28891
       5090.00       2.34325
       5100.00       2.32652
       5110.00       2.37072
       5120.00       2.32615
       5130.00       2.28119
       5140.00       2.27283
       5150.00       2.29275
       5160.00       2.19900
       5170.00       2.09170
       5180.00       2.14103
       5190.00       2.21071
       5200.00       2.29036
       5210.00       2.29343
       5220.00       2.29621
       5230.00       2.30090
       5240.00       2.38994
       5250.00       2.40761
       5260.00       2.23029
       5270.00       2.15556
       5280.00       2.37511
       5290.00       2.48059
       5300.00       2.50743
       5310.00       2.56779
       5320.00       2.47147
       5330.00       2.40146
       5340.00       2.45656
       5350.00       2.53836
       5360.00       2.58574
       5370.00       2.52703
       5380.00       2.55124
       5390.00       2.49922
       5400.00       2.37753
       5410.00       2.42025
       5420.00       2.56110
       5430.00       2.53544
       5440.00       2.56731
       5450.00       2.65005
       5460.00       2.61909
       5470.00       2.58455
       5480.00       2.52676
       5490.00       2.54392
       5500.00       2.57805
       5510.00       2.56527
       5520.00       2.60497
       5530.00       2.66639
       5540.00       2.70577
       5550.00       2.76316
       5560.00       2.75042
       5570.00       2.69895
       5580.00       2.74056
       5590.00       2.68929
       5600.00       2.65878
       5610.00       2.79008
       5620.00       2.83892
       5630.00       2.74436
       5640.00       2.79311
       5650.00       2.72955
       5660.00       2.76797
       5670.00       2.71992
       5680.00       2.83428
       5690.00       2.80905
       5700.00       2.79907
       5710.00       2.69330
       5720.00       2.81446
       5730.00       2.90253
       5740.00       2.91253
       5760.00       2.88741
       5780.00       2.86746
       5800.00       2.86998
       5820.00       2.99372
       5840.00       3.02785
       5860.00       2.95609
       5880.00       2.83828
       5900.00       2.84086
       5920.00       2.96505
       5940.00       3.00355
       5960.00       3.01763
       5980.00       3.01717
       6000.00       2.97831
       6020.00       2.98277
       6040.00       3.04680
       6060.00       3.06525
       6080.00       3.04807
       6100.00       3.03099
       6120.00       2.98109
       6140.00       2.95965
       6160.00       2.90796
       6180.00       2.93350
       6200.00       3.01230
       6220.00       2.98641
       6240.00       2.92607
       6260.00       2.95352
       6280.00       2.98539
       6300.00       3.00105
       6320.00       2.99839
       6340.00       3.02981
       6360.00       3.00217
       6380.00       3.02662
       6400.00       3.03741
       6420.00       3.03243
       6440.00       3.04090
       6460.00       3.05601
       6480.00       3.01324
       6500.00       3.02169
       6520.00       3.07426
       6540.00       3.11110
       6560.00       2.99625
       6580.00       3.00465
       6600.00       3.11336
       6620.00       3.11701
       6640.00       3.10328
       6660.00       3.07234
       6680.00       3.08901
       6700.00       3.04325
       6720.00       3.04277
       6740.00       3.04656
       6760.00       3.02902
       6780.00       3.03920
       6800.00       3.04085
       6820.00       3.05938
       6840.00       3.10727
       6860.00       2.97647
       6880.00       2.89456
       6900.00       2.96756
       6920.00       3.01101
       6940.00       2.97536
       6960.00       2.94612
       6980.00       2.92736
       7000.00       2.89226
       7020.00       2.90453
       7040.00       2.93514
       7060.00       2.99821
       7080.00       2.99991
       7100.00       2.95698
       7120.00       2.94665
       7140.00       2.95050
       7160.00       3.05890
       7180.00       3.10052
       7200.00       2.98591
       7220.00       2.98163
       7240.00       3.00919
       7260.00       3.01875
       7280.00       2.96694
       7300.00       2.93120
       7320.00       2.93303
       7340.00       2.91326
       7360.00       2.93469
       7380.00       2.95016
       7400.00       2.94413
       7420.00       2.93037
       7440.00       2.97475
       7460.00       2.97450
       7480.00       2.96847
       7500.00       2.97015
       7520.00       2.95459
       7540.00       2.93721
       7560.00       2.86468
       7580.00       2.99389
       7600.00       2.66013
       7620.00       2.64559
       7640.00       2.87803
       7660.00       2.95887
       7680.00       2.83304
       7700.00       3.01456
       7720.00       3.03846
       7740.00       3.04177
       7760.00       3.05434
       7780.00       2.99096
       7800.00       3.04052
       7820.00       3.03459
       7840.00       3.00481
       7860.00       3.00449
       7880.00       2.94204
       7900.00       2.85986
       7920.00       2.79628
       7940.00       2.77291
       7960.00       2.82022
       7980.00       2.84743
       8000.00       2.84751
       8020.00       2.84760
       8040.00       2.86200
       8060.00       2.85490
       8080.00       2.80150
       8100.00       2.74125
       8120.00       2.85154
       8140.00       2.91883
       8160.00       2.90109
       8180.00       2.83767
       8200.00       2.82021
       8220.00       2.86240
       8240.00       2.86593
       8260.00       2.90781
       8280.00       2.86252
       8300.00       2.82093
       8320.00       2.70857
       8340.00       2.70035
       8360.00       2.77140
       8380.00       2.84039
       8400.00       2.81649
       8420.00       2.80125
       8440.00       2.79973
       8460.00       2.79481
       8480.00       2.78652
       8500.00       2.73084
       8520.00       2.71766
       8540.00       2.59327
       8560.00       2.72515
       8580.00       2.85474
       8600.00       2.84977
       8620.00       2.94506
       8640.00       2.82658
       8660.00       2.66542
       8680.00       2.69079
       8700.00       2.80378
       8720.00       2.91789
       8740.00       2.86673
       8760.00       2.81745
       8780.00       2.88319
       8800.00       2.82919
       8820.00       2.83420
       8840.00       2.84734
       8860.00       2.87341
       8880.00       2.89126
       8900.00       2.86535
       8920.00       2.90413
       8940.00       2.86542
       8960.00       3.01009
       8980.00       3.04668
       9000.00       2.93751
       9020.00       2.99166
       9040.00       3.04876
       9060.00       3.02772
       9080.00       2.83392
       9100.00       2.88783
       9120.00       2.81676
       9140.00       2.81217
       9160.00       2.67241
       9180.00       2.66188
       9200.00       2.68740
       9220.00       2.64877
       9240.00       2.67109
       9260.00       2.60623
       9280.00       2.82405
       9300.00       2.82417
       9320.00       3.14566
       9340.00       3.38097
       9360.00       3.06606
       9380.00       3.03343
       9400.00       3.15105
       9420.00       2.77291
       9440.00       2.78687
       9460.00       2.87383
       9480.00       2.98928
       9500.00       2.85111
       9520.00       3.08411
       9540.00       2.97802
       9560.00       3.04711
       9580.00       2.85887
       9600.00       2.79742
       9620.00       2.81555
       9640.00       2.66930
       9660.00       2.71147
       9680.00       2.53926
       9700.00       2.52660
       9720.00       2.52585
       9740.00       2.66259
       9760.00       2.52730
       9780.00       2.61636
       9800.00       2.58604
       9820.00       2.59104
       9840.00       2.52578
       9860.00       2.54694
       9880.00       2.53450
       9900.00       2.57301
       9920.00       2.56928
       9940.00       2.53658
       9960.00       2.59366
       9980.00       2.57115
       10000.0       2.64664
       10020.0       2.65429
       10040.0       2.68056
       10060.0       2.58505
       10080.0       2.61135
       10100.0       2.56911
       10120.0       2.55265
       10140.0       2.54762
       10160.0       2.53693
       10180.0       2.58853
       10200.0       2.49451
       10220.0       2.54317
       10240.0       2.50727
       10260.0       2.49115
       10280.0       2.49751
       10300.0       2.52622
       10320.0       2.55202
       10340.0       2.53315
       10360.0       2.66031
       10380.0       2.63021
       10400.0       2.64315
       10420.0       2.62840
       10440.0       2.59165
       10460.0       2.56466
       10480.0       2.56389
       10500.0       2.56724
       10520.0       2.53635
       10540.0       2.54930
       10560.0       2.63174
       10580.0       2.53830
       10600.0       2.56339
       10620.0       2.52060
