       3160.00       4.41637
       3170.00       4.70173
       3180.00       4.68522
       3190.00       3.37679
       3200.00       3.95293
       3210.00       3.81614
       3220.00       3.56121
       3230.00       2.78366
       3240.00       3.30722
       3250.00       2.85242
       3260.00       4.22045
       3270.00       4.04016
       3280.00       3.78031
       3290.00       4.51360
       3300.00       4.66745
       3310.00       4.02937
       3320.00       4.10846
       3330.00       3.89559
       3340.00       4.33459
       3350.00       4.53678
       3360.00       3.98136
       3370.00       3.79467
       3380.00       3.87845
       3390.00       4.54676
       3400.00       4.57685
       3410.00       4.11934
       3420.00       4.56129
       3430.00       4.72140
       3440.00       4.26534
       3450.00       4.22389
       3460.00       4.49801
       3470.00       4.32363
       3480.00       4.22785
       3490.00       4.14463
       3500.00       4.90847
       3510.00       5.12632
       3520.00       4.65459
       3530.00       4.89053
       3540.00       5.20039
       3550.00       4.84448
       3560.00       4.31017
       3570.00       3.54324
       3580.00       3.20921
       3590.00       3.64446
       3600.00       4.81875
       3610.00       5.11471
       3620.00       5.55419
       3630.00       5.85052
       3640.00       5.91464
       3650.00       6.71822
       3660.00       7.94114
       3670.00       8.04876
       3680.00       7.39723
       3690.00       7.42168
       3700.00       7.80104
       3710.00       7.66691
       3720.00       6.87627
       3730.00       5.31213
       3740.00       5.22475
       3750.00       5.77034
       3760.00       6.08011
       3770.00       6.80443
       3780.00       7.57319
       3790.00       6.53264
       3800.00       5.90567
       3810.00       5.90933
       3820.00       4.63628
       3830.00       3.72001
       3840.00       4.07000
       3850.00       4.36036
       3860.00       4.25216
       3870.00       4.40618
       3880.00       5.07855
       3890.00       6.75869
       3900.00       8.41617
       3910.00       8.91727
       3920.00       8.12189
       3930.00       5.07429
       3940.00       5.30221
       3950.00       8.44821
       3960.00       7.55608
       3970.00       6.15832
       3980.00       9.97983
       3990.00       13.2518
       4000.00       14.0442
       4010.00       15.3105
       4020.00       16.0122
       4030.00       15.3386
       4040.00       14.5690
       4050.00       14.0826
       4060.00       14.0569
       4070.00       13.7444
       4080.00       14.9986
       4090.00       16.1307
       4100.00       15.3482
       4110.00       15.2576
       4120.00       14.8840
       4130.00       14.3001
       4140.00       13.8513
       4150.00       13.3519
       4160.00       13.8769
       4170.00       13.6948
       4180.00       13.7406
       4190.00       14.3610
       4200.00       14.8655
       4210.00       15.3242
       4220.00       16.2002
       4230.00       16.9081
       4240.00       17.8837
       4250.00       18.4598
       4260.00       18.2794
       4270.00       17.8862
       4280.00       17.0473
       4290.00       16.1740
       4300.00       13.1280
       4310.00       15.2862
       4320.00       18.9632
       4330.00       20.0023
       4340.00       20.8138
       4350.00       20.7030
       4360.00       22.0072
       4370.00       21.0675
       4380.00       19.3282
       4390.00       18.8769
       4400.00       19.9826
       4410.00       20.8558
       4420.00       21.9107
       4430.00       21.7871
       4440.00       21.8901
       4450.00       21.6359
       4460.00       21.5833
       4470.00       23.3759
       4480.00       24.2482
       4490.00       23.9260
       4500.00       25.4216
       4510.00       26.2188
       4520.00       24.8974
       4530.00       23.1025
       4540.00       23.9920
       4550.00       24.8054
       4560.00       25.2672
       4570.00       26.3058
       4580.00       25.6867
       4590.00       25.1020
       4600.00       25.7455
       4610.00       27.1263
       4620.00       28.7500
       4630.00       27.8840
       4640.00       26.1449
       4650.00       25.9827
       4660.00       26.1305
       4670.00       25.8089
       4680.00       26.5958
       4690.00       25.5355
       4700.00       25.8111
       4710.00       25.8144
       4720.00       27.3330
       4730.00       27.7573
       4740.00       28.1722
       4750.00       28.6545
       4760.00       27.4751
       4770.00       28.6338
       4780.00       29.8221
       4790.00       29.8779
       4800.00       30.0551
       4810.00       30.1785
       4820.00       30.2673
       4830.00       29.6153
       4840.00       29.5052
       4850.00       27.7816
       4860.00       26.5005
       4870.00       26.3862
       4880.00       27.5360
       4890.00       29.0505
       4900.00       30.1045
       4910.00       29.2592
       4920.00       28.1502
       4930.00       28.6112
       4940.00       30.4443
       4950.00       31.1384
       4960.00       30.6894
       4970.00       30.7672
       4980.00       29.6246
       4990.00       29.0204
       5000.00       28.8566
       5010.00       26.5593
       5020.00       27.4005
       5030.00       29.0037
       5040.00       28.4972
       5050.00       29.6403
       5060.00       30.4723
       5070.00       29.8796
       5080.00       28.7290
       5090.00       28.8338
       5100.00       29.4999
       5110.00       30.0385
       5120.00       29.4667
       5130.00       28.6659
       5140.00       28.7308
       5150.00       28.6006
       5160.00       27.9901
       5170.00       25.9138
       5180.00       26.6140
       5190.00       27.9548
       5200.00       28.9116
       5210.00       29.6475
       5220.00       29.3321
       5230.00       29.3702
       5240.00       30.8183
       5250.00       30.7283
       5260.00       29.1368
       5270.00       27.9736
       5280.00       30.1667
       5290.00       32.1343
       5300.00       32.6107
       5310.00       33.2261
       5320.00       32.3337
       5330.00       30.2671
       5340.00       31.5771
       5350.00       32.8925
       5360.00       33.5629
       5370.00       33.0214
       5380.00       32.7837
       5390.00       32.3877
       5400.00       30.6384
       5410.00       30.9021
       5420.00       33.2116
       5430.00       32.7909
       5440.00       33.1901
       5450.00       33.8791
       5460.00       33.7836
       5470.00       33.4217
       5480.00       32.6415
       5490.00       32.0902
       5500.00       33.6706
       5510.00       33.3777
       5520.00       33.1520
       5530.00       34.2798
       5540.00       34.1191
       5550.00       34.8795
       5560.00       34.6199
       5570.00       33.8371
       5580.00       34.6593
       5590.00       34.0424
       5600.00       33.0694
       5610.00       34.8642
       5620.00       34.7048
       5630.00       34.1894
       5640.00       34.2582
       5650.00       33.5194
       5660.00       34.1694
       5670.00       34.0770
       5680.00       34.7236
       5690.00       35.9452
       5700.00       34.6658
       5710.00       34.0939
       5720.00       35.0231
       5730.00       35.9490
       5740.00       36.1089
       5760.00       35.6351
       5780.00       35.6065
       5800.00       36.7105
       5820.00       37.5249
       5840.00       37.5526
       5860.00       36.1479
       5880.00       34.7527
       5900.00       34.8823
       5920.00       36.6136
       5940.00       37.5347
       5960.00       37.5924
       5980.00       38.2599
       6000.00       37.5850
       6020.00       37.9754
       6040.00       38.6955
       6060.00       38.7183
       6080.00       38.9510
       6100.00       39.0925
       6120.00       38.3983
       6140.00       36.8766
       6160.00       37.2604
       6180.00       37.6122
       6200.00       38.1971
       6220.00       37.1063
       6240.00       36.8997
       6260.00       36.7527
       6280.00       37.2457
       6300.00       37.8515
       6320.00       37.8183
       6340.00       38.1882
       6360.00       38.4985
       6380.00       38.6923
       6400.00       38.0868
       6420.00       38.5365
       6440.00       38.7568
       6460.00       38.5239
       6480.00       37.6166
       6500.00       37.4447
       6520.00       38.7570
       6540.00       37.4389
       6560.00       37.0466
       6580.00       37.2667
       6600.00       38.4531
       6620.00       38.5023
       6640.00       38.0566
       6660.00       38.4628
       6680.00       38.3749
       6700.00       38.2059
       6720.00       38.1194
       6740.00       38.0604
       6760.00       38.2177
       6780.00       38.2126
       6800.00       39.1735
       6820.00       39.6471
       6840.00       40.3314
       6860.00       38.5117
       6880.00       37.6307
       6900.00       39.2403
       6920.00       39.2588
       6940.00       37.9363
       6960.00       37.6700
       6980.00       37.5359
       7000.00       36.9334
       7020.00       37.6339
       7040.00       38.3304
       7060.00       38.8421
       7080.00       38.3716
       7100.00       37.9037
       7120.00       37.3616
       7140.00       37.0525
       7160.00       37.5861
       7180.00       36.6174
       7200.00       36.5410
       7220.00       36.9957
       7240.00       36.7675
       7260.00       36.3144
       7280.00       36.3400
       7300.00       36.2404
       7320.00       37.0387
       7340.00       37.1366
       7360.00       37.2092
       7380.00       37.6276
       7400.00       37.4519
       7420.00       38.3345
       7440.00       38.5748
       7460.00       38.3002
       7480.00       38.4905
       7500.00       38.7771
       7520.00       40.7605
       7540.00       42.4188
       7560.00       43.5133
       7580.00       39.5232
       7600.00       33.4415
       7620.00       42.0214
       7640.00       40.1919
       7660.00       39.2295
       7680.00       35.5638
       7700.00       37.3908
       7720.00       37.5302
       7740.00       38.6590
       7760.00       39.0061
       7780.00       38.9527
       7800.00       38.8061
       7820.00       38.9168
       7840.00       38.3288
       7860.00       37.9759
       7880.00       37.7406
       7900.00       37.2063
       7920.00       36.3291
       7940.00       36.5593
       7960.00       37.7510
       7980.00       37.3820
       8000.00       37.8587
       8020.00       37.4913
       8040.00       38.1696
       8060.00       38.2107
       8080.00       37.5742
       8100.00       37.3913
       8120.00       37.7936
       8140.00       37.3197
       8160.00       35.9761
       8180.00       36.2227
       8200.00       36.2456
       8220.00       36.1796
       8240.00       37.3982
       8260.00       38.5446
       8280.00       36.7107
       8300.00       36.3584
       8320.00       35.6570
       8340.00       35.2652
       8360.00       36.2721
       8380.00       35.9025
       8400.00       36.5121
       8420.00       36.8370
       8440.00       36.8795
       8460.00       38.1078
       8480.00       36.5119
       8500.00       36.4474
       8520.00       34.6487
       8540.00       34.8880
       8560.00       35.8083
       8580.00       37.3835
       8600.00       37.6996
       8620.00       37.6968
       8640.00       35.1177
       8660.00       34.5942
       8680.00       36.3222
       8700.00       36.9098
       8720.00       38.0596
       8740.00       37.2836
       8760.00       37.7192
       8780.00       37.8618
       8800.00       36.5940
       8820.00       37.3178
       8840.00       37.9764
       8860.00       37.8906
       8880.00       38.0930
       8900.00       37.1668
       8920.00       36.8790
       8940.00       36.1230
       8960.00       36.2460
       8980.00       35.9215
       9000.00       34.5239
       9020.00       36.7533
       9040.00       39.1141
       9060.00       35.8258
       9080.00       33.9987
       9100.00       34.6859
       9120.00       34.1297
       9140.00       33.2166
       9160.00       32.0486
       9180.00       33.6681
       9200.00       34.7650
       9220.00       34.8083
       9240.00       34.9304
       9260.00       33.9092
       9280.00       34.9568
       9300.00       33.5083
       9320.00       30.8132
       9340.00       34.7127
       9360.00       30.9934
       9380.00       33.8061
       9400.00       35.9857
       9420.00       30.0600
       9440.00       29.9576
       9460.00       32.0544
       9480.00       32.5257
       9500.00       32.4956
       9520.00       35.2254
       9540.00       36.7198
       9560.00       34.5246
       9580.00       35.2905
       9600.00       34.5138
       9620.00       34.0627
       9640.00       32.9511
       9660.00       33.8650
       9680.00       35.4537
       9700.00       34.2896
       9720.00       34.1252
       9740.00       33.4932
       9760.00       34.7705
       9780.00       34.5128
       9800.00       35.1871
       9820.00       34.9668
       9840.00       34.5434
       9860.00       35.0285
       9880.00       35.3639
       9900.00       35.3293
       9920.00       36.2696
       9940.00       35.9397
       9960.00       36.5087
       9980.00       36.2344
       10000.0       36.5451
       10020.0       36.3447
       10040.0       36.1451
       10060.0       36.3634
       10080.0       36.5989
       10100.0       36.0387
       10120.0       35.7331
       10140.0       35.5367
       10160.0       35.7361
       10180.0       35.2178
       10200.0       35.5244
       10220.0       35.8120
       10240.0       35.3144
       10260.0       36.8282
       10280.0       36.9340
       10300.0       36.4903
       10320.0       35.9776
       10340.0       35.9080
       10360.0       34.9406
       10380.0       35.2775
       10400.0       36.0693
       10420.0       36.9281
       10440.0       35.7214
       10460.0       35.9496
       10480.0       36.1944
       10500.0       36.4035
       10520.0       35.8660
       10540.0       35.1055
       10560.0       35.6610
       10580.0       36.7490
       10600.0       36.0772
       10620.0       36.6278
