       3160.00     0.0229512
       3170.00     0.0107200
       3180.00     0.0118768
       3190.00     0.0138206
       3200.00    0.00849095
       3210.00    0.00666016
       3220.00    0.00687369
       3230.00    0.00897504
       3240.00    0.00386047
       3250.00    0.00558119
       3260.00    0.00568660
       3270.00    0.00403928
       3280.00    0.00335171
       3290.00    0.00638314
       3300.00    0.00607294
       3310.00    0.00541248
       3320.00    0.00706979
       3330.00    0.00687580
       3340.00    0.00427949
       3350.00    0.00361180
       3360.00    0.00758714
       3370.00    0.00587072
       3380.00    0.00652009
       3390.00    0.00730632
       3400.00     0.0110469
       3410.00    0.00828624
       3420.00    0.00723787
       3430.00    0.00663970
       3440.00    0.00749128
       3450.00    0.00667725
       3460.00    0.00778139
       3470.00    0.00759918
       3480.00    0.00819494
       3490.00    0.00832606
       3500.00    0.00883202
       3510.00    0.00993638
       3520.00    0.00799850
       3530.00    0.00746749
       3540.00     0.0100122
       3550.00    0.00876641
       3560.00    0.00851570
       3570.00    0.00849185
       3580.00    0.00694769
       3590.00    0.00687520
       3600.00    0.00939816
       3610.00    0.00842253
       3620.00     0.0119072
       3630.00     0.0135168
       3640.00     0.0127835
       3650.00     0.0141695
       3660.00     0.0142774
       3670.00     0.0156356
       3680.00     0.0144024
       3690.00     0.0150257
       3700.00     0.0160567
       3710.00     0.0144466
       3720.00     0.0110102
       3730.00     0.0116919
       3740.00     0.0114454
       3750.00     0.0113116
       3760.00     0.0138819
       3770.00     0.0162329
       3780.00     0.0173019
       3790.00     0.0171619
       3800.00     0.0174227
       3810.00     0.0155618
       3820.00     0.0139135
       3830.00     0.0148034
       3840.00     0.0148037
       3850.00     0.0149588
       3860.00     0.0160630
       3870.00     0.0165067
       3880.00     0.0190686
       3890.00     0.0203376
       3900.00     0.0245276
       3910.00     0.0229248
       3920.00     0.0233530
       3930.00     0.0190763
       3940.00     0.0212523
       3950.00     0.0286394
       3960.00     0.0265347
       3970.00     0.0269409
       3980.00     0.0377483
       3990.00     0.0516393
       4000.00     0.0565405
       4010.00     0.0611199
       4020.00     0.0642824
       4030.00     0.0633907
       4040.00     0.0605627
       4050.00     0.0654182
       4060.00     0.0629002
       4070.00     0.0622183
       4080.00     0.0669391
       4090.00     0.0731745
       4100.00     0.0710330
       4110.00     0.0705193
       4120.00     0.0711223
       4130.00     0.0699468
       4140.00     0.0656593
       4150.00     0.0637341
       4160.00     0.0670562
       4170.00     0.0701909
       4180.00     0.0692314
       4190.00     0.0762659
       4200.00     0.0774328
       4210.00     0.0807891
       4220.00     0.0743109
       4230.00     0.0768131
       4240.00     0.0929427
       4250.00     0.0883753
       4260.00     0.0921564
       4270.00     0.0980839
       4280.00     0.0955564
       4290.00     0.0965844
       4300.00     0.0936562
       4310.00      0.108585
       4320.00      0.125240
       4330.00      0.132730
       4340.00      0.141422
       4350.00      0.149388
       4360.00      0.153148
       4370.00      0.153548
       4380.00      0.140879
       4390.00      0.141441
       4400.00      0.150739
       4410.00      0.154115
       4420.00      0.163208
       4430.00      0.164791
       4440.00      0.178116
       4450.00      0.180396
       4460.00      0.176582
       4470.00      0.194860
       4480.00      0.208265
       4490.00      0.207602
       4500.00      0.218335
       4510.00      0.232855
       4520.00      0.217831
       4530.00      0.208927
       4540.00      0.217003
       4550.00      0.233232
       4560.00      0.241742
       4570.00      0.242974
       4580.00      0.244526
       4590.00      0.245487
       4600.00      0.247286
       4610.00      0.265502
       4620.00      0.276089
       4630.00      0.262359
       4640.00      0.249009
       4650.00      0.252064
       4660.00      0.264124
       4670.00      0.258835
       4680.00      0.259747
       4690.00      0.259638
       4700.00      0.260735
       4710.00      0.270371
       4720.00      0.278955
       4730.00      0.285676
       4740.00      0.291299
       4750.00      0.294640
       4760.00      0.285504
       4770.00      0.290092
       4780.00      0.296907
       4790.00      0.302634
       4800.00      0.319082
       4810.00      0.315568
       4820.00      0.323633
       4830.00      0.315434
       4840.00      0.316507
       4850.00      0.312228
       4860.00      0.308948
       4870.00      0.308069
       4880.00      0.307621
       4890.00      0.317537
       4900.00      0.338547
       4910.00      0.340103
       4920.00      0.338322
       4930.00      0.343380
       4940.00      0.353787
       4950.00      0.353554
       4960.00      0.346531
       4970.00      0.344694
       4980.00      0.337897
       4990.00      0.332620
       5000.00      0.328676
       5010.00      0.313442
       5020.00      0.321428
       5030.00      0.335842
       5040.00      0.340617
       5050.00      0.343897
       5060.00      0.352938
       5070.00      0.345010
       5080.00      0.337172
       5090.00      0.337681
       5100.00      0.340058
       5110.00      0.341026
       5120.00      0.344435
       5130.00      0.341149
       5140.00      0.346053
       5150.00      0.342371
       5160.00      0.333966
       5170.00      0.314293
       5180.00      0.309888
       5190.00      0.344557
       5200.00      0.357652
       5210.00      0.342605
       5220.00      0.373185
       5230.00      0.395441
       5240.00      0.411525
       5250.00      0.411764
       5260.00      0.389106
       5270.00      0.388480
       5280.00      0.424554
       5290.00      0.449391
       5300.00      0.460861
       5310.00      0.482223
       5320.00      0.471175
       5330.00      0.453569
       5340.00      0.465000
       5350.00      0.487087
       5360.00      0.510760
       5370.00      0.505368
       5380.00      0.508030
       5390.00      0.503105
       5400.00      0.478106
       5410.00      0.489674
       5420.00      0.540799
       5430.00      0.531130
       5440.00      0.538318
       5450.00      0.536072
       5460.00      0.524008
       5470.00      0.539071
       5480.00      0.531560
       5490.00      0.533361
       5500.00      0.553366
       5510.00      0.550198
       5520.00      0.560541
       5530.00      0.562762
       5540.00      0.570893
       5550.00      0.585441
       5560.00      0.583852
       5570.00      0.580128
       5580.00      0.582293
       5590.00      0.566854
       5600.00      0.556792
       5610.00      0.583962
       5620.00      0.594061
       5630.00      0.578181
       5640.00      0.593012
       5650.00      0.590379
       5660.00      0.605663
       5670.00      0.602492
       5680.00      0.627671
       5690.00      0.624473
       5700.00      0.631745
       5710.00      0.604014
       5720.00      0.633184
       5730.00      0.647165
       5740.00      0.682390
       5760.00      0.691406
       5780.00      0.685404
       5800.00      0.698459
       5820.00      0.727814
       5840.00      0.721238
       5860.00      0.695886
       5880.00      0.660566
       5900.00      0.641149
       5920.00      0.671713
       5940.00      0.706587
       5960.00      0.727223
       5980.00      0.732767
       6000.00      0.738770
       6020.00      0.751666
       6040.00      0.781750
       6060.00      0.798846
       6080.00      0.791315
       6100.00      0.793607
       6120.00      0.789553
       6140.00      0.777271
       6160.00      0.755875
       6180.00      0.737993
       6200.00      0.737055
       6220.00      0.727017
       6240.00      0.715133
       6260.00      0.728086
       6280.00      0.741906
       6300.00      0.771252
       6320.00      0.789565
       6340.00      0.808702
       6360.00      0.819751
       6380.00      0.837272
       6400.00      0.865397
       6420.00      0.872451
       6440.00      0.879925
       6460.00      0.890121
       6480.00      0.900714
       6500.00      0.895650
       6520.00      0.912105
       6540.00      0.919799
       6560.00      0.914723
       6580.00      0.922815
       6600.00      0.955699
       6620.00      0.955063
       6640.00      0.949493
       6660.00      0.939928
       6680.00      0.942022
       6700.00      0.944104
       6720.00      0.939520
       6740.00      0.936732
       6760.00      0.955568
       6780.00      0.957586
       6800.00      0.953893
       6820.00      0.936671
       6840.00      0.957902
       6860.00      0.952937
       6880.00      0.973130
       6900.00      0.989750
       6920.00       1.00369
       6940.00       1.01368
       6960.00       1.01248
       6980.00       1.01556
       7000.00       1.01096
       7020.00       1.01912
       7040.00       1.04120
       7060.00       1.03530
       7080.00       1.01132
       7100.00      0.992099
       7120.00      0.978845
       7140.00      0.971511
       7160.00       1.02542
       7180.00       1.06200
       7200.00       1.02883
       7220.00       1.04373
       7240.00       1.07091
       7260.00       1.06878
       7280.00       1.07485
       7300.00       1.09436
       7320.00       1.10033
       7340.00       1.10180
       7360.00       1.13161
       7380.00       1.14915
       7400.00       1.17343
       7420.00       1.16103
       7440.00       1.16752
       7460.00       1.17398
       7480.00       1.15291
       7500.00       1.15898
       7520.00       1.17651
       7540.00       1.17418
       7560.00       1.17620
       7580.00       1.30916
       7600.00       1.38652
       7620.00       1.57848
       7640.00       1.37497
       7660.00       1.21571
       7680.00       1.06544
       7700.00       1.15907
       7720.00       1.18387
       7740.00       1.21355
       7760.00       1.23001
       7780.00       1.23796
       7800.00       1.23899
       7820.00       1.25907
       7840.00       0.00000
       7860.00       0.00000
       7880.00       0.00000
       7900.00       0.00000
       7920.00       0.00000
       7940.00       0.00000
       7960.00       0.00000
       7980.00       0.00000
       8000.00       0.00000
       8020.00       0.00000
       8040.00       0.00000
       8060.00       0.00000
       8080.00       0.00000
       8100.00       0.00000
       8120.00       0.00000
       8140.00       1.25169
       8160.00       1.19127
       8180.00       1.19893
       8200.00       1.23853
       8220.00       1.25438
       8240.00       1.27195
       8260.00       1.31434
       8280.00       1.31405
       8300.00       1.27569
       8320.00       1.27871
       8340.00       1.22775
       8360.00       1.26368
       8380.00       1.30299
       8400.00       1.29279
       8420.00       1.29539
       8440.00       1.28314
       8460.00       1.31040
       8480.00       1.33368
       8500.00       1.31897
       8520.00       1.30153
       8540.00       1.24333
       8560.00       1.27281
       8580.00       1.37268
       8600.00       1.37989
       8620.00       1.39155
       8640.00       1.38937
       8660.00       1.31800
       8680.00       1.34759
       8700.00       1.37773
       8720.00       1.42551
       8740.00       1.42190
       8760.00       1.44588
       8780.00       1.45549
       8800.00       1.43998
       8820.00       1.41745
       8840.00       1.49046
       8860.00       1.47935
       8880.00       1.45823
       8900.00       1.46299
       8920.00       1.45069
       8940.00       1.44378
       8960.00       1.49179
       8980.00       1.49079
       9000.00       1.43581
       9020.00       1.47426
       9040.00       1.55970
       9060.00       1.55100
       9080.00       1.48291
       9100.00       1.48030
       9120.00       1.46235
       9140.00       1.43077
       9160.00       1.39901
       9180.00       1.38947
       9200.00       1.45384
       9220.00       1.41610
       9240.00       1.37174
       9260.00       1.32210
       9280.00       1.38478
       9300.00       1.36769
       9320.00       1.46103
       9340.00       1.65259
       9360.00       1.38855
       9380.00       1.38590
       9400.00       1.51995
       9420.00       1.38192
       9440.00       1.33099
       9460.00       1.39372
       9480.00       1.39864
       9500.00       1.39287
       9520.00       1.41781
       9540.00       1.44484
       9560.00       1.45709
       9580.00       1.43289
       9600.00       1.44481
       9620.00       1.47156
       9640.00       1.46108
       9660.00       1.41671
       9680.00       1.42640
       9700.00       1.37183
       9720.00       1.42084
       9740.00       1.39956
       9760.00       1.42937
       9780.00       1.42645
       9800.00       1.45730
       9820.00       1.47194
       9840.00       1.48985
       9860.00       1.49348
       9880.00       1.48744
       9900.00       1.48594
       9920.00       1.50278
       9940.00       1.47576
       9960.00       1.48956
       9980.00       1.47851
       10000.0       1.46929
       10020.0       1.46576
       10040.0       1.47799
       10060.0       1.44216
       10080.0       1.47981
       10100.0       1.52558
       10120.0       1.50872
       10140.0       1.49428
       10160.0       1.50425
       10180.0       1.48343
       10200.0       1.51238
       10220.0       1.52079
       10240.0       1.49977
       10260.0       1.52154
       10280.0       1.52525
       10300.0       1.52374
       10320.0       1.51501
       10340.0       1.49449
       10360.0       1.52153
       10380.0       1.51085
       10400.0       1.48788
       10420.0       1.50133
       10440.0       1.53157
       10460.0       1.49530
       10480.0       1.53938
       10500.0       1.55206
       10520.0       1.54118
       10540.0       1.56173
       10560.0       1.57599
       10580.0       1.54286
       10600.0       1.49749
       10620.0       1.51937
