       3160.00     0.0408465
       3170.00     0.0485163
       3180.00     0.0504181
       3190.00     0.0438468
       3200.00     0.0467936
       3210.00     0.0496577
       3220.00     0.0445061
       3230.00     0.0437296
       3240.00     0.0487734
       3250.00     0.0561982
       3260.00     0.0569329
       3270.00     0.0600709
       3280.00     0.0649300
       3290.00     0.0692160
       3300.00     0.0718403
       3310.00     0.0676136
       3320.00     0.0657011
       3330.00     0.0677135
       3340.00     0.0666357
       3350.00     0.0668063
       3360.00     0.0618593
       3370.00     0.0562785
       3380.00     0.0635176
       3390.00     0.0672250
       3400.00     0.0741466
       3410.00     0.0725175
       3420.00     0.0722753
       3430.00     0.0760643
       3440.00     0.0688266
       3450.00     0.0699227
       3460.00     0.0789326
       3470.00     0.0744245
       3480.00     0.0774415
       3490.00     0.0770817
       3500.00     0.0851822
       3510.00     0.0920317
       3520.00     0.0804980
       3530.00     0.0846921
       3540.00     0.0928835
       3550.00     0.0884862
       3560.00     0.0783862
       3570.00     0.0703847
       3580.00     0.0648001
       3590.00     0.0784304
       3600.00     0.0973239
       3610.00     0.0949970
       3620.00     0.0986858
       3630.00      0.102582
       3640.00     0.0990882
       3650.00      0.117657
       3660.00      0.128045
       3670.00      0.124511
       3680.00      0.119874
       3690.00      0.124954
       3700.00      0.118669
       3710.00      0.116681
       3720.00      0.109250
       3730.00     0.0920975
       3740.00     0.0858847
       3750.00     0.0953564
       3760.00      0.108271
       3770.00      0.117195
       3780.00      0.127891
       3790.00      0.108230
       3800.00      0.109303
       3810.00      0.107121
       3820.00     0.0817459
       3830.00     0.0715317
       3840.00     0.0840601
       3850.00     0.0828951
       3860.00     0.0837938
       3870.00     0.0869001
       3880.00     0.0957061
       3890.00      0.117999
       3900.00      0.132508
       3910.00      0.140523
       3920.00      0.124464
       3930.00     0.0934386
       3940.00      0.106902
       3950.00      0.142321
       3960.00      0.127114
       3970.00      0.126101
       3980.00      0.177964
       3990.00      0.217502
       4000.00      0.236385
       4010.00      0.244284
       4020.00      0.251289
       4030.00      0.251945
       4040.00      0.247407
       4050.00      0.242126
       4060.00      0.242716
       4070.00      0.243387
       4080.00      0.269842
       4090.00      0.266912
       4100.00      0.268106
       4110.00      0.262267
       4120.00      0.264134
       4130.00      0.257750
       4140.00      0.245749
       4150.00      0.245571
       4160.00      0.251015
       4170.00      0.249011
       4180.00      0.250307
       4190.00      0.252582
       4200.00      0.255665
       4210.00      0.276210
       4220.00      0.270504
       4230.00      0.266613
       4240.00      0.280094
       4250.00      0.279759
       4260.00      0.283299
       4270.00      0.280462
       4280.00      0.273299
       4290.00      0.258316
       4300.00      0.235246
       4310.00      0.274747
       4320.00      0.304356
       4330.00      0.314691
       4340.00      0.326721
       4350.00      0.337668
       4360.00      0.346909
       4370.00      0.332267
       4380.00      0.311648
       4390.00      0.326211
       4400.00      0.330549
       4410.00      0.343677
       4420.00      0.356980
       4430.00      0.360055
       4440.00      0.374267
       4450.00      0.368481
       4460.00      0.377214
       4470.00      0.406139
       4480.00      0.423498
       4490.00      0.428222
       4500.00      0.439495
       4510.00      0.452853
       4520.00      0.430856
       4530.00      0.421025
       4540.00      0.434033
       4550.00      0.448646
       4560.00      0.453694
       4570.00      0.446156
       4580.00      0.452689
       4590.00      0.445934
       4600.00      0.457672
       4610.00      0.477563
       4620.00      0.483227
       4630.00      0.474163
       4640.00      0.457357
       4650.00      0.464729
       4660.00      0.463289
       4670.00      0.453683
       4680.00      0.475195
       4690.00      0.471103
       4700.00      0.467906
       4710.00      0.482461
       4720.00      0.491856
       4730.00      0.486600
       4740.00      0.503273
       4750.00      0.503227
       4760.00      0.494657
       4770.00      0.511929
       4780.00      0.517476
       4790.00      0.516324
       4800.00      0.524775
       4810.00      0.529617
       4820.00      0.527877
       4830.00      0.511835
       4840.00      0.515466
       4850.00      0.493702
       4860.00      0.485965
       4870.00      0.500923
       4880.00      0.507999
       4890.00      0.516664
       4900.00      0.531398
       4910.00      0.511968
       4920.00      0.516518
       4930.00      0.524816
       4940.00      0.537257
       4950.00      0.537422
       4960.00      0.530030
       4970.00      0.527165
       4980.00      0.524242
       4990.00      0.517335
       5000.00      0.513549
       5010.00      0.494200
       5020.00      0.510613
       5030.00      0.520603
       5040.00      0.523118
       5050.00      0.531886
       5060.00      0.527845
       5070.00      0.511342
       5080.00      0.520826
       5090.00      0.529125
       5100.00      0.507390
       5110.00      0.522007
       5120.00      0.517697
       5130.00      0.512332
       5140.00      0.507656
       5150.00      0.518020
       5160.00      0.488563
       5170.00      0.470260
       5180.00      0.497629
       5190.00      0.513961
       5200.00      0.521635
       5210.00      0.521755
       5220.00      0.529911
       5230.00      0.534486
       5240.00      0.546852
       5250.00      0.549740
       5260.00      0.515554
       5270.00      0.520904
       5280.00      0.568302
       5290.00      0.565992
       5300.00      0.574785
       5310.00      0.587430
       5320.00      0.561767
       5330.00      0.559164
       5340.00      0.581233
       5350.00      0.593064
       5360.00      0.595165
       5370.00      0.596746
       5380.00      0.604520
       5390.00      0.585728
       5400.00      0.570254
       5410.00      0.585088
       5420.00      0.613952
       5430.00      0.617063
       5440.00      0.628380
       5450.00      0.630130
       5460.00      0.636658
       5470.00      0.618145
       5480.00      0.626805
       5490.00      0.628169
       5500.00      0.637654
       5510.00      0.630881
       5520.00      0.642196
       5530.00      0.630464
       5540.00      0.637395
       5550.00      0.649256
       5560.00      0.646233
       5570.00      0.641987
       5580.00      0.634058
       5590.00      0.634769
       5600.00      0.634863
       5610.00      0.649054
       5620.00      0.649735
       5630.00      0.653466
       5640.00      0.655965
       5650.00      0.643850
       5660.00      0.651825
       5670.00      0.655527
       5680.00      0.669506
       5690.00      0.665308
       5700.00      0.665951
       5710.00      0.641300
       5720.00      0.671436
       5730.00      0.685266
       5740.00      0.708632
       5760.00      0.708559
       5780.00      0.712651
       5800.00      0.729756
       5820.00      0.721341
       5840.00      0.736533
       5860.00      0.726978
       5880.00      0.712811
       5900.00      0.703984
       5920.00      0.739938
       5940.00      0.743814
       5960.00      0.753433
       5980.00      0.751488
       6000.00      0.749556
       6020.00      0.756776
       6040.00      0.759393
       6060.00      0.772774
       6080.00      0.769666
       6100.00      0.751924
       6120.00      0.750028
       6140.00      0.749265
       6160.00      0.752414
       6180.00      0.756099
       6200.00      0.765861
       6220.00      0.753448
       6240.00      0.747176
       6260.00      0.742592
       6280.00      0.756105
       6300.00      0.761345
       6320.00      0.765464
       6340.00      0.760880
       6360.00      0.771462
       6380.00      0.777128
       6400.00      0.773625
       6420.00      0.764788
       6440.00      0.774692
       6460.00      0.777084
       6480.00      0.777339
       6500.00      0.781295
       6520.00      0.789973
       6540.00      0.770733
       6560.00      0.767335
       6580.00      0.766048
       6600.00      0.787170
       6620.00      0.792063
       6640.00      0.797444
       6660.00      0.790403
       6680.00      0.790610
       6700.00      0.784145
       6720.00      0.781811
       6740.00      0.786123
       6760.00      0.776676
       6780.00      0.783514
       6800.00      0.776658
       6820.00      0.776902
       6840.00      0.784684
       6860.00      0.760844
       6880.00      0.765629
       6900.00      0.780850
       6920.00      0.782071
       6940.00      0.770900
       6960.00      0.767696
       6980.00      0.765497
       7000.00      0.760363
       7020.00      0.776318
       7040.00      0.777532
       7060.00      0.785557
       7080.00      0.790136
       7100.00      0.785489
       7120.00      0.779903
       7140.00      0.779163
       7160.00      0.784670
       7180.00      0.783921
       7200.00      0.776968
       7220.00      0.784816
       7240.00      0.771250
       7260.00      0.772914
       7280.00      0.779765
       7300.00      0.784693
       7320.00      0.785368
       7340.00      0.778543
       7360.00      0.782501
       7380.00      0.789698
       7400.00      0.776413
       7420.00      0.778954
       7440.00      0.788413
       7460.00      0.795978
       7480.00      0.794310
       7500.00      0.783023
       7520.00      0.791456
       7540.00      0.777045
       7560.00      0.771805
       7580.00      0.740738
       7600.00      0.739241
       7620.00      0.901096
       7640.00      0.845632
       7660.00      0.811105
       7680.00      0.749897
       7700.00      0.762685
       7720.00      0.773179
       7740.00      0.792060
       7760.00      0.797994
       7780.00      0.821576
       7800.00      0.816824
       7820.00      0.821770
       7840.00      0.820989
       7860.00      0.825900
       7880.00      0.813331
       7900.00      0.807790
       7920.00      0.802277
       7940.00      0.796792
       7960.00      0.815956
       7980.00      0.807448
       8000.00      0.811446
       8020.00      0.811995
       8040.00      0.810830
       8060.00      0.819057
       8080.00      0.799157
       8100.00      0.791241
       8120.00      0.809617
       8140.00      0.796223
       8160.00      0.784159
       8180.00      0.800316
       8200.00      0.800880
       8220.00      0.798513
       8240.00      0.801582
       8260.00      0.810048
       8280.00      0.789820
       8300.00      0.776317
       8320.00      0.781890
       8340.00      0.762287
       8360.00      0.783084
       8380.00      0.785318
       8400.00      0.795319
       8420.00      0.794655
       8440.00      0.791550
       8460.00      0.816502
       8480.00      0.787816
       8500.00      0.774231
       8520.00      0.751832
       8540.00      0.753695
       8560.00      0.783666
       8580.00      0.799873
       8600.00      0.819203
       8620.00      0.788583
       8640.00      0.766461
       8660.00      0.781367
       8680.00      0.766891
       8700.00      0.811367
       8720.00      0.789791
       8740.00      0.786804
       8760.00      0.794820
       8780.00      0.798100
       8800.00      0.788081
       8820.00      0.806176
       8840.00      0.799684
       8860.00      0.804088
       8880.00      0.790662
       8900.00      0.779613
       8920.00      0.770541
       8940.00      0.769971
       8960.00      0.765950
       8980.00      0.772667
       9000.00      0.761400
       9020.00      0.803929
       9040.00      0.833719
       9060.00      0.789374
       9080.00      0.773625
       9100.00      0.787038
       9120.00      0.794360
       9140.00      0.758765
       9160.00      0.749226
       9180.00      0.777557
       9200.00      0.778483
       9220.00      0.767844
       9240.00      0.741995
       9260.00      0.712173
       9280.00      0.691001
       9300.00      0.639604
       9320.00      0.661842
       9340.00      0.706073
       9360.00      0.690973
       9380.00      0.733120
       9400.00      0.748752
       9420.00      0.661751
       9440.00      0.674554
       9460.00      0.723285
       9480.00      0.696008
       9500.00      0.687304
       9520.00      0.727395
       9540.00      0.729474
       9560.00      0.718597
       9580.00      0.728941
       9600.00      0.725273
       9620.00      0.738062
       9640.00      0.753651
       9660.00      0.764192
       9680.00      0.775401
       9700.00      0.745090
       9720.00      0.761244
       9740.00      0.757563
       9760.00      0.752840
       9780.00      0.756925
       9800.00      0.806254
       9820.00      0.804262
       9840.00      0.790397
       9860.00      0.773799
       9880.00      0.778497
       9900.00      0.773451
       9920.00      0.770159
       9940.00      0.767917
       9960.00      0.773625
       9980.00      0.788611
       10000.0      0.793911
       10020.0      0.782718
       10040.0      0.773282
       10060.0      0.775163
       10080.0      0.787610
       10100.0      0.786391
       10120.0      0.780080
       10140.0      0.784984
       10160.0      0.796637
       10180.0      0.777847
       10200.0      0.778007
       10220.0      0.760672
       10240.0      0.766909
       10260.0      0.761728
       10280.0      0.764260
       10300.0      0.771789
       10320.0      0.753968
       10340.0      0.756832
       10360.0      0.752716
       10380.0      0.764184
       10400.0      0.766351
       10420.0      0.755311
       10440.0      0.751229
       10460.0      0.757682
       10480.0      0.757877
       10500.0      0.754796
       10520.0      0.782776
       10540.0      0.767916
       10560.0      0.761903
       10580.0      0.781587
       10600.0      0.772003
       10620.0      0.775729
