       3160.00    0.00735195
       3170.00    0.00429747
       3180.00       0.00000
       3190.00       0.00000
       3200.00    0.00456453
       3210.00    0.00271652
       3220.00    0.00240099
       3230.00    0.00423821
       3240.00    0.00105054
       3250.00    0.00254036
       3260.00    0.00147502
       3270.00    0.00269472
       3280.00    0.00115564
       3290.00    0.00267794
       3300.00    0.00192957
       3310.00    0.00216707
       3320.00    0.00244757
       3330.00    0.00253362
       3340.00       0.00000
       3350.00       0.00000
       3360.00    0.00259327
       3370.00    0.00308407
       3380.00    0.00272263
       3390.00    0.00284711
       3400.00    0.00364752
       3410.00    0.00364033
       3420.00    0.00282447
       3430.00    0.00356408
       3440.00    0.00319711
       3450.00    0.00339857
       3460.00    0.00353087
       3470.00    0.00376506
       3480.00    0.00421254
       3490.00    0.00388058
       3500.00       0.00000
       3510.00       0.00000
       3520.00    0.00439877
       3530.00    0.00410393
       3540.00    0.00560537
       3550.00    0.00538367
       3560.00    0.00498775
       3570.00    0.00511897
       3580.00    0.00415056
       3590.00    0.00408347
       3600.00    0.00591436
       3610.00    0.00509170
       3620.00    0.00706023
       3630.00    0.00746183
       3640.00    0.00763850
       3650.00    0.00849513
       3660.00       0.00000
       3670.00       0.00000
       3680.00    0.00886649
       3690.00    0.00929629
       3700.00    0.00907719
       3710.00    0.00947187
       3720.00    0.00924276
       3730.00    0.00758247
       3740.00    0.00819120
       3750.00    0.00841036
       3760.00    0.00964636
       3770.00     0.0109146
       3780.00     0.0121691
       3790.00     0.0119581
       3800.00     0.0117728
       3810.00     0.0123558
       3820.00       0.00000
       3830.00       0.00000
       3840.00     0.0104526
       3850.00     0.0108742
       3860.00     0.0112248
       3870.00     0.0113812
       3880.00     0.0117390
       3890.00     0.0129661
       3900.00     0.0133793
       3910.00     0.0134879
       3920.00     0.0135992
       3930.00     0.0114172
       3940.00     0.0116007
       3950.00     0.0152322
       3960.00     0.0151098
       3970.00     0.0138364
       3980.00       0.00000
       3990.00       0.00000
       4000.00     0.0261794
       4010.00     0.0293125
       4020.00     0.0302810
       4030.00     0.0297903
       4040.00     0.0318681
       4050.00     0.0342933
       4060.00     0.0347653
       4070.00     0.0345819
       4080.00     0.0358328
       4090.00     0.0390597
       4100.00     0.0382837
       4110.00     0.0388696
       4120.00     0.0400334
       4130.00     0.0410628
       4140.00       0.00000
       4150.00       0.00000
       4160.00     0.0418210
       4170.00     0.0418482
       4180.00     0.0412075
       4190.00     0.0445032
       4200.00     0.0435745
       4210.00     0.0425555
       4220.00     0.0380769
       4230.00     0.0352534
       4240.00     0.0443232
       4250.00     0.0468145
       4260.00     0.0479526
       4270.00     0.0488052
       4280.00     0.0482564
       4290.00     0.0497549
       4300.00       0.00000
       4310.00       0.00000
       4320.00     0.0576546
       4330.00     0.0643663
       4340.00     0.0656267
       4350.00     0.0668813
       4360.00     0.0707821
       4370.00     0.0704377
       4380.00     0.0703376
       4390.00     0.0724177
       4400.00     0.0708636
       4410.00     0.0738975
       4420.00     0.0781205
       4430.00     0.0752140
       4440.00     0.0795047
       4450.00     0.0810882
       4460.00       0.00000
       4470.00       0.00000
       4480.00     0.0846689
       4490.00     0.0879140
       4500.00     0.0910856
       4510.00     0.0921803
       4520.00     0.0911530
       4530.00     0.0898956
       4540.00     0.0918346
       4550.00     0.0945247
       4560.00      0.102624
       4570.00      0.111793
       4580.00      0.105890
       4590.00     0.0944248
       4600.00     0.0941328
       4610.00      0.108142
       4620.00       0.00000
       4630.00       0.00000
       4640.00     0.0881368
       4650.00     0.0925776
       4660.00      0.103474
       4670.00      0.100349
       4680.00     0.0963292
       4690.00      0.103889
       4700.00      0.113565
       4710.00      0.113973
       4720.00      0.115956
       4730.00      0.120965
       4740.00      0.126822
       4750.00      0.133131
       4760.00      0.113809
       4770.00     0.0935365
       4780.00       0.00000
       4790.00       0.00000
       4800.00      0.109842
       4810.00      0.101435
       4820.00      0.102631
       4830.00      0.109765
       4840.00      0.116678
       4850.00      0.114903
       4860.00      0.111740
       4870.00      0.118879
       4880.00      0.128141
       4890.00      0.137691
       4900.00      0.150321
       4910.00      0.163657
       4920.00      0.172374
       4930.00      0.182916
       4940.00       0.00000
       4950.00       0.00000
       4960.00      0.131808
       4970.00      0.107128
       4980.00      0.115266
       4990.00      0.121454
       5000.00      0.120733
       5010.00      0.110411
       5020.00      0.115063
       5030.00      0.130476
       5040.00      0.143824
       5050.00      0.154041
       5060.00      0.162036
       5070.00      0.171626
       5080.00      0.176416
       5090.00      0.182205
       5100.00       0.00000
       5110.00       0.00000
       5120.00      0.207615
       5130.00      0.211434
       5140.00      0.215108
       5150.00      0.209735
       5160.00      0.217880
       5170.00      0.171442
       5180.00      0.123568
       5190.00      0.134469
       5200.00      0.145022
       5210.00      0.150126
       5220.00      0.165854
       5230.00      0.183935
       5240.00      0.190103
       5250.00      0.183994
       5260.00       0.00000
       5270.00       0.00000
       5280.00      0.208724
       5290.00      0.228052
       5300.00      0.235597
       5310.00      0.232875
       5320.00      0.235335
       5330.00      0.231328
       5340.00      0.233259
       5350.00      0.248921
       5360.00      0.254408
       5370.00      0.250964
       5380.00      0.259391
       5390.00      0.265074
       5400.00      0.261876
       5410.00      0.265814
       5420.00       0.00000
       5430.00       0.00000
       5440.00      0.291467
       5450.00      0.255572
       5460.00      0.205422
       5470.00      0.201936
       5480.00      0.216144
       5490.00      0.229234
       5500.00      0.225700
       5510.00      0.216414
       5520.00      0.233623
       5530.00      0.243222
       5540.00      0.250700
       5550.00      0.259348
       5560.00      0.255535
       5570.00      0.251975
       5580.00       0.00000
       5590.00       0.00000
       5600.00      0.235815
       5610.00      0.223739
       5620.00      0.222229
       5630.00      0.216995
       5640.00      0.219367
       5650.00      0.223472
       5660.00      0.237871
       5670.00      0.237217
       5680.00      0.243351
       5690.00      0.255537
       5700.00      0.266047
       5710.00      0.273030
       5720.00      0.283938
       5730.00      0.287153
       5740.00      0.288274
       5760.00      0.290734
       5780.00      0.292028
       5800.00      0.302936
       5820.00      0.300297
       5840.00      0.284931
       5860.00      0.258330
       5880.00      0.229423
       5900.00      0.216256
       5920.00      0.214021
       5940.00      0.222541
       5960.00      0.236824
       5980.00      0.252923
       6000.00      0.276447
       6020.00      0.295840
       6040.00      0.322806
       6060.00      0.343891
       6080.00       0.00000
       6100.00       0.00000
       6120.00      0.391120
       6140.00      0.393310
       6160.00      0.344782
       6180.00      0.282159
       6200.00      0.256168
       6220.00      0.246583
       6240.00      0.246219
       6260.00      0.264540
       6280.00      0.290787
       6300.00      0.318977
       6320.00      0.364653
       6340.00      0.399140
       6360.00      0.423589
       6380.00      0.447884
       6400.00      0.483865
       6420.00      0.503473
       6440.00       0.00000
       6460.00       0.00000
       6480.00      0.554600
       6500.00      0.539807
       6520.00      0.554459
       6540.00      0.578776
       6560.00      0.571541
       6580.00      0.555059
       6600.00      0.549752
       6620.00      0.532632
       6640.00      0.510811
       6660.00      0.477348
       6680.00      0.450849
       6700.00      0.440379
       6720.00      0.426806
       6740.00      0.427511
       6760.00      0.455737
       6780.00      0.471447
       6800.00       0.00000
       6820.00       0.00000
       6840.00      0.567575
       6860.00      0.595176
       6880.00      0.636717
       6900.00      0.682063
       6920.00      0.737327
       6940.00      0.797634
       6960.00      0.854539
       6980.00      0.913974
       7000.00      0.964335
       7020.00      0.988283
       7040.00      0.998879
       7060.00      0.837728
       7080.00      0.678051
       7100.00      0.613993
       7120.00      0.570642
       7140.00      0.547450
       7160.00       0.00000
       7180.00       0.00000
       7200.00      0.647368
       7220.00      0.683127
       7240.00      0.761462
       7260.00      0.848518
       7280.00      0.940390
       7300.00       1.02994
       7320.00       1.11464
       7340.00       1.19743
       7360.00       1.29043
       7380.00       1.37211
       7400.00       1.45533
       7420.00       1.48293
       7440.00       1.52236
       7460.00       1.56299
       7480.00       1.58529
       7500.00       1.60144
       7520.00       0.00000
       7540.00       0.00000
       7560.00       1.59295
       7580.00       1.72954
       7600.00       1.78200
       7620.00       1.74593
       7640.00       1.37134
       7660.00       1.14533
       7680.00      0.980882
       7700.00       1.03081
       7720.00       1.08529
       7740.00       1.12181
       7760.00       1.13108
       7780.00       1.16046
       7800.00       1.22854
       7820.00       1.28216
       7840.00       1.32297
       7860.00       1.35697
       7880.00       0.00000
       7900.00       0.00000
       7920.00       1.48933
       7940.00       1.51470
       7960.00       1.57969
       7980.00       1.64402
       8000.00       1.68626
       8020.00       1.71188
       8040.00       1.78036
       8060.00       1.83036
       8080.00       1.87353
       8100.00       1.88531
       8120.00       1.98051
       8140.00       2.03932
       8160.00       2.01152
       8180.00       1.98386
       8200.00       1.93850
       8220.00       1.92408
       8240.00       0.00000
       8260.00       0.00000
       8280.00       1.97113
       8300.00       1.92475
       8320.00       1.87699
       8340.00       1.87408
       8360.00       1.88073
       8380.00       1.87148
       8400.00       1.86861
       8420.00       1.86259
       8440.00       1.78889
       8460.00       1.69040
       8480.00       1.70522
       8500.00       1.69339
       8520.00       1.68630
       8540.00       1.66834
       8560.00       1.72034
       8580.00       1.83406
       8600.00       0.00000
       8620.00       0.00000
       8640.00       1.98591
       8660.00       1.93375
       8680.00       1.93389
       8700.00       2.04402
       8720.00       2.14297
       8740.00       2.18673
       8760.00       2.21512
       8780.00       2.23429
       8800.00       2.28661
       8820.00       2.31306
       8840.00       2.38301
       8860.00       2.29062
       8880.00       2.17321
       8900.00       2.18475
       8920.00       2.22753
       8940.00       2.26120
       8960.00       0.00000
       8980.00       0.00000
       9000.00       2.37461
       9020.00       2.38850
       9040.00       2.50083
       9060.00       2.58919
       9080.00       2.50591
       9100.00       2.50625
       9120.00       2.56924
       9140.00       2.56798
       9160.00       2.52030
       9180.00       2.51626
       9200.00       2.57724
       9220.00       2.54282
       9240.00       2.43663
       9260.00       2.38400
       9280.00       2.41897
       9300.00       2.43806
       9320.00       0.00000
       9340.00       0.00000
       9360.00       2.39119
       9380.00       2.34500
       9400.00       2.50544
       9420.00       2.47754
       9440.00       2.40612
       9460.00       2.43335
       9480.00       2.44224
       9500.00       2.44269
       9520.00       2.48921
       9540.00       2.59545
       9560.00       2.60670
       9580.00       2.57074
       9600.00       2.59722
       9620.00       2.63189
       9640.00       2.60161
       9660.00       2.58109
       9680.00       0.00000
       9700.00       0.00000
       9720.00       2.60755
       9740.00       2.56535
       9760.00       2.53967
       9780.00       2.55622
       9800.00       2.63915
       9820.00       2.70416
       9840.00       2.69056
       9860.00       2.70532
       9880.00       2.73616
       9900.00       2.71050
       9920.00       2.67422
       9940.00       2.70226
       9960.00       2.74354
       9980.00       2.74071
       10000.0       2.75915
       10020.0       2.76293
       10040.0       0.00000
       10060.0       0.00000
       10080.0       2.80186
       10100.0       2.85947
       10120.0       2.88797
       10140.0       2.83771
       10160.0       2.82689
       10180.0       2.83570
       10200.0       2.85750
       10220.0       2.86491
       10240.0       2.89826
       10260.0       2.89002
       10280.0       2.92706
       10300.0       2.90460
       10320.0       2.89382
       10340.0       2.87537
       10360.0       2.86597
       10380.0       2.85660
       10400.0       0.00000
       10420.0       0.00000
       10440.0       2.93057
       10460.0       2.98596
       10480.0       2.95236
       10500.0       2.98851
       10520.0       3.01315
       10540.0       3.03013
       10560.0       3.02439
       10580.0       2.99480
       10600.0       2.95906
       10620.0       2.99103
