       3160.00    0.00827328
       3170.00    0.00404350
       3180.00    0.00331008
       3190.00    0.00481403
       3200.00    0.00467891
       3210.00    0.00668654
       3220.00    0.00358577
       3230.00    0.00653183
       3240.00    0.00392225
       3250.00    0.00415932
       3260.00    0.00483415
       3270.00    0.00361347
       3280.00    0.00617425
       3290.00    0.00800338
       3300.00    0.00870135
       3310.00    0.00640990
       3320.00    0.00724625
       3330.00    0.00719427
       3340.00    0.00773154
       3350.00    0.00751592
       3360.00    0.00864808
       3370.00    0.00694056
       3380.00    0.00622301
       3390.00    0.00704805
       3400.00    0.00837277
       3410.00    0.00818187
       3420.00    0.00825158
       3430.00    0.00821685
       3440.00    0.00576340
       3450.00    0.00716679
       3460.00    0.00824345
       3470.00    0.00762908
       3480.00    0.00686840
       3490.00    0.00792485
       3500.00    0.00846684
       3510.00    0.00913216
       3520.00    0.00862147
       3530.00    0.00793354
       3540.00    0.00984174
       3550.00    0.00805636
       3560.00    0.00764824
       3570.00    0.00573292
       3580.00    0.00585875
       3590.00    0.00742504
       3600.00    0.00931810
       3610.00    0.00897803
       3620.00     0.0105000
       3630.00     0.0122265
       3640.00     0.0108759
       3650.00     0.0130719
       3660.00     0.0144986
       3670.00     0.0148704
       3680.00     0.0128535
       3690.00     0.0136369
       3700.00     0.0133033
       3710.00     0.0124043
       3720.00     0.0122750
       3730.00    0.00958816
       3740.00    0.00912831
       3750.00     0.0107691
       3760.00     0.0112332
       3770.00     0.0125952
       3780.00     0.0141835
       3790.00     0.0113386
       3800.00     0.0106611
       3810.00    0.00979986
       3820.00    0.00752645
       3830.00    0.00630882
       3840.00    0.00724542
       3850.00    0.00716363
       3860.00    0.00833729
       3870.00    0.00721999
       3880.00    0.00987890
       3890.00     0.0125477
       3900.00     0.0163159
       3910.00     0.0148585
       3920.00     0.0119965
       3930.00    0.00866604
       3940.00     0.0112518
       3950.00     0.0168042
       3960.00     0.0142781
       3970.00     0.0124331
       3980.00     0.0206544
       3990.00     0.0265072
       4000.00     0.0291399
       4010.00     0.0314058
       4020.00     0.0327956
       4030.00     0.0324305
       4040.00     0.0302894
       4050.00     0.0301807
       4060.00     0.0307937
       4070.00     0.0303247
       4080.00     0.0334570
       4090.00     0.0337890
       4100.00     0.0329368
       4110.00     0.0323780
       4120.00     0.0321440
       4130.00     0.0313683
       4140.00     0.0267291
       4150.00     0.0264222
       4160.00     0.0296246
       4170.00     0.0280177
       4180.00     0.0291436
       4190.00     0.0302095
       4200.00     0.0294950
       4210.00     0.0333692
       4220.00     0.0336479
       4230.00     0.0345524
       4240.00     0.0396929
       4250.00     0.0366287
       4260.00     0.0372085
       4270.00     0.0365643
       4280.00     0.0347901
       4290.00     0.0348796
       4300.00     0.0297452
       4310.00     0.0350043
       4320.00     0.0435323
       4330.00     0.0420478
       4340.00     0.0473687
       4350.00     0.0467445
       4360.00     0.0469521
       4370.00     0.0473052
       4380.00     0.0414843
       4390.00     0.0426194
       4400.00     0.0464213
       4410.00     0.0457351
       4420.00     0.0486641
       4430.00     0.0502684
       4440.00     0.0505570
       4450.00     0.0511219
       4460.00     0.0498072
       4470.00     0.0550993
       4480.00     0.0586114
       4490.00     0.0554753
       4500.00     0.0594590
       4510.00     0.0592764
       4520.00     0.0572224
       4530.00     0.0571061
       4540.00     0.0569804
       4550.00     0.0579309
       4560.00     0.0601312
       4570.00     0.0608405
       4580.00     0.0596689
       4590.00     0.0592997
       4600.00     0.0605133
       4610.00     0.0658695
       4620.00     0.0641922
       4630.00     0.0654368
       4640.00     0.0605536
       4650.00     0.0616531
       4660.00     0.0612558
       4670.00     0.0606740
       4680.00     0.0636234
       4690.00     0.0612151
       4700.00     0.0640924
       4710.00     0.0630239
       4720.00     0.0650613
       4730.00     0.0647110
       4740.00     0.0670644
       4750.00     0.0688205
       4760.00     0.0652931
       4770.00     0.0689827
       4780.00     0.0718625
       4790.00     0.0696306
       4800.00     0.0710485
       4810.00     0.0716236
       4820.00     0.0729271
       4830.00     0.0709292
       4840.00     0.0714537
       4850.00     0.0691087
       4860.00     0.0632530
       4870.00     0.0651803
       4880.00     0.0677277
       4890.00     0.0688241
       4900.00     0.0700653
       4910.00     0.0693543
       4920.00     0.0687763
       4930.00     0.0707524
       4940.00     0.0733780
       4950.00     0.0733129
       4960.00     0.0729161
       4970.00     0.0731284
       4980.00     0.0717782
       4990.00     0.0707909
       5000.00     0.0693319
       5010.00     0.0667556
       5020.00     0.0674609
       5030.00     0.0708373
       5040.00     0.0713230
       5050.00     0.0715260
       5060.00     0.0740336
       5070.00     0.0716409
       5080.00     0.0703382
       5090.00     0.0707842
       5100.00     0.0689950
       5110.00     0.0702923
       5120.00     0.0696904
       5130.00     0.0667278
       5140.00     0.0685470
       5150.00     0.0665308
       5160.00     0.0641146
       5170.00     0.0613627
       5180.00     0.0629486
       5190.00     0.0671727
       5200.00     0.0692604
       5210.00     0.0695138
       5220.00     0.0706777
       5230.00     0.0712423
       5240.00     0.0737253
       5250.00     0.0744911
       5260.00     0.0691488
       5270.00     0.0672728
       5280.00     0.0742758
       5290.00     0.0769285
       5300.00     0.0792088
       5310.00     0.0810238
       5320.00     0.0775180
       5330.00     0.0748407
       5340.00     0.0755572
       5350.00     0.0804266
       5360.00     0.0817274
       5370.00     0.0819074
       5380.00     0.0808879
       5390.00     0.0793884
       5400.00     0.0750565
       5410.00     0.0781056
       5420.00     0.0861737
       5430.00     0.0828642
       5440.00     0.0819635
       5450.00     0.0861190
       5460.00     0.0849559
       5470.00     0.0861387
       5480.00     0.0825088
       5490.00     0.0843250
       5500.00     0.0842549
       5510.00     0.0834378
       5520.00     0.0869330
       5530.00     0.0844596
       5540.00     0.0850503
       5550.00     0.0869577
       5560.00     0.0872949
       5570.00     0.0854956
       5580.00     0.0859163
       5590.00     0.0828984
       5600.00     0.0837306
       5610.00     0.0872508
       5620.00     0.0870141
       5630.00     0.0877534
       5640.00     0.0864622
       5650.00     0.0871189
       5660.00     0.0872882
       5670.00     0.0856820
       5680.00     0.0902024
       5690.00     0.0901243
       5700.00     0.0894044
       5710.00     0.0849216
       5720.00     0.0874923
       5730.00     0.0934070
       5740.00     0.0954758
       5760.00     0.0938736
       5780.00     0.0952108
       5800.00     0.0930684
       5820.00     0.0961284
       5840.00     0.0991675
       5860.00     0.0971116
       5880.00     0.0913354
       5900.00     0.0916461
       5920.00     0.0968228
       5940.00     0.0966508
       5960.00     0.0975546
       5980.00     0.0982228
       6000.00     0.0961418
       6020.00     0.0982540
       6040.00     0.0986861
       6060.00      0.100851
       6080.00     0.0969835
       6100.00     0.0946407
       6120.00     0.0956769
       6140.00     0.0970788
       6160.00     0.0966151
       6180.00     0.0982270
       6200.00      0.101157
       6220.00      0.101125
       6240.00     0.0991152
       6260.00     0.0977755
       6280.00      0.102345
       6300.00     0.0990426
       6320.00      0.101407
       6340.00     0.0985621
       6360.00     0.0981083
       6380.00      0.101386
       6400.00     0.0996394
       6420.00     0.0982602
       6440.00     0.0982392
       6460.00     0.0973685
       6480.00     0.0981975
       6500.00     0.0955729
       6520.00      0.101875
       6540.00     0.0999546
       6560.00     0.0960934
       6580.00     0.0971918
       6600.00      0.103343
       6620.00      0.104620
       6640.00      0.102307
       6660.00      0.101794
       6680.00      0.102859
       6700.00      0.103098
       6720.00      0.102791
       6740.00      0.104590
       6760.00      0.106514
       6780.00      0.105660
       6800.00      0.106291
       6820.00      0.106583
       6840.00      0.106004
       6860.00      0.102494
       6880.00      0.102262
       6900.00      0.107204
       6920.00      0.105175
       6940.00      0.104476
       6960.00      0.104308
       6980.00      0.105713
       7000.00      0.100183
       7020.00      0.102569
       7040.00      0.102667
       7060.00      0.106264
       7080.00      0.104995
       7100.00      0.104892
       7120.00      0.103377
       7140.00      0.103664
       7160.00      0.106761
       7180.00      0.105317
       7200.00      0.101403
       7220.00      0.103149
       7240.00      0.102991
       7260.00      0.102959
       7280.00      0.102488
       7300.00      0.100703
       7320.00      0.103740
       7340.00      0.102398
       7360.00      0.104170
       7380.00      0.102958
       7400.00      0.102680
       7420.00      0.103143
       7440.00      0.104157
       7460.00      0.104368
       7480.00      0.104517
       7500.00      0.104666
       7520.00      0.103475
       7540.00      0.102472
       7560.00      0.104380
       7580.00      0.108510
       7600.00     0.0940792
       7620.00      0.102777
       7640.00      0.105263
       7660.00      0.107974
       7680.00     0.0973283
       7700.00      0.101412
       7720.00      0.102394
       7740.00      0.102366
       7760.00      0.103871
       7780.00      0.105485
       7800.00      0.105039
       7820.00      0.103834
       7840.00      0.103861
       7860.00      0.103131
       7880.00     0.0981090
       7900.00     0.0968762
       7920.00     0.0968049
       7940.00     0.0962153
       7960.00     0.0963759
       7980.00     0.0955611
       8000.00     0.0988675
       8020.00     0.0970808
       8040.00     0.0984325
       8060.00     0.0975639
       8080.00     0.0953409
       8100.00     0.0918299
       8120.00     0.0969557
       8140.00     0.0972232
       8160.00     0.0923880
       8180.00     0.0957412
       8200.00      0.102314
       8220.00     0.0974457
       8240.00     0.0999295
       8260.00      0.102678
       8280.00      0.103259
       8300.00     0.0961758
       8320.00     0.0898415
       8340.00     0.0965921
       8360.00     0.0949383
       8380.00     0.0948755
       8400.00     0.0952487
       8420.00     0.0965980
       8440.00      0.103578
       8460.00      0.103117
       8480.00     0.0927857
       8500.00     0.0967652
       8520.00     0.0932091
       8540.00     0.0930980
       8560.00     0.0923461
       8580.00      0.100661
       8600.00     0.0985124
       8620.00      0.101839
       8640.00      0.101763
       8660.00     0.0934983
       8680.00     0.0909113
       8700.00      0.100693
       8720.00      0.100881
       8740.00      0.102221
       8760.00      0.101935
       8780.00     0.0988895
       8800.00      0.101056
       8820.00      0.101086
       8840.00      0.100443
       8860.00      0.102850
       8880.00     0.0994759
       8900.00     0.0970935
       8920.00      0.101338
       8940.00     0.0999340
       8960.00      0.103744
       8980.00      0.102087
       9000.00     0.0978954
       9020.00      0.102293
       9040.00      0.114465
       9060.00      0.103861
       9080.00     0.0953199
       9100.00     0.0990315
       9120.00      0.102426
       9140.00     0.0939434
       9160.00     0.0915909
       9180.00     0.0898466
       9200.00     0.0919882
       9220.00     0.0923345
       9240.00     0.0893621
       9260.00     0.0863533
       9280.00     0.0942515
       9300.00     0.0912942
       9320.00     0.0831469
       9340.00     0.0917849
       9360.00     0.0884608
       9380.00     0.0927102
       9400.00     0.0991801
       9420.00     0.0843524
       9440.00     0.0798608
       9460.00     0.0889281
       9480.00     0.0869550
       9500.00     0.0943320
       9520.00     0.0990352
       9540.00     0.0958066
       9560.00     0.0883328
       9580.00     0.0921118
       9600.00     0.0936353
       9620.00     0.0937260
       9640.00     0.0950026
       9660.00     0.0940008
       9680.00     0.0930032
       9700.00     0.0876710
       9720.00     0.0921028
       9740.00     0.0956241
       9760.00     0.0928971
       9780.00     0.0909765
       9800.00     0.0972792
       9820.00     0.0922363
       9840.00     0.0941409
       9860.00     0.0915838
       9880.00     0.0969545
       9900.00     0.0922765
       9920.00     0.0980392
       9940.00     0.0917211
       9960.00     0.0935119
       9980.00     0.0926369
       10000.0     0.0957453
       10020.0     0.0941389
       10040.0     0.0983255
       10060.0     0.0937192
       10080.0     0.0930340
       10100.0     0.0885923
       10120.0     0.0991303
       10140.0     0.0915812
       10160.0     0.0937423
       10180.0     0.0924347
       10200.0     0.0966486
       10220.0     0.0918491
       10240.0     0.0937247
       10260.0     0.0920260
       10280.0     0.0907790
       10300.0     0.0930455
       10320.0     0.0901169
       10340.0     0.0969769
       10360.0     0.0936105
       10380.0     0.0939149
       10400.0     0.0925027
       10420.0     0.0964519
       10440.0     0.0922797
       10460.0     0.0920595
       10480.0     0.0905743
       10500.0     0.0921009
       10520.0     0.0923607
       10540.0     0.0893209
       10560.0     0.0936570
       10580.0     0.0956418
       10600.0     0.0879953
       10620.0     0.0891219
