       3160.00    0.00248231
       3170.00    0.00167832
       3180.00       0.00000
       3190.00    0.00229081
       3200.00   0.000976802
       3210.00       0.00000
       3220.00    0.00182021
       3230.00    0.00199290
       3240.00    0.00184969
       3250.00    0.00133829
       3260.00    0.00189094
       3270.00    0.00285867
       3280.00    0.00224403
       3290.00    0.00296959
       3300.00    0.00261416
       3310.00    0.00203374
       3320.00    0.00241830
       3330.00    0.00282300
       3340.00    0.00272503
       3350.00    0.00314346
       3360.00    0.00246149
       3370.00    0.00251289
       3380.00    0.00280466
       3390.00    0.00345398
       3400.00    0.00348132
       3410.00    0.00377670
       3420.00    0.00375152
       3430.00    0.00304707
       3440.00    0.00316092
       3450.00    0.00268275
       3460.00    0.00386573
       3470.00    0.00347698
       3480.00    0.00359334
       3490.00    0.00416510
       3500.00    0.00461927
       3510.00    0.00466123
       3520.00    0.00366743
       3530.00    0.00388622
       3540.00    0.00505148
       3550.00    0.00443159
       3560.00    0.00405109
       3570.00    0.00242015
       3580.00    0.00193931
       3590.00    0.00352978
       3600.00    0.00384364
       3610.00    0.00423858
       3620.00    0.00512447
       3630.00    0.00575111
       3640.00    0.00534636
       3650.00    0.00638215
       3660.00    0.00644881
       3670.00    0.00658219
       3680.00    0.00539219
       3690.00    0.00654413
       3700.00    0.00640999
       3710.00    0.00518267
       3720.00    0.00537913
       3730.00    0.00444407
       3740.00    0.00416061
       3750.00    0.00408151
       3760.00    0.00477697
       3770.00    0.00628280
       3780.00    0.00633946
       3790.00    0.00543291
       3800.00    0.00561532
       3810.00    0.00575522
       3820.00    0.00312043
       3830.00    0.00318461
       3840.00    0.00454920
       3850.00    0.00459220
       3860.00    0.00407797
       3870.00    0.00500135
       3880.00    0.00488420
       3890.00    0.00584032
       3900.00    0.00675546
       3910.00    0.00722061
       3920.00    0.00589097
       3930.00    0.00393037
       3940.00    0.00500177
       3950.00    0.00724767
       3960.00    0.00545062
       3970.00    0.00529623
       3980.00     0.0109216
       3990.00     0.0126177
       4000.00     0.0149715
       4010.00     0.0160745
       4020.00     0.0172048
       4030.00     0.0173476
       4040.00     0.0173700
       4050.00     0.0170882
       4060.00     0.0187248
       4070.00     0.0177281
       4080.00     0.0182774
       4090.00     0.0204258
       4100.00     0.0196038
       4110.00     0.0187537
       4120.00     0.0198608
       4130.00     0.0176302
       4140.00     0.0173009
       4150.00     0.0192511
       4160.00     0.0202934
       4170.00     0.0185472
       4180.00     0.0191760
       4190.00     0.0195395
       4200.00     0.0198280
       4210.00     0.0229141
       4220.00     0.0199528
       4230.00     0.0201551
       4240.00     0.0223371
       4250.00     0.0228639
       4260.00     0.0242553
       4270.00     0.0246721
       4280.00     0.0230530
       4290.00     0.0220256
       4300.00     0.0206655
       4310.00     0.0257286
       4320.00     0.0319183
       4330.00     0.0289404
       4340.00     0.0332200
       4350.00     0.0334974
       4360.00     0.0375250
       4370.00     0.0345112
       4380.00     0.0274155
       4390.00     0.0327515
       4400.00     0.0338163
       4410.00     0.0329420
       4420.00     0.0355931
       4430.00     0.0356021
       4440.00     0.0370272
       4450.00     0.0376060
       4460.00     0.0363090
       4470.00     0.0409198
       4480.00     0.0455395
       4490.00     0.0432836
       4500.00     0.0461871
       4510.00     0.0469621
       4520.00     0.0428602
       4530.00     0.0432412
       4540.00     0.0443953
       4550.00     0.0477476
       4560.00     0.0483853
       4570.00     0.0478369
       4580.00     0.0496429
       4590.00     0.0484906
       4600.00     0.0504689
       4610.00     0.0540124
       4620.00     0.0568839
       4630.00     0.0521457
       4640.00     0.0494842
       4650.00     0.0509380
       4660.00     0.0519609
       4670.00     0.0514166
       4680.00     0.0525375
       4690.00     0.0529317
       4700.00     0.0519584
       4710.00     0.0527630
       4720.00     0.0548869
       4730.00     0.0541945
       4740.00     0.0575587
       4750.00     0.0572617
       4760.00     0.0545180
       4770.00     0.0563671
       4780.00     0.0563872
       4790.00     0.0563154
       4800.00     0.0570774
       4810.00     0.0605330
       4820.00     0.0611828
       4830.00     0.0594084
       4840.00     0.0605757
       4850.00     0.0566975
       4860.00     0.0571056
       4870.00     0.0584239
       4880.00     0.0568085
       4890.00     0.0590032
       4900.00     0.0618888
       4910.00     0.0593897
       4920.00     0.0607167
       4930.00     0.0627251
       4940.00     0.0637997
       4950.00     0.0652520
       4960.00     0.0633297
       4970.00     0.0634854
       4980.00     0.0616539
       4990.00     0.0610017
       5000.00     0.0601146
       5010.00     0.0578795
       5020.00     0.0597787
       5030.00     0.0589868
       5040.00     0.0595066
       5050.00     0.0626713
       5060.00     0.0620000
       5070.00     0.0577669
       5080.00     0.0577138
       5090.00     0.0581274
       5100.00     0.0560305
       5110.00     0.0556799
       5120.00     0.0549528
       5130.00     0.0536629
       5140.00     0.0549700
       5150.00     0.0552816
       5160.00     0.0525670
       5170.00     0.0474390
       5180.00     0.0512266
       5190.00     0.0556603
       5200.00     0.0549530
       5210.00     0.0583329
       5220.00     0.0647744
       5230.00     0.0637594
       5240.00     0.0656936
       5250.00     0.0668498
       5260.00     0.0606206
       5270.00     0.0605473
       5280.00     0.0717996
       5290.00     0.0704919
       5300.00     0.0712798
       5310.00     0.0766603
       5320.00     0.0704663
       5330.00     0.0699051
       5340.00     0.0717257
       5350.00     0.0763584
       5360.00     0.0781436
       5370.00     0.0761231
       5380.00     0.0765782
       5390.00     0.0731323
       5400.00     0.0689664
       5410.00     0.0739429
       5420.00     0.0789497
       5430.00     0.0760269
       5440.00     0.0746909
       5450.00     0.0798141
       5460.00     0.0805054
       5470.00     0.0799081
       5480.00     0.0782538
       5490.00     0.0786559
       5500.00     0.0817826
       5510.00     0.0788811
       5520.00     0.0802118
       5530.00     0.0822135
       5540.00     0.0850811
       5550.00     0.0859577
       5560.00     0.0846959
       5570.00     0.0850175
       5580.00     0.0844712
       5590.00     0.0835335
       5600.00     0.0844835
       5610.00     0.0861356
       5620.00     0.0861388
       5630.00     0.0874697
       5640.00     0.0876264
       5650.00     0.0873157
       5660.00     0.0876275
       5670.00     0.0879383
       5680.00     0.0908025
       5690.00     0.0910292
       5700.00     0.0887096
       5710.00     0.0852431
       5720.00     0.0896294
       5730.00     0.0936934
       5740.00     0.0950622
       5760.00     0.0959535
       5780.00     0.0950129
       5800.00     0.0967321
       5820.00      0.100706
       5840.00     0.0990058
       5860.00     0.0992682
       5880.00     0.0951169
       5900.00     0.0948690
       5920.00      0.101307
       5940.00      0.100966
       5960.00      0.103505
       5980.00      0.102055
       6000.00      0.100396
       6020.00      0.104153
       6040.00      0.102934
       6060.00      0.106295
       6080.00      0.102040
       6100.00      0.101345
       6120.00      0.100583
       6140.00      0.104767
       6160.00      0.103570
       6180.00      0.103591
       6200.00      0.106448
       6220.00      0.102925
       6240.00      0.102313
       6260.00      0.101916
       6280.00      0.105582
       6300.00      0.106503
       6320.00      0.108671
       6340.00      0.108397
       6360.00      0.109992
       6380.00      0.111094
       6400.00      0.107518
       6420.00      0.109443
       6440.00      0.111766
       6460.00      0.111692
       6480.00      0.109787
       6500.00      0.110261
       6520.00      0.113362
       6540.00      0.113957
       6560.00      0.109923
       6580.00      0.113464
       6600.00      0.116385
       6620.00      0.117229
       6640.00      0.114757
       6660.00      0.113818
       6680.00      0.116044
       6700.00      0.118192
       6720.00      0.115615
       6740.00      0.118860
       6760.00      0.116817
       6780.00      0.122180
       6800.00      0.120592
       6820.00      0.118497
       6840.00      0.118987
       6860.00      0.118447
       6880.00      0.116505
       6900.00      0.123241
       6920.00      0.124982
       6940.00      0.123734
       6960.00      0.122747
       6980.00      0.124789
       7000.00      0.123930
       7020.00      0.122262
       7040.00      0.124600
       7060.00      0.123687
       7080.00      0.124331
       7100.00      0.124042
       7120.00      0.123015
       7140.00      0.121254
       7160.00      0.124170
       7180.00      0.122232
       7200.00      0.121282
       7220.00      0.126061
       7240.00      0.126138
       7260.00      0.125185
       7280.00      0.125384
       7300.00      0.125764
       7320.00      0.126742
       7340.00      0.126756
       7360.00      0.130175
       7380.00      0.128928
       7400.00      0.126679
       7420.00      0.127108
       7440.00      0.128952
       7460.00      0.129550
       7480.00      0.129732
       7500.00      0.127159
       7520.00      0.130036
       7540.00      0.127709
       7560.00      0.130453
       7580.00      0.120016
       7600.00      0.110154
       7620.00      0.120540
       7640.00      0.122411
       7660.00      0.131965
       7680.00      0.125381
       7700.00      0.127682
       7720.00      0.131907
       7740.00      0.130090
       7760.00      0.136044
       7780.00      0.132133
       7800.00      0.134839
       7820.00      0.131907
       7840.00      0.130786
       7860.00      0.131292
       7880.00      0.128169
       7900.00      0.127344
       7920.00      0.126189
       7940.00      0.125207
       7960.00      0.125058
       7980.00      0.128106
       8000.00      0.128939
       8020.00      0.127905
       8040.00      0.128134
       8060.00      0.127270
       8080.00      0.126955
       8100.00      0.125339
       8120.00      0.126276
       8140.00      0.128666
       8160.00      0.126842
       8180.00      0.125135
       8200.00      0.129763
       8220.00      0.124686
       8240.00      0.125291
       8260.00      0.132067
       8280.00      0.129836
       8300.00      0.126345
       8320.00      0.118590
       8340.00      0.129271
       8360.00      0.124018
       8380.00      0.128444
       8400.00      0.131384
       8420.00      0.133787
       8440.00      0.127896
       8460.00      0.131492
       8480.00      0.125685
       8500.00      0.123683
       8520.00      0.123857
       8540.00      0.121353
       8560.00      0.127490
       8580.00      0.130985
       8600.00      0.131140
       8620.00      0.135886
       8640.00      0.122951
       8660.00      0.126779
       8680.00      0.133680
       8700.00      0.131250
       8720.00      0.140984
       8740.00      0.130448
       8760.00      0.137077
       8780.00      0.129654
       8800.00      0.134755
       8820.00      0.129614
       8840.00      0.132952
       8860.00      0.141783
       8880.00      0.137800
       8900.00      0.136354
       8920.00      0.136196
       8940.00      0.135891
       8960.00      0.140201
       8980.00      0.133474
       9000.00      0.129074
       9020.00      0.142047
       9040.00      0.145186
       9060.00      0.144331
       9080.00      0.130939
       9100.00      0.142827
       9120.00      0.132582
       9140.00      0.131090
       9160.00      0.132771
       9180.00      0.125489
       9200.00      0.134584
       9220.00      0.129904
       9240.00      0.128291
       9260.00      0.124785
       9280.00      0.122431
       9300.00      0.107323
       9320.00      0.112518
       9340.00      0.118632
       9360.00      0.117157
       9380.00      0.127735
       9400.00      0.137520
       9420.00      0.111837
       9440.00      0.110948
       9460.00      0.116755
       9480.00      0.118967
       9500.00      0.114320
       9520.00      0.135140
       9540.00      0.127759
       9560.00      0.126664
       9580.00      0.124334
       9600.00      0.120915
       9620.00      0.129302
       9640.00      0.126753
       9660.00      0.130861
       9680.00      0.131453
       9700.00      0.129505
       9720.00      0.128424
       9740.00      0.129831
       9760.00      0.130105
       9780.00      0.125074
       9800.00      0.129933
       9820.00      0.135669
       9840.00      0.139548
       9860.00      0.129856
       9880.00      0.135512
       9900.00      0.132129
       9920.00      0.130046
       9940.00      0.131155
       9960.00      0.133541
       9980.00      0.134727
       10000.0      0.135029
       10020.0      0.132741
       10040.0      0.130725
       10060.0      0.128498
       10080.0      0.133870
       10100.0      0.129382
       10120.0      0.129040
       10140.0      0.133295
       10160.0      0.130349
       10180.0      0.134715
       10200.0      0.135442
       10220.0      0.130143
       10240.0      0.131779
       10260.0      0.131865
       10280.0      0.132549
       10300.0      0.133444
       10320.0      0.126752
       10340.0      0.130972
       10360.0      0.133987
       10380.0      0.124452
       10400.0      0.128906
       10420.0      0.134270
       10440.0      0.134182
       10460.0      0.125224
       10480.0      0.129390
       10500.0      0.136639
       10520.0      0.134833
       10540.0      0.129863
       10560.0      0.135780
       10580.0      0.132198
       10600.0      0.133940
       10620.0      0.128347
