       3160.00       0.00000
       3170.00       3.41252
       3180.00       4.03330
       3190.00       2.05410
       3200.00       1.81926
       3210.00       2.09977
       3220.00       1.41746
       3230.00      0.548976
       3240.00       1.20477
       3250.00      0.786937
       3260.00      0.506944
       3270.00      0.692992
       3280.00      0.538281
       3290.00      0.789893
       3300.00      0.750506
       3310.00      0.512195
       3320.00      0.442351
       3330.00      0.548987
       3340.00      0.624556
       3350.00      0.830863
       3360.00      0.722571
       3370.00      0.662919
       3380.00      0.586916
       3390.00      0.468148
       3400.00      0.520180
       3410.00      0.845779
       3420.00       1.16947
       3430.00       1.17229
       3440.00      0.938656
       3450.00      0.952301
       3460.00       1.04128
       3470.00      0.640297
       3480.00      0.755975
       3490.00      0.546992
       3500.00      0.902509
       3510.00       1.42381
       3520.00       1.23986
       3530.00       1.27914
       3540.00       1.20699
       3550.00      0.857989
       3560.00      0.651543
       3570.00      0.654420
       3580.00      0.534520
       3590.00      0.640147
       3600.00      0.858789
       3610.00      0.885577
       3620.00      0.977977
       3630.00      0.696571
       3640.00      0.739095
       3650.00      0.709477
       3660.00       1.48637
       3670.00       1.80332
       3680.00       1.57242
       3690.00       1.56361
       3700.00       1.43566
       3710.00       1.16361
       3720.00       1.01773
       3730.00      0.875496
       3740.00      0.822153
       3750.00       1.07633
       3760.00       1.27639
       3770.00       1.85101
       3780.00       2.18643
       3790.00       1.45190
       3800.00       1.38945
       3810.00       1.21157
       3820.00       1.10773
       3830.00       1.08492
       3840.00       1.33484
       3850.00       1.50577
       3860.00       1.38841
       3870.00       1.32685
       3880.00       1.27467
       3890.00       1.79666
       3900.00       2.18841
       3910.00       2.31161
       3920.00       1.94563
       3930.00       1.06275
       3940.00       1.14371
       3950.00       1.83079
       3960.00       1.63157
       3970.00       1.17658
       3980.00       2.45116
       3990.00       3.64744
       4000.00       4.09726
       4010.00       4.60839
       4020.00       4.80950
       4030.00       4.19550
       4040.00       4.13224
       4050.00       4.70605
       4060.00       4.85984
       4070.00       4.67543
       4080.00       5.52046
       4090.00       5.91365
       4100.00       5.46748
       4110.00       4.98636
       4120.00       5.21871
       4130.00       4.85137
       4140.00       4.74750
       4150.00       4.97507
       4160.00       5.49133
       4170.00       5.17077
       4180.00       5.48331
       4190.00       5.49572
       4200.00       5.56257
       4210.00       6.11843
       4220.00       5.47473
       4230.00       5.48704
       4240.00       7.02887
       4250.00       7.08415
       4260.00       7.16423
       4270.00       6.75077
       4280.00       6.56030
       4290.00       6.44541
       4300.00       5.74550
       4310.00       7.08112
       4320.00       8.95101
       4330.00       9.64223
       4340.00       10.1615
       4350.00       9.84697
       4360.00       10.3459
       4370.00       10.5841
       4380.00       9.20815
       4390.00       9.35750
       4400.00       9.72120
       4410.00       9.78220
       4420.00       10.8200
       4430.00       10.3650
       4440.00       10.8228
       4450.00       10.9734
       4460.00       11.0240
       4470.00       12.4673
       4480.00       13.7304
       4490.00       13.1765
       4500.00       14.2120
       4510.00       15.1245
       4520.00       14.1727
       4530.00       13.2589
       4540.00       13.7574
       4550.00       14.7702
       4560.00       15.5543
       4570.00       15.8842
       4580.00       15.7529
       4590.00       15.2232
       4600.00       15.5418
       4610.00       16.7626
       4620.00       17.8196
       4630.00       17.5175
       4640.00       16.2596
       4650.00       16.1065
       4660.00       16.6057
       4670.00       16.5146
       4680.00       16.6326
       4690.00       17.1437
       4700.00       16.8962
       4710.00       17.0515
       4720.00       18.1243
       4730.00       17.8601
       4740.00       17.9544
       4750.00       18.0644
       4760.00       17.7828
       4770.00       17.4576
       4780.00       17.3285
       4790.00       17.8498
       4800.00       18.7537
       4810.00       19.0446
       4820.00       19.3724
       4830.00       18.9152
       4840.00       18.6018
       4850.00       19.0701
       4860.00       18.5002
       4870.00       18.0893
       4880.00       18.6245
       4890.00       19.2136
       4900.00       20.2706
       4910.00       20.3226
       4920.00       19.3694
       4930.00       19.5561
       4940.00       20.5019
       4950.00       21.0925
       4960.00       20.5792
       4970.00       20.6023
       4980.00       19.8592
       4990.00       19.2323
       5000.00       19.2060
       5010.00       18.5433
       5020.00       18.7313
       5030.00       19.8378
       5040.00       19.7227
       5050.00       19.4510
       5060.00       20.1906
       5070.00       20.1147
       5080.00       18.8645
       5090.00       18.7285
       5100.00       18.7157
       5110.00       18.6582
       5120.00       18.4906
       5130.00       18.5765
       5140.00       18.5137
       5150.00       18.0599
       5160.00       18.6489
       5170.00       16.4700
       5180.00       15.3983
       5190.00       17.9707
       5200.00       19.7351
       5210.00       19.3428
       5220.00       20.6534
       5230.00       22.3850
       5240.00       23.6556
       5250.00       22.5497
       5260.00       21.3318
       5270.00       21.1234
       5280.00       22.5603
       5290.00       25.1657
       5300.00       24.6604
       5310.00       25.5077
       5320.00       26.1109
       5330.00       24.1580
       5340.00       24.4443
       5350.00       26.2241
       5360.00       27.7324
       5370.00       27.2261
       5380.00       27.0309
       5390.00       26.2701
       5400.00       24.6955
       5410.00       24.9234
       5420.00       27.1861
       5430.00       27.4030
       5440.00       27.4957
       5450.00       27.3585
       5460.00       26.4252
       5470.00       26.9181
       5480.00       26.2731
       5490.00       26.9729
       5500.00       28.0781
       5510.00       28.0271
       5520.00       28.1975
       5530.00       29.1399
       5540.00       29.6107
       5550.00       29.7773
       5560.00       29.8060
       5570.00       29.7799
       5580.00       30.3829
       5590.00       29.6734
       5600.00       28.8029
       5610.00       30.1660
       5620.00       30.8726
       5630.00       29.7065
       5640.00       30.5467
       5650.00       30.6817
       5660.00       30.5196
       5670.00       30.7080
       5680.00       31.5943
       5690.00       32.3165
       5700.00       31.8047
       5710.00       30.3593
       5720.00       31.4267
       5730.00       32.3039
       5740.00       33.1516
       5760.00       33.1689
       5780.00       33.5822
       5800.00       34.6766
       5820.00       35.9209
       5840.00       36.0069
       5860.00       34.7122
       5880.00       32.2065
       5900.00       31.3732
       5920.00       34.2573
       5940.00       34.7842
       5960.00       35.9988
       5980.00       36.0315
       6000.00       35.7588
       6020.00       36.1217
       6040.00       0.00000
       6060.00       38.5524
       6080.00       38.6013
       6100.00       38.2996
       6120.00       37.9999
       6140.00       37.2548
       6160.00       36.6632
       6180.00       35.8532
       6200.00       35.8113
       6220.00       34.7149
       6240.00       33.4298
       6260.00       33.4936
       6280.00       34.7720
       6300.00       36.5509
       6320.00       37.5218
       6340.00       38.1255
       6360.00       38.7014
       6380.00       39.2020
       6400.00       0.00000
       6420.00       40.2412
       6440.00       40.4243
       6460.00       40.3936
       6480.00       39.3035
       6500.00       39.5347
       6520.00       41.6368
       6540.00       41.1828
       6560.00       40.3129
       6580.00       40.9789
       6600.00       42.3113
       6620.00       42.5293
       6640.00       42.5620
       6660.00       42.2280
       6680.00       42.4442
       6700.00       42.1125
       6720.00       42.3051
       6740.00       41.8853
       6760.00       0.00000
       6780.00       42.5384
       6800.00       43.0865
       6820.00       43.9894
       6840.00       46.9619
       6860.00       44.4670
       6880.00       43.4727
       6900.00       46.5756
       6920.00       46.4851
       6940.00       45.0099
       6960.00       45.0559
       6980.00       43.9868
       7000.00       43.8829
       7020.00       44.4752
       7040.00       45.4977
       7060.00       45.1526
       7080.00       44.5078
       7100.00       43.5872
       7120.00       0.00000
       7140.00       42.8515
       7160.00       44.3728
       7180.00       44.3980
       7200.00       43.9144
       7220.00       45.3779
       7240.00       44.8099
       7260.00       44.8756
       7280.00       45.5698
       7300.00       46.3230
       7320.00       46.6133
       7340.00       46.3616
       7360.00       46.9820
       7380.00       47.9299
       7400.00       48.3777
       7420.00       48.7204
       7440.00       49.5124
       7460.00       49.2569
       7480.00       0.00000
       7500.00       50.4795
       7520.00       52.5571
       7540.00       54.4618
       7560.00       56.5178
       7580.00       59.0462
       7600.00       51.7830
       7620.00       65.4049
       7640.00       58.6624
       7660.00       55.1824
       7680.00       45.3622
       7700.00       48.4747
       7720.00       49.8514
       7740.00       51.1421
       7760.00       51.6002
       7780.00       51.3695
       7800.00       51.8051
       7820.00       51.6336
       7840.00       0.00000
       7860.00       51.4097
       7880.00       50.8144
       7900.00       49.5268
       7920.00       49.8256
       7940.00       49.4310
       7960.00       50.0737
       7980.00       50.6940
       8000.00       51.2348
       8020.00       51.3354
       8040.00       52.0808
       8060.00       52.3681
       8080.00       51.7663
       8100.00       50.3386
       8120.00       52.5637
       8140.00       51.9846
       8160.00       49.6505
       8180.00       50.3126
       8200.00       0.00000
       8220.00       52.8524
       8240.00       53.7057
       8260.00       56.3283
       8280.00       54.3308
       8300.00       53.8138
       8320.00       52.2906
       8340.00       50.4269
       8360.00       51.7301
       8380.00       51.6794
       8400.00       52.4465
       8420.00       52.7569
       8440.00       53.9698
       8460.00       55.3033
       8480.00       54.1292
       8500.00       53.1580
       8520.00       52.9974
       8540.00       50.5504
       8560.00       0.00000
       8580.00       55.9882
       8600.00       56.4081
       8620.00       57.1093
       8640.00       55.4758
       8660.00       52.7926
       8680.00       53.3215
       8700.00       57.1278
       8720.00       58.2043
       8740.00       57.4076
       8760.00       56.8411
       8780.00       57.6849
       8800.00       56.1492
       8820.00       55.7624
       8840.00       57.3106
       8860.00       57.9908
       8880.00       57.9632
       8900.00       57.8501
       8920.00       0.00000
       8940.00       58.0351
       8960.00       58.7912
       8980.00       59.0681
       9000.00       55.1388
       9020.00       59.1614
       9040.00       63.0480
       9060.00       58.4623
       9080.00       54.0312
       9100.00       55.4216
       9120.00       54.8818
       9140.00       52.2073
       9160.00       51.5102
       9180.00       54.3901
       9200.00       58.0371
       9220.00       57.3981
       9240.00       58.0831
       9260.00       56.2932
       9280.00       0.00000
       9300.00       63.6646
       9320.00       60.6299
       9340.00       72.7537
       9360.00       56.4418
       9380.00       60.9579
       9400.00       71.8672
       9420.00       57.5564
       9440.00       55.5108
       9460.00       64.4752
       9480.00       62.4558
       9500.00       63.0311
       9520.00       68.9257
       9540.00       71.2125
       9560.00       65.5566
       9580.00       62.2977
       9600.00       59.1318
       9620.00       59.2151
       9640.00       0.00000
       9660.00       58.1958
       9680.00       59.2106
       9700.00       55.7849
       9720.00       56.7062
       9740.00       55.9004
       9760.00       57.5839
       9780.00       56.7328
       9800.00       57.4112
       9820.00       58.3354
       9840.00       58.3254
       9860.00       56.8916
       9880.00       57.5950
       9900.00       57.8794
       9920.00       58.4703
       9940.00       58.9975
       9960.00       60.1966
       9980.00       59.4032
       10000.0       0.00000
       10020.0       63.8872
       10040.0       61.2369
       10060.0       60.1443
       10080.0       61.2209
       10100.0       61.0544
       10120.0       61.5821
       10140.0       61.3553
       10160.0       61.0843
       10180.0       60.9044
       10200.0       60.0668
       10220.0       59.8298
       10240.0       61.0542
       10260.0       61.6342
       10280.0       61.4846
       10300.0       61.9134
       10320.0       60.5513
       10340.0       59.1650
       10360.0       0.00000
       10380.0       60.8188
       10400.0       61.3768
       10420.0       61.7276
       10440.0       62.7348
       10460.0       61.6812
       10480.0       61.9129
       10500.0       61.6933
       10520.0       62.3448
       10540.0       61.3578
       10560.0       61.9208
       10580.0       61.4576
       10600.0       61.4424
       10620.0       61.3267
