       3160.00      0.741632
       3170.00       1.08602
       3180.00      0.767436
       3190.00      0.953576
       3200.00      0.789378
       3210.00      0.846697
       3220.00      0.666266
       3230.00      0.632844
       3240.00      0.699436
       3250.00      0.840342
       3260.00      0.850887
       3270.00       1.02625
       3280.00      0.978624
       3290.00       1.05463
       3300.00      0.986611
       3310.00      0.840885
       3320.00      0.854270
       3330.00      0.856428
       3340.00      0.885509
       3350.00       1.00607
       3360.00      0.734187
       3370.00      0.618688
       3380.00      0.748643
       3390.00      0.904741
       3400.00       1.09064
       3410.00      0.909951
       3420.00       1.03735
       3430.00       1.06569
       3440.00      0.858488
       3450.00      0.848158
       3460.00      0.985536
       3470.00      0.976713
       3480.00      0.925817
       3490.00      0.882062
       3500.00       1.09237
       3510.00       1.19806
       3520.00      0.930131
       3530.00       1.06081
       3540.00       1.19004
       3550.00       1.05678
       3560.00      0.922154
       3570.00      0.752857
       3580.00      0.647244
       3590.00      0.851534
       3600.00       1.20359
       3610.00       1.10858
       3620.00       1.25811
       3630.00       1.37822
       3640.00       1.33814
       3650.00       1.52959
       3660.00       1.75679
       3670.00       1.84457
       3680.00       1.66107
       3690.00       1.67857
       3700.00       1.72249
       3710.00       1.66697
       3720.00       1.42792
       3730.00       1.06735
       3740.00      0.998722
       3750.00       1.15360
       3760.00       1.32087
       3770.00       1.54299
       3780.00       1.72765
       3790.00       1.46064
       3800.00       1.30564
       3810.00       1.21205
       3820.00      0.965619
       3830.00      0.729510
       3840.00      0.895873
       3850.00      0.953683
       3860.00      0.898729
       3870.00      0.899983
       3880.00       1.13278
       3890.00       1.58466
       3900.00       1.88743
       3910.00       1.87777
       3920.00       1.67878
       3930.00       1.00327
       3940.00       1.11298
       3950.00       1.95273
       3960.00       1.64753
       3970.00       1.34798
       3980.00       2.33637
       3990.00       3.14572
       4000.00       3.42097
       4010.00       3.71367
       4020.00       3.91102
       4030.00       3.67026
       4040.00       3.60356
       4050.00       3.58223
       4060.00       3.45254
       4070.00       3.51671
       4080.00       4.07247
       4090.00       4.21480
       4100.00       3.96360
       4110.00       3.91722
       4120.00       3.88633
       4130.00       3.66975
       4140.00       3.55451
       4150.00       3.50804
       4160.00       3.66294
       4170.00       3.55307
       4180.00       3.75529
       4190.00       3.76735
       4200.00       3.87822
       4210.00       4.24559
       4220.00       4.23553
       4230.00       4.32369
       4240.00       4.93521
       4250.00       4.66602
       4260.00       4.64178
       4270.00       4.66037
       4280.00       4.57452
       4290.00       4.12683
       4300.00       3.53637
       4310.00       4.21278
       4320.00       5.30548
       4330.00       5.46032
       4340.00       5.76521
       4350.00       5.85031
       4360.00       5.91481
       4370.00       5.83649
       4380.00       5.14806
       4390.00       5.32980
       4400.00       5.77382
       4410.00       5.91908
       4420.00       6.17186
       4430.00       6.23178
       4440.00       6.57199
       4450.00       6.27022
       4460.00       6.23218
       4470.00       6.86427
       4480.00       7.39805
       4490.00       7.16579
       4500.00       7.67135
       4510.00       7.85941
       4520.00       7.32005
       4530.00       6.99418
       4540.00       7.36264
       4550.00       7.78893
       4560.00       7.87257
       4570.00       7.87737
       4580.00       7.99067
       4590.00       7.78821
       4600.00       8.01610
       4610.00       8.30169
       4620.00       8.73447
       4630.00       8.70473
       4640.00       8.42157
       4650.00       8.38316
       4660.00       8.23826
       4670.00       8.07378
       4680.00       8.48805
       4690.00       8.41361
       4700.00       8.24713
       4710.00       8.78796
       4720.00       9.05060
       4730.00       8.76278
       4740.00       8.95002
       4750.00       9.04509
       4760.00       8.91771
       4770.00       8.96892
       4780.00       9.20155
       4790.00       9.21517
       4800.00       9.49613
       4810.00       9.63204
       4820.00       9.57420
       4830.00       9.18835
       4840.00       9.39815
       4850.00       8.97534
       4860.00       8.70315
       4870.00       8.94494
       4880.00       9.07487
       4890.00       9.45644
       4900.00       9.77868
       4910.00       9.43330
       4920.00       9.26963
       4930.00       9.31591
       4940.00       9.90072
       4950.00       10.0307
       4960.00       9.99018
       4970.00       9.75615
       4980.00       9.49779
       4990.00       9.38041
       5000.00       9.21317
       5010.00       9.03027
       5020.00       9.06743
       5030.00       9.54346
       5040.00       9.65435
       5050.00       9.84453
       5060.00       9.88476
       5070.00       9.56124
       5080.00       9.27614
       5090.00       9.15162
       5100.00       9.24717
       5110.00       9.27463
       5120.00       9.12257
       5130.00       8.92206
       5140.00       8.98426
       5150.00       9.01446
       5160.00       8.73119
       5170.00       8.15939
       5180.00       8.63189
       5190.00       9.33774
       5200.00       9.59685
       5210.00       9.66900
       5220.00       9.71435
       5230.00       9.85818
       5240.00       10.2428
       5250.00       10.0531
       5260.00       9.68952
       5270.00       9.44312
       5280.00       10.6084
       5290.00       10.7894
       5300.00       10.9115
       5310.00       11.0746
       5320.00       10.8492
       5330.00       10.5349
       5340.00       10.9370
       5350.00       11.5539
       5360.00       11.7495
       5370.00       11.3269
       5380.00       11.2228
       5390.00       10.8448
       5400.00       10.4741
       5410.00       10.5443
       5420.00       11.1029
       5430.00       11.1125
       5440.00       11.2043
       5450.00       11.4469
       5460.00       11.3580
       5470.00       11.1175
       5480.00       11.0663
       5490.00       11.1469
       5500.00       11.5762
       5510.00       11.6237
       5520.00       11.8078
       5530.00       11.7979
       5540.00       11.6289
       5550.00       12.0161
       5560.00       12.0171
       5570.00       11.6228
       5580.00       11.9176
       5590.00       11.5137
       5600.00       11.3920
       5610.00       11.9773
       5620.00       12.0567
       5630.00       11.8341
       5640.00       12.1144
       5650.00       12.0818
       5660.00       11.9493
       5670.00       12.2389
       5680.00       12.4499
       5690.00       12.5718
       5700.00       12.2076
       5710.00       11.7895
       5720.00       12.5389
       5730.00       12.3852
       5740.00       12.8788
       5760.00       12.7576
       5780.00       12.7570
       5800.00       13.2662
       5820.00       13.4152
       5840.00       13.4770
       5860.00       13.0338
       5880.00       12.6471
       5900.00       13.1800
       5920.00       13.3374
       5940.00       13.5997
       5960.00       13.4379
       5980.00       13.4245
       6000.00       13.5371
       6020.00       13.3667
       6040.00       13.7703
       6060.00       13.8702
       6080.00       13.9074
       6100.00       13.8824
       6120.00       13.8679
       6140.00       13.4128
       6160.00       13.5225
       6180.00       13.7638
       6200.00       13.9934
       6220.00       13.8068
       6240.00       13.3189
       6260.00       13.7386
       6280.00       13.7750
       6300.00       13.6913
       6320.00       13.7874
       6340.00       13.8828
       6360.00       13.9974
       6380.00       13.8155
       6400.00       13.9689
       6420.00       13.8960
       6440.00       14.0971
       6460.00       14.2288
       6480.00       14.2819
       6500.00       14.1218
       6520.00       14.5803
       6540.00       14.1509
       6560.00       14.2804
       6580.00       14.7533
       6600.00       14.7658
       6620.00       14.9493
       6640.00       14.8853
       6660.00       14.5855
       6680.00       14.5984
       6700.00       14.7708
       6720.00       14.7736
       6740.00       14.5244
       6760.00       14.8630
       6780.00       14.6707
       6800.00       15.2197
       6820.00       15.2212
       6840.00       15.4434
       6860.00       14.7473
       6880.00       14.8141
       6900.00       15.1541
       6920.00       15.2194
       6940.00       14.9489
       6960.00       14.7071
       6980.00       15.0165
       7000.00       14.8028
       7020.00       14.7786
       7040.00       15.0583
       7060.00       14.8731
       7080.00       14.8755
       7100.00       14.4437
       7120.00       14.5622
       7140.00       14.5214
       7160.00       14.7708
       7180.00       14.5369
       7200.00       14.6887
       7220.00       14.4999
       7240.00       14.4164
       7260.00       14.3420
       7280.00       14.6397
       7300.00       14.5392
       7320.00       14.5339
       7340.00       14.7343
       7360.00       14.9080
       7380.00       14.8335
       7400.00       14.6743
       7420.00       14.9570
       7440.00       15.0436
       7460.00       14.8178
       7480.00       14.8959
       7500.00       14.8310
       7520.00       15.7286
       7540.00       16.2292
       7560.00       16.7688
       7580.00       14.7326
       7600.00       12.1772
       7620.00       15.0185
       7640.00       14.9216
       7660.00       14.9155
       7680.00       13.9427
       7700.00       14.7563
       7720.00       14.8321
       7740.00       15.2815
       7760.00       15.1935
       7780.00       15.3889
       7800.00       15.4221
       7820.00       15.2137
       7840.00       15.4798
       7860.00       15.1843
       7880.00       14.9701
       7900.00       14.6535
       7920.00       14.3384
       7940.00       14.4212
       7960.00       14.6774
       7980.00       14.7431
       8000.00       14.9343
       8020.00       14.9520
       8040.00       14.8913
       8060.00       15.0885
       8080.00       14.7553
       8100.00       14.2140
       8120.00       14.7058
       8140.00       14.9711
       8160.00       14.6106
       8180.00       14.2288
       8200.00       14.6928
       8220.00       15.5832
       8240.00       15.0032
       8260.00       15.3020
       8280.00       14.9839
       8300.00       14.5764
       8320.00       14.8892
       8340.00       14.7479
       8360.00       15.0513
       8380.00       15.3307
       8400.00       15.3691
       8420.00       15.5343
       8440.00       15.2515
       8460.00       15.7360
       8480.00       15.1425
       8500.00       14.8848
       8520.00       14.0376
       8540.00       13.7689
       8560.00       14.8025
       8580.00       15.4133
       8600.00       15.4433
       8620.00       15.6483
       8640.00       14.6582
       8660.00       15.0384
       8680.00       15.1197
       8700.00       15.5406
       8720.00       15.0432
       8740.00       15.2607
       8760.00       15.5849
       8780.00       15.4205
       8800.00       15.5427
       8820.00       15.3719
       8840.00       15.3585
       8860.00       15.5724
       8880.00       15.6223
       8900.00       14.7248
       8920.00       15.1573
       8940.00       14.8700
       8960.00       14.5630
       8980.00       14.9999
       9000.00       14.5542
       9020.00       14.8776
       9040.00       15.1092
       9060.00       14.5758
       9080.00       14.7377
       9100.00       14.3666
       9120.00       14.6041
       9140.00       14.1798
       9160.00       13.7780
       9180.00       13.7822
       9200.00       13.9848
       9220.00       14.0636
       9240.00       14.0944
       9260.00       13.5205
       9280.00       13.5117
       9300.00       13.0023
       9320.00       12.7179
       9340.00       13.1554
       9360.00       12.7576
       9380.00       12.9451
       9400.00       13.0380
       9420.00       11.2137
       9440.00       11.6898
       9460.00       12.3235
       9480.00       12.9014
       9500.00       12.4769
       9520.00       13.2041
       9540.00       13.4270
       9560.00       13.1620
       9580.00       13.3184
       9600.00       13.2186
       9620.00       13.0864
       9640.00       13.5292
       9660.00       13.5468
       9680.00       14.2402
       9700.00       13.8476
       9720.00       13.9745
       9740.00       13.9006
       9760.00       13.9430
       9780.00       13.8051
       9800.00       14.2520
       9820.00       14.7612
       9840.00       14.2388
       9860.00       14.9310
       9880.00       14.8116
       9900.00       14.5529
       9920.00       14.5933
       9940.00       14.4690
       9960.00       14.6421
       9980.00       14.6569
       10000.0       14.9484
       10020.0       14.5481
       10040.0       14.4001
       10060.0       14.5091
       10080.0       14.3617
       10100.0       14.1215
       10120.0       14.2925
       10140.0       14.0844
       10160.0       14.2672
       10180.0       13.9919
       10200.0       14.1989
       10220.0       14.7375
       10240.0       14.6472
       10260.0       14.4715
       10280.0       13.8987
       10300.0       14.4214
       10320.0       14.4971
       10340.0       14.0918
       10360.0       14.5201
       10380.0       14.4194
       10400.0       14.5550
       10420.0       14.3640
       10440.0       14.3968
       10460.0       14.2129
       10480.0       14.4799
       10500.0       14.2007
       10520.0       14.0361
       10540.0       14.2005
       10560.0       13.5004
       10580.0       14.0873
       10600.0       14.5534
       10620.0       14.9881
