       3160.00      0.382443
       3170.00      0.322655
       3180.00      0.335555
       3190.00      0.347465
       3200.00      0.319970
       3210.00      0.337956
       3220.00      0.252426
       3230.00      0.280391
       3240.00      0.307288
       3250.00      0.315048
       3260.00      0.412878
       3270.00      0.402853
       3280.00      0.393663
       3290.00      0.461589
       3300.00      0.480084
       3310.00      0.445542
       3320.00      0.439830
       3330.00      0.434806
       3340.00      0.457286
       3350.00      0.427879
       3360.00      0.385802
       3370.00      0.348494
       3380.00      0.440177
       3390.00      0.482852
       3400.00      0.529757
       3410.00      0.495124
       3420.00      0.504388
       3430.00      0.531680
       3440.00      0.415103
       3450.00      0.437344
       3460.00      0.499290
       3470.00      0.482173
       3480.00      0.498297
       3490.00      0.503105
       3500.00      0.564777
       3510.00      0.584765
       3520.00      0.520146
       3530.00      0.557512
       3540.00      0.659727
       3550.00      0.585941
       3560.00      0.488729
       3570.00      0.409029
       3580.00      0.342438
       3590.00      0.438676
       3600.00      0.601781
       3610.00      0.583838
       3620.00      0.678111
       3630.00      0.740889
       3640.00      0.723907
       3650.00      0.858459
       3660.00      0.997923
       3670.00      0.987298
       3680.00      0.890293
       3690.00      0.930441
       3700.00      0.891558
       3710.00      0.827271
       3720.00      0.713995
       3730.00      0.536467
       3740.00      0.489840
       3750.00      0.589123
       3760.00      0.687685
       3770.00      0.843448
       3780.00      0.934195
       3790.00      0.772486
       3800.00      0.737047
       3810.00      0.713312
       3820.00      0.503509
       3830.00      0.405979
       3840.00      0.477745
       3850.00      0.513057
       3860.00      0.509849
       3870.00      0.534211
       3880.00      0.604813
       3890.00      0.826567
       3900.00       1.00254
       3910.00       1.08625
       3920.00      0.964118
       3930.00      0.548020
       3940.00      0.655347
       3950.00       1.06056
       3960.00      0.895762
       3970.00      0.781041
       3980.00       1.39066
       3990.00       1.79442
       4000.00       1.94408
       4010.00       2.17982
       4020.00       2.24839
       4030.00       2.10871
       4040.00       1.95446
       4050.00       1.99978
       4060.00       1.96537
       4070.00       1.93470
       4080.00       2.24288
       4090.00       2.39613
       4100.00       2.28855
       4110.00       2.28475
       4120.00       2.25192
       4130.00       2.14283
       4140.00       1.95981
       4150.00       1.94285
       4160.00       2.05589
       4170.00       2.00051
       4180.00       2.11807
       4190.00       2.15024
       4200.00       2.17966
       4210.00       2.36919
       4220.00       2.30083
       4230.00       2.34941
       4240.00       2.75619
       4250.00       2.72580
       4260.00       2.69386
       4270.00       2.70030
       4280.00       2.57026
       4290.00       2.39602
       4300.00       2.01257
       4310.00       2.56752
       4320.00       3.25759
       4330.00       3.34137
       4340.00       3.64372
       4350.00       3.72206
       4360.00       3.74680
       4370.00       3.67266
       4380.00       3.17239
       4390.00       3.21391
       4400.00       3.39785
       4410.00       3.46745
       4420.00       3.66804
       4430.00       3.69415
       4440.00       3.93253
       4450.00       3.84056
       4460.00       3.70020
       4470.00       4.16741
       4480.00       4.35484
       4490.00       4.31121
       4500.00       4.59179
       4510.00       4.68616
       4520.00       4.24489
       4530.00       4.06497
       4540.00       4.31406
       4550.00       4.50945
       4560.00       4.73818
       4570.00       4.70321
       4580.00       4.68502
       4590.00       4.61555
       4600.00       4.76794
       4610.00       5.10378
       4620.00       5.27879
       4630.00       5.05118
       4640.00       4.71980
       4650.00       4.80559
       4660.00       4.80618
       4670.00       4.66541
       4680.00       4.77014
       4690.00       4.72671
       4700.00       4.72746
       4710.00       4.94921
       4720.00       5.17464
       4730.00       5.13149
       4740.00       5.30814
       4750.00       5.36339
       4760.00       5.20964
       4770.00       5.39337
       4780.00       5.45190
       4790.00       5.42537
       4800.00       5.59844
       4810.00       5.62978
       4820.00       5.65046
       4830.00       5.45028
       4840.00       5.37307
       4850.00       5.22065
       4860.00       4.98154
       4870.00       5.10909
       4880.00       5.19525
       4890.00       5.44126
       4900.00       5.64777
       4910.00       5.37034
       4920.00       5.39555
       4930.00       5.48024
       4940.00       5.65564
       4950.00       5.77684
       4960.00       5.61090
       4970.00       5.64923
       4980.00       5.47402
       4990.00       5.31622
       5000.00       5.16341
       5010.00       4.95257
       5020.00       5.05542
       5030.00       5.28620
       5040.00       5.28003
       5050.00       5.44052
       5060.00       5.40037
       5070.00       5.12074
       5080.00       5.14636
       5090.00       5.12128
       5100.00       5.09204
       5110.00       5.19422
       5120.00       5.16282
       5130.00       5.07428
       5140.00       5.10957
       5150.00       5.07077
       5160.00       4.62514
       5170.00       4.25911
       5180.00       4.42943
       5190.00       4.94573
       5200.00       5.13710
       5210.00       5.37995
       5220.00       5.55655
       5230.00       5.65203
       5240.00       5.92781
       5250.00       5.90754
       5260.00       5.47292
       5270.00       5.40129
       5280.00       6.12951
       5290.00       6.27493
       5300.00       6.46155
       5310.00       6.62766
       5320.00       6.15296
       5330.00       5.98082
       5340.00       6.30516
       5350.00       6.64251
       5360.00       6.74245
       5370.00       6.58941
       5380.00       6.53266
       5390.00       6.33953
       5400.00       6.02285
       5410.00       6.28726
       5420.00       6.61494
       5430.00       6.50123
       5440.00       6.59796
       5450.00       6.70165
       5460.00       6.83552
       5470.00       6.60553
       5480.00       6.32013
       5490.00       6.58742
       5500.00       6.73305
       5510.00       6.75374
       5520.00       6.85321
       5530.00       6.90640
       5540.00       6.99214
       5550.00       7.14946
       5560.00       7.14312
       5570.00       7.04565
       5580.00       7.01352
       5590.00       6.85823
       5600.00       6.88484
       5610.00       7.14411
       5620.00       7.15721
       5630.00       7.04787
       5640.00       7.02251
       5650.00       6.99724
       5660.00       7.08741
       5670.00       7.09410
       5680.00       7.28595
       5690.00       7.41338
       5700.00       7.24129
       5710.00       6.94277
       5720.00       7.28573
       5730.00       7.74775
       5740.00       7.50677
       5760.00       7.38625
       5780.00       7.45482
       5800.00       7.78556
       5820.00       7.83359
       5840.00       7.63908
       5860.00       7.50779
       5880.00       7.12448
       5900.00       7.19869
       5920.00       7.82993
       5940.00       7.83410
       5960.00       7.85649
       5980.00       7.91513
       6000.00       7.81621
       6020.00       7.93484
       6040.00       8.10673
       6060.00       8.08596
       6080.00       7.99374
       6100.00       8.03294
       6120.00       7.90593
       6140.00       7.70297
       6160.00       7.76039
       6180.00       7.82918
       6200.00       7.65767
       6220.00       7.53392
       6240.00       7.45165
       6260.00       7.52634
       6280.00       7.78537
       6300.00       7.78368
       6320.00       7.83939
       6340.00       7.83755
       6360.00       7.81290
       6380.00       8.01012
       6400.00       7.94542
       6420.00       8.01106
       6440.00       7.92423
       6460.00       7.89970
       6480.00       7.81374
       6500.00       7.87340
       6520.00       8.18302
       6540.00       7.85298
       6560.00       7.66316
       6580.00       7.88792
       6600.00       8.03987
       6620.00       8.08681
       6640.00       8.01875
       6660.00       7.97289
       6680.00       8.01417
       6700.00       7.93611
       6720.00       7.90170
       6740.00       7.93207
       6760.00       8.01591
       6780.00       8.02436
       6800.00       8.15544
       6820.00       8.26980
       6840.00       8.32515
       6860.00       7.98894
       6880.00       7.98153
       6900.00       8.18968
       6920.00       7.99829
       6940.00       7.89162
       6960.00       7.89500
       6980.00       7.91395
       7000.00       7.87061
       7020.00       7.95669
       7040.00       8.07319
       7060.00       8.11197
       7080.00       8.00708
       7100.00       7.92323
       7120.00       7.86531
       7140.00       7.73661
       7160.00       7.73019
       7180.00       7.53691
       7200.00       7.57138
       7220.00       7.67600
       7240.00       7.59969
       7260.00       7.42888
       7280.00       7.28890
       7300.00       7.34345
       7320.00       7.43735
       7340.00       7.42203
       7360.00       7.45607
       7380.00       7.46535
       7400.00       7.44027
       7420.00       7.42022
       7440.00       7.50752
       7460.00       7.48739
       7480.00       7.54496
       7500.00       7.52967
       7520.00       7.69775
       7540.00       7.92747
       7560.00       7.98326
       7580.00       7.15832
       7600.00       6.12297
       7620.00       7.58721
       7640.00       7.20655
       7660.00       7.27770
       7680.00       6.99900
       7700.00       7.31055
       7720.00       7.47953
       7740.00       7.65234
       7760.00       7.68870
       7780.00       7.77150
       7800.00       7.58417
       7820.00       7.60188
       7840.00       7.58711
       7860.00       7.50782
       7880.00       7.31846
       7900.00       7.18974
       7920.00       7.20364
       7940.00       7.25859
       7960.00       7.53197
       7980.00       7.53127
       8000.00       7.42177
       8020.00       7.55702
       8040.00       7.66003
       8060.00       7.78502
       8080.00       7.70291
       8100.00       7.60777
       8120.00       7.81683
       8140.00       7.81099
       8160.00       7.71184
       8180.00       7.78610
       8200.00       7.89981
       8220.00       7.90706
       8240.00       8.01112
       8260.00       8.04002
       8280.00       7.87166
       8300.00       7.82211
       8320.00       7.77279
       8340.00       7.73240
       8360.00       7.70957
       8380.00       7.74743
       8400.00       7.97079
       8420.00       7.93893
       8440.00       8.08772
       8460.00       8.04716
       8480.00       7.93836
       8500.00       7.95382
       8520.00       7.47964
       8540.00       7.49610
       8560.00       8.10993
       8580.00       8.20516
       8600.00       8.29573
       8620.00       8.47845
       8640.00       7.93408
       8660.00       7.75242
       8680.00       8.26942
       8700.00       8.46302
       8720.00       8.21069
       8740.00       8.18360
       8760.00       8.58310
       8780.00       8.21654
       8800.00       8.33800
       8820.00       8.47536
       8840.00       8.64492
       8860.00       8.23651
       8880.00       8.27514
       8900.00       8.21579
       8920.00       8.06725
       8940.00       8.00863
       8960.00       7.82074
       8980.00       7.74678
       9000.00       7.62075
       9020.00       7.97781
       9040.00       8.58205
       9060.00       7.87053
       9080.00       7.46174
       9100.00       7.78811
       9120.00       7.61593
       9140.00       7.25005
       9160.00       7.22630
       9180.00       7.22636
       9200.00       7.59307
       9220.00       7.53332
       9240.00       7.46206
       9260.00       7.29319
       9280.00       7.53933
       9300.00       7.13702
       9320.00       6.49904
       9340.00       6.84627
       9360.00       6.48289
       9380.00       7.09162
       9400.00       7.37749
       9420.00       6.26834
       9440.00       6.19742
       9460.00       6.69808
       9480.00       6.61126
       9500.00       6.83787
       9520.00       7.12829
       9540.00       7.19319
       9560.00       6.84807
       9580.00       7.30324
       9600.00       7.20113
       9620.00       7.11452
       9640.00       7.15996
       9660.00       7.55815
       9680.00       7.63995
       9700.00       7.38863
       9720.00       7.44806
       9740.00       7.33222
       9760.00       7.33206
       9780.00       7.32448
       9800.00       7.40206
       9820.00       7.51626
       9840.00       7.47149
       9860.00       7.40484
       9880.00       7.79734
       9900.00       7.58375
       9920.00       7.75858
       9940.00       7.60431
       9960.00       7.58540
       9980.00       7.65379
       10000.0       7.44625
       10020.0       7.59066
       10040.0       7.38407
       10060.0       7.39103
       10080.0       7.33678
       10100.0       7.53053
       10120.0       7.43680
       10140.0       7.22183
       10160.0       7.12193
       10180.0       7.22195
       10200.0       7.30025
       10220.0       7.23982
       10240.0       7.33549
       10260.0       7.23988
       10280.0       7.27519
       10300.0       7.10260
       10320.0       7.10992
       10340.0       7.03654
       10360.0       7.04046
       10380.0       6.99195
       10400.0       6.98897
       10420.0       6.97904
       10440.0       6.95524
       10460.0       6.88300
       10480.0       7.07405
       10500.0       6.88441
       10520.0       6.74720
       10540.0       6.61396
       10560.0       6.62204
       10580.0       6.72608
       10600.0       6.91527
       10620.0       6.60854
