       3160.00      0.167771
       3170.00      0.172780
       3180.00      0.169102
       3190.00      0.163272
       3200.00      0.173531
       3210.00      0.169412
       3220.00      0.151654
       3230.00      0.157157
       3240.00      0.152992
       3250.00      0.161591
       3260.00      0.163556
       3270.00      0.178102
       3280.00      0.155620
       3290.00      0.163316
       3300.00      0.178387
       3310.00      0.172806
       3320.00      0.171633
       3330.00      0.172745
       3340.00      0.167231
       3350.00      0.173590
       3360.00      0.174170
       3370.00      0.169923
       3380.00      0.168009
       3390.00      0.177360
       3400.00      0.177986
       3410.00      0.177591
       3420.00      0.175804
       3430.00      0.181358
       3440.00      0.178436
       3450.00      0.179490
       3460.00      0.180725
       3470.00      0.181204
       3480.00      0.184171
       3490.00      0.177370
       3500.00      0.179588
       3510.00      0.188895
       3520.00      0.188974
       3530.00      0.190772
       3540.00      0.199111
       3550.00      0.202763
       3560.00      0.195862
       3570.00      0.193006
       3580.00      0.181145
       3590.00      0.187886
       3600.00      0.191458
       3610.00      0.191228
       3620.00      0.187107
       3630.00      0.186353
       3640.00      0.187984
       3650.00      0.191864
       3660.00      0.195366
       3670.00      0.200681
       3680.00      0.194717
       3690.00      0.193895
       3700.00      0.199464
       3710.00      0.208098
       3720.00      0.215696
       3730.00      0.219185
       3740.00      0.233899
       3750.00      0.243737
       3760.00      0.256635
       3770.00      0.253769
       3780.00      0.287215
       3790.00      0.309505
       3800.00      0.273212
       3810.00      0.316356
       3820.00      0.349061
       3830.00      0.286578
       3840.00      0.262859
       3850.00      0.344483
       3860.00      0.407828
       3870.00      0.407166
       3880.00      0.350646
       3890.00      0.276475
       3900.00      0.305332
       3910.00      0.401781
       3920.00      0.436696
       3930.00      0.353134
       3940.00      0.340025
       3950.00      0.417631
       3960.00      0.383299
       3970.00      0.281004
       3980.00      0.346955
       3990.00      0.460216
       4000.00      0.495966
       4010.00      0.505701
       4020.00      0.522182
       4030.00      0.508463
       4040.00      0.500551
       4050.00      0.510286
       4060.00      0.511379
       4070.00      0.486797
       4080.00      0.467063
       4090.00      0.431370
       4100.00      0.342457
       4110.00      0.352803
       4120.00      0.452691
       4130.00      0.486232
       4140.00      0.508565
       4150.00      0.503631
       4160.00      0.500440
       4170.00      0.490248
       4180.00      0.483216
       4190.00      0.504720
       4200.00      0.501506
       4210.00      0.499233
       4220.00      0.500054
       4230.00      0.493799
       4240.00      0.500762
       4250.00      0.504021
       4260.00      0.504771
       4270.00      0.502726
       4280.00      0.495069
       4290.00      0.478607
       4300.00      0.454105
       4310.00      0.451644
       4320.00      0.451501
       4330.00      0.395196
       4340.00      0.323469
       4350.00      0.364380
       4360.00      0.457699
       4370.00      0.479219
       4380.00      0.468822
       4390.00      0.468050
       4400.00      0.467971
       4410.00      0.468286
       4420.00      0.475661
       4430.00      0.479872
       4440.00      0.473519
       4450.00      0.473965
       4460.00      0.471104
       4470.00      0.471117
       4480.00      0.480467
       4490.00      0.477321
       4500.00      0.483100
       4510.00      0.487315
       4520.00      0.480003
       4530.00      0.468800
       4540.00      0.474308
       4550.00      0.473218
       4560.00      0.463434
       4570.00      0.484237
       4580.00      0.476554
       4590.00      0.468905
       4600.00      0.482964
       4610.00      0.481446
       4620.00      0.487910
       4630.00      0.480302
       4640.00      0.485340
       4650.00      0.482898
       4660.00      0.475815
       4670.00      0.480366
       4680.00      0.488139
       4690.00      0.490795
       4700.00      0.481450
       4710.00      0.476286
       4720.00      0.486298
       4730.00      0.485728
       4740.00      0.483331
       4750.00      0.483226
       4760.00      0.476292
       4770.00      0.471658
       4780.00      0.481554
       4790.00      0.482811
       4800.00      0.477290
       4810.00      0.473594
       4820.00      0.469464
       4830.00      0.456824
       4840.00      0.440610
       4850.00      0.386431
       4860.00      0.317312
       4870.00      0.333840
       4880.00      0.411815
       4890.00      0.437168
       4900.00      0.449413
       4910.00      0.452471
       4920.00      0.443181
       4930.00      0.442282
       4940.00      0.447968
       4950.00      0.448377
       4960.00      0.448784
       4970.00      0.450497
       4980.00      0.441759
       4990.00      0.440439
       5000.00      0.435223
       5010.00      0.425442
       5020.00      0.429862
       5030.00      0.434782
       5040.00      0.428157
       5050.00      0.424991
       5060.00      0.429634
       5070.00      0.426692
       5080.00      0.427516
       5090.00      0.432212
       5100.00      0.429664
       5110.00      0.429672
       5120.00      0.421043
       5130.00      0.417983
       5140.00      0.423369
       5150.00      0.420527
       5160.00      0.415175
       5170.00      0.409551
       5180.00      0.407296
       5190.00      0.410353
       5200.00      0.407147
       5210.00      0.412314
       5220.00      0.413393
       5230.00      0.401579
       5240.00      0.409209
       5250.00      0.418214
       5260.00      0.403326
       5270.00      0.387837
       5280.00      0.402702
       5290.00      0.411774
       5300.00      0.411406
       5310.00      0.402590
       5320.00      0.403381
       5330.00      0.396972
       5340.00      0.394646
       5350.00      0.403186
       5360.00      0.404779
       5370.00      0.400392
       5380.00      0.402791
       5390.00      0.400917
       5400.00      0.400657
       5410.00      0.392865
       5420.00      0.408696
       5430.00      0.417124
       5440.00      0.413170
       5450.00      0.413207
       5460.00      0.414038
       5470.00      0.407337
       5480.00      0.399475
       5490.00      0.404669
       5500.00      0.407874
       5510.00      0.405560
       5520.00      0.402470
       5530.00      0.403310
       5540.00      0.405320
       5550.00      0.406152
       5560.00      0.404252
       5570.00      0.402748
       5580.00      0.401249
       5590.00      0.396267
       5600.00      0.392076
       5610.00      0.396399
       5620.00      0.393766
       5630.00      0.392681
       5640.00      0.392369
       5650.00      0.395511
       5660.00      0.389068
       5670.00      0.384559
       5680.00      0.385409
       5690.00      0.390826
       5700.00      0.384817
       5710.00      0.395151
       5720.00      0.375590
       5730.00      0.394906
       5740.00      0.374394
       5760.00      0.366359
       5780.00      0.363891
       5800.00      0.360842
       5820.00      0.357778
       5840.00      0.361451
       5860.00      0.355335
       5880.00      0.354422
       5900.00      0.355755
       5920.00      0.363487
       5940.00      0.365255
       5960.00      0.361374
       5980.00      0.360528
       6000.00      0.357556
       6020.00      0.359717
       6040.00      0.356947
       6060.00      0.356484
       6080.00      0.359340
       6100.00      0.358162
       6120.00      0.355220
       6140.00      0.349227
       6160.00      0.339086
       6180.00      0.343845
       6200.00      0.346861
       6220.00      0.343655
       6240.00      0.341859
       6260.00      0.342429
       6280.00      0.346515
       6300.00      0.344727
       6320.00      0.341441
       6340.00      0.337219
       6360.00      0.335954
       6380.00      0.336430
       6400.00      0.332703
       6420.00      0.325893
       6440.00      0.327237
       6460.00      0.320319
       6480.00      0.321605
       6500.00      0.317981
       6520.00      0.319831
       6540.00      0.305961
       6560.00      0.270336
       6580.00      0.278803
       6600.00      0.310240
       6620.00      0.319027
       6640.00      0.321820
       6660.00      0.318608
       6680.00      0.318076
       6700.00      0.314830
       6720.00      0.314699
       6740.00      0.316306
       6760.00      0.314536
       6780.00      0.313289
       6800.00      0.308096
       6820.00      0.309894
       6840.00      0.323216
       6860.00      0.302811
       6880.00      0.290778
       6900.00      0.292574
       6920.00      0.299151
       6940.00      0.299289
       6960.00      0.301574
       6980.00      0.298692
       7000.00      0.295980
       7020.00      0.293408
       7040.00      0.292667
       7060.00      0.298254
       7080.00      0.295483
       7100.00      0.297062
       7120.00      0.292544
       7140.00      0.291452
       7160.00      0.297691
       7180.00      0.293964
       7200.00      0.281618
       7220.00      0.284770
       7240.00      0.279044
       7260.00      0.275917
       7280.00      0.279029
       7300.00      0.279096
       7320.00      0.275728
       7340.00      0.275951
       7360.00      0.277410
       7380.00      0.277656
       7400.00      0.276203
       7420.00      0.273560
       7440.00      0.272912
       7460.00      0.274156
       7480.00      0.270148
       7500.00      0.270671
       7520.00      0.261679
       7540.00      0.259749
       7560.00      0.252926
       7580.00      0.261638
       7600.00      0.230291
       7620.00      0.219561
       7640.00      0.242675
       7660.00      0.255340
       7680.00      0.242427
       7700.00      0.259193
       7720.00      0.258156
       7740.00      0.258357
       7760.00      0.258837
       7780.00      0.254494
       7800.00      0.252285
       7820.00      0.258763
       7840.00      0.250777
       7860.00      0.253586
       7880.00      0.247799
       7900.00      0.248543
       7920.00      0.243537
       7940.00      0.243060
       7960.00      0.242395
       7980.00      0.241869
       8000.00      0.241047
       8020.00      0.238716
       8040.00      0.241519
       8060.00      0.240033
       8080.00      0.235924
       8100.00      0.240908
       8120.00      0.238392
       8140.00      0.240949
       8160.00      0.241846
       8180.00      0.230311
       8200.00      0.233053
       8220.00      0.231326
       8240.00      0.231922
       8260.00      0.240335
       8280.00      0.232058
       8300.00      0.243198
       8320.00      0.228989
       8340.00      0.227738
       8360.00      0.238549
       8380.00      0.234565
       8400.00      0.235452
       8420.00      0.235639
       8440.00      0.230432
       8460.00      0.220818
       8480.00      0.234457
       8500.00      0.227403
       8520.00      0.229210
       8540.00      0.230272
       8560.00      0.210516
       8580.00      0.228820
       8600.00      0.215157
       8620.00      0.233365
       8640.00      0.235509
       8660.00      0.211964
       8680.00      0.220415
       8700.00      0.238544
       8720.00      0.233100
       8740.00      0.210495
       8760.00      0.206897
       8780.00      0.219213
       8800.00      0.223937
       8820.00      0.230826
       8840.00      0.209953
       8860.00      0.204611
       8880.00      0.205078
       8900.00      0.224343
       8920.00      0.218786
       8940.00      0.218563
       8960.00      0.222284
       8980.00      0.230985
       9000.00      0.199212
       9020.00      0.194013
       9040.00      0.220413
       9060.00      0.219328
       9080.00      0.210132
       9100.00      0.212529
       9120.00      0.204030
       9140.00      0.209204
       9160.00      0.204014
       9180.00      0.212778
       9200.00      0.210172
       9220.00      0.186983
       9240.00      0.180832
       9260.00      0.193806
       9280.00      0.211887
       9300.00      0.202365
       9320.00      0.195907
       9340.00      0.201336
       9360.00      0.207644
       9380.00      0.189455
       9400.00      0.206991
       9420.00      0.197394
       9440.00      0.181363
       9460.00      0.198484
       9480.00      0.178791
       9500.00      0.195070
       9520.00      0.183618
       9540.00      0.175191
       9560.00      0.174892
       9580.00      0.192106
       9600.00      0.191006
       9620.00      0.193290
       9640.00      0.183446
       9660.00      0.201465
       9680.00      0.193033
       9700.00      0.185484
       9720.00      0.191592
       9740.00      0.190976
       9760.00      0.186054
       9780.00      0.191657
       9800.00      0.188988
       9820.00      0.188095
       9840.00      0.190312
       9860.00      0.197334
       9880.00      0.196869
       9900.00      0.185328
       9920.00      0.189870
       9940.00      0.191014
       9960.00      0.193895
       9980.00      0.194658
       10000.0      0.188134
       10020.0      0.185077
       10040.0      0.170568
       10060.0      0.156569
       10080.0      0.167504
       10100.0      0.165284
       10120.0      0.180592
       10140.0      0.168992
       10160.0      0.172862
       10180.0      0.170692
       10200.0      0.175584
       10220.0      0.172123
       10240.0      0.179873
       10260.0      0.184698
       10280.0      0.182293
       10300.0      0.173564
       10320.0      0.167221
       10340.0      0.172494
       10360.0      0.173354
       10380.0      0.180266
       10400.0      0.168269
       10420.0      0.168404
       10440.0      0.165154
       10460.0      0.161667
       10480.0      0.150791
       10500.0      0.170155
       10520.0      0.162229
       10540.0      0.172224
       10560.0      0.161512
       10580.0      0.158830
       10600.0      0.155075
       10620.0      0.171110
