       3160.00      0.197667
       3170.00      0.205427
       3180.00      0.191305
       3190.00      0.191530
       3200.00      0.213302
       3210.00      0.198019
       3220.00      0.190490
       3230.00      0.182636
       3240.00      0.184954
       3250.00      0.184459
       3260.00      0.200710
       3270.00      0.196070
       3280.00      0.185983
       3290.00      0.207831
       3300.00      0.207999
       3310.00      0.202959
       3320.00      0.208188
       3330.00      0.200086
       3340.00      0.200060
       3350.00      0.205609
       3360.00      0.208418
       3370.00      0.199558
       3380.00      0.195993
       3390.00      0.205655
       3400.00      0.198713
       3410.00      0.207608
       3420.00      0.200841
       3430.00      0.211423
       3440.00      0.201831
       3450.00      0.202079
       3460.00      0.207376
       3470.00      0.202570
       3480.00      0.203432
       3490.00      0.199831
       3500.00      0.203091
       3510.00      0.209060
       3520.00      0.203501
       3530.00      0.209029
       3540.00      0.219327
       3550.00      0.217090
       3560.00      0.218431
       3570.00      0.206083
       3580.00      0.201361
       3590.00      0.208736
       3600.00      0.208156
       3610.00      0.211028
       3620.00      0.211504
       3630.00      0.210525
       3640.00      0.211854
       3650.00      0.219867
       3660.00      0.227835
       3670.00      0.220299
       3680.00      0.223474
       3690.00      0.221052
       3700.00      0.224013
       3710.00      0.227926
       3720.00      0.236002
       3730.00      0.237616
       3740.00      0.253944
       3750.00      0.265078
       3760.00      0.282648
       3770.00      0.302537
       3780.00      0.316557
       3790.00      0.338716
       3800.00      0.299581
       3810.00      0.356732
       3820.00      0.388639
       3830.00      0.317238
       3840.00      0.289790
       3850.00      0.389466
       3860.00      0.449365
       3870.00      0.448389
       3880.00      0.380655
       3890.00      0.304098
       3900.00      0.342054
       3910.00      0.441904
       3920.00      0.475956
       3930.00      0.405114
       3940.00      0.390960
       3950.00      0.474159
       3960.00      0.418731
       3970.00      0.309790
       3980.00      0.378369
       3990.00      0.528629
       4000.00      0.561304
       4010.00      0.577696
       4020.00      0.593530
       4030.00      0.580711
       4040.00      0.563865
       4050.00      0.585764
       4060.00      0.566749
       4070.00      0.544415
       4080.00      0.518846
       4090.00      0.430710
       4100.00      0.373776
       4110.00      0.393197
       4120.00      0.504685
       4130.00      0.547230
       4140.00      0.564992
       4150.00      0.571419
       4160.00      0.570218
       4170.00      0.552602
       4180.00      0.549447
       4190.00      0.568992
       4200.00      0.564160
       4210.00      0.571521
       4220.00      0.569032
       4230.00      0.560102
       4240.00      0.554829
       4250.00      0.574028
       4260.00      0.569309
       4270.00      0.566293
       4280.00      0.558761
       4290.00      0.545907
       4300.00      0.521642
       4310.00      0.502379
       4320.00      0.486363
       4330.00      0.430004
       4340.00      0.352886
       4350.00      0.389610
       4360.00      0.499857
       4370.00      0.538707
       4380.00      0.533323
       4390.00      0.527091
       4400.00      0.520071
       4410.00      0.536427
       4420.00      0.540521
       4430.00      0.539247
       4440.00      0.533179
       4450.00      0.525364
       4460.00      0.530681
       4470.00      0.543098
       4480.00      0.541352
       4490.00      0.533214
       4500.00      0.553310
       4510.00      0.555269
       4520.00      0.536031
       4530.00      0.531148
       4540.00      0.527078
       4550.00      0.524867
       4560.00      0.518518
       4570.00      0.540120
       4580.00      0.531623
       4590.00      0.526813
       4600.00      0.540761
       4610.00      0.541146
       4620.00      0.541530
       4630.00      0.545014
       4640.00      0.540743
       4650.00      0.543185
       4660.00      0.534312
       4670.00      0.536244
       4680.00      0.540726
       4690.00      0.542636
       4700.00      0.524162
       4710.00      0.525591
       4720.00      0.531071
       4730.00      0.531973
       4740.00      0.536912
       4750.00      0.533765
       4760.00      0.525602
       4770.00      0.524500
       4780.00      0.533421
       4790.00      0.532307
       4800.00      0.523217
       4810.00      0.525614
       4820.00      0.517570
       4830.00      0.500636
       4840.00      0.477392
       4850.00      0.417912
       4860.00      0.337691
       4870.00      0.362020
       4880.00      0.445465
       4890.00      0.486807
       4900.00      0.495439
       4910.00      0.497355
       4920.00      0.484568
       4930.00      0.486596
       4940.00      0.498697
       4950.00      0.509781
       4960.00      0.502961
       4970.00      0.512065
       4980.00      0.494210
       4990.00      0.493700
       5000.00      0.489839
       5010.00      0.480260
       5020.00      0.474916
       5030.00      0.485966
       5040.00      0.480251
       5050.00      0.469534
       5060.00      0.474568
       5070.00      0.477410
       5080.00      0.475999
       5090.00      0.478826
       5100.00      0.469907
       5110.00      0.471330
       5120.00      0.473215
       5130.00      0.461745
       5140.00      0.461965
       5150.00      0.460324
       5160.00      0.460545
       5170.00      0.449513
       5180.00      0.450494
       5190.00      0.450318
       5200.00      0.448623
       5210.00      0.455299
       5220.00      0.459104
       5230.00      0.449346
       5240.00      0.452326
       5250.00      0.459673
       5260.00      0.449013
       5270.00      0.439121
       5280.00      0.445045
       5290.00      0.458008
       5300.00      0.461661
       5310.00      0.455381
       5320.00      0.447055
       5330.00      0.440736
       5340.00      0.444394
       5350.00      0.450186
       5360.00      0.442870
       5370.00      0.438567
       5380.00      0.438331
       5390.00      0.443869
       5400.00      0.434934
       5410.00      0.430590
       5420.00      0.442605
       5430.00      0.443554
       5440.00      0.446699
       5450.00      0.448954
       5460.00      0.447255
       5470.00      0.439435
       5480.00      0.439070
       5490.00      0.444375
       5500.00      0.440520
       5510.00      0.434941
       5520.00      0.442828
       5530.00      0.435533
       5540.00      0.440797
       5550.00      0.442591
       5560.00      0.445670
       5570.00      0.441002
       5580.00      0.442357
       5590.00      0.436854
       5600.00      0.432226
       5610.00      0.438284
       5620.00      0.440486
       5630.00      0.438003
       5640.00      0.439773
       5650.00      0.437723
       5660.00      0.431028
       5670.00      0.429424
       5680.00      0.426981
       5690.00      0.426652
       5700.00      0.429684
       5710.00      0.421384
       5720.00      0.426507
       5730.00      0.424927
       5740.00      0.423352
       5760.00      0.421051
       5780.00      0.418352
       5800.00      0.415671
       5820.00      0.413008
       5840.00      0.410364
       5860.00      0.407779
       5880.00      0.405129
       5900.00      0.402539
       5920.00      0.399925
       5940.00      0.397369
       5960.00      0.394831
       5980.00      0.392269
       6000.00      0.387889
       6020.00      0.389742
       6040.00      0.384012
       6060.00      0.387367
       6080.00      0.386290
       6100.00      0.390793
       6120.00      0.380518
       6140.00      0.379708
       6160.00      0.370974
       6180.00      0.371090
       6200.00      0.369777
       6220.00      0.374862
       6240.00      0.361729
       6260.00      0.361529
       6280.00      0.362932
       6300.00      0.379033
       6320.00      0.383364
       6340.00      0.374036
       6360.00      0.371542
       6380.00      0.370565
       6400.00      0.365479
       6420.00      0.362513
       6440.00      0.358934
       6460.00      0.355895
       6480.00      0.352654
       6500.00      0.352121
       6520.00      0.350013
       6540.00      0.331994
       6560.00      0.290909
       6580.00      0.296501
       6600.00      0.332821
       6620.00      0.341507
       6640.00      0.343147
       6660.00      0.350276
       6680.00      0.352418
       6700.00      0.342146
       6720.00      0.339347
       6740.00      0.344059
       6760.00      0.333691
       6780.00      0.331788
       6800.00      0.333172
       6820.00      0.331528
       6840.00      0.340569
       6860.00      0.328478
       6880.00      0.315970
       6900.00      0.315470
       6920.00      0.316565
       6940.00      0.326209
       6960.00      0.314127
       6980.00      0.313569
       7000.00      0.311990
       7020.00      0.327948
       7040.00      0.326983
       7060.00      0.320054
       7080.00      0.317256
       7100.00      0.316093
       7120.00      0.311775
       7140.00      0.310768
       7160.00      0.322004
       7180.00      0.323208
       7200.00      0.308843
       7220.00      0.305699
       7240.00      0.305483
       7260.00      0.300454
       7280.00      0.299957
       7300.00      0.300218
       7320.00      0.293575
       7340.00      0.292254
       7360.00      0.297477
       7380.00      0.306987
       7400.00      0.306902
       7420.00      0.296008
       7440.00      0.296016
       7460.00      0.299010
       7480.00      0.287200
       7500.00      0.290616
       7520.00      0.285099
       7540.00      0.280024
       7560.00      0.275578
       7580.00      0.291086
       7600.00      0.259196
       7620.00      0.245446
       7640.00      0.260283
       7660.00      0.267011
       7680.00      0.253036
       7700.00      0.274299
       7720.00      0.281093
       7740.00      0.285687
       7760.00      0.280200
       7780.00      0.269201
       7800.00      0.276154
       7820.00      0.277866
       7840.00      0.273401
       7860.00      0.268929
       7880.00      0.274535
       7900.00      0.272295
       7920.00      0.264866
       7940.00      0.267304
       7960.00      0.267595
       7980.00      0.264104
       8000.00      0.262876
       8020.00      0.260668
       8040.00      0.262818
       8060.00      0.264364
       8080.00      0.264036
       8100.00      0.264448
       8120.00      0.275826
       8140.00      0.276031
       8160.00      0.271100
       8180.00      0.260076
       8200.00      0.262537
       8220.00      0.251879
       8240.00      0.247665
       8260.00      0.254050
       8280.00      0.252887
       8300.00      0.264595
       8320.00      0.240363
       8340.00      0.243604
       8360.00      0.233055
       8380.00      0.239270
       8400.00      0.236192
       8420.00      0.254085
       8440.00      0.231300
       8460.00      0.234008
       8480.00      0.243761
       8500.00      0.238822
       8520.00      0.239891
       8540.00      0.234844
       8560.00      0.231890
       8580.00      0.233888
       8600.00      0.237743
       8620.00      0.238774
       8640.00      0.231488
       8660.00      0.218541
       8680.00      0.221264
       8700.00      0.229011
       8720.00      0.227580
       8740.00      0.223114
       8760.00      0.206125
       8780.00      0.232705
       8800.00      0.234380
       8820.00      0.243946
       8840.00      0.246969
       8860.00      0.212202
       8880.00      0.213288
       8900.00      0.220233
       8920.00      0.234582
       8940.00      0.243537
       8960.00      0.241230
       8980.00      0.225630
       9000.00      0.216296
       9020.00      0.218020
       9040.00      0.226118
       9060.00      0.222712
       9080.00      0.217107
       9100.00      0.215077
       9120.00      0.218596
       9140.00      0.225504
       9160.00      0.225325
       9180.00      0.229086
       9200.00      0.223721
       9220.00      0.198100
       9240.00      0.194951
       9260.00      0.208155
       9280.00      0.228965
       9300.00      0.234264
       9320.00      0.231707
       9340.00      0.263508
       9360.00      0.216751
       9380.00      0.198677
       9400.00      0.234548
       9420.00      0.228561
       9440.00      0.218363
       9460.00      0.233466
       9480.00      0.223654
       9500.00      0.235230
       9520.00      0.221105
       9540.00      0.206337
       9560.00      0.205905
       9580.00      0.204051
       9600.00      0.215148
       9620.00      0.210868
       9640.00      0.212417
       9660.00      0.216067
       9680.00      0.213246
       9700.00      0.205476
       9720.00      0.204733
       9740.00      0.202616
       9760.00      0.201097
       9780.00      0.213562
       9800.00      0.206213
       9820.00      0.200405
       9840.00      0.204182
       9860.00      0.195853
       9880.00      0.192282
       9900.00      0.206113
       9920.00      0.205697
       9940.00      0.199358
       9960.00      0.204895
       9980.00      0.198439
       10000.0      0.198713
       10020.0      0.201422
       10040.0      0.175697
       10060.0      0.168946
       10080.0      0.187184
       10100.0      0.200372
       10120.0      0.176437
       10140.0      0.197622
       10160.0      0.186700
       10180.0      0.196022
       10200.0      0.200638
       10220.0      0.189071
       10240.0      0.205605
       10260.0      0.197317
       10280.0      0.190296
       10300.0      0.186115
       10320.0      0.192714
       10340.0      0.181134
       10360.0      0.191207
       10380.0      0.186318
       10400.0      0.187456
       10420.0      0.175654
       10440.0      0.180041
       10460.0      0.178049
       10480.0      0.182438
       10500.0      0.155140
       10520.0      0.168272
       10540.0      0.178197
       10560.0      0.176454
       10580.0      0.179062
       10600.0      0.165240
       10620.0      0.176810
