       3160.00      0.236017
       3170.00      0.247440
       3180.00      0.235683
       3190.00      0.233974
       3200.00      0.244416
       3210.00      0.244883
       3220.00      0.224274
       3230.00      0.214515
       3240.00      0.214461
       3250.00      0.224716
       3260.00      0.232923
       3270.00      0.232899
       3280.00      0.222575
       3290.00      0.237559
       3300.00      0.240167
       3310.00      0.236634
       3320.00      0.236006
       3330.00      0.236397
       3340.00      0.232738
       3350.00      0.234061
       3360.00      0.235124
       3370.00      0.233841
       3380.00      0.232733
       3390.00      0.234040
       3400.00      0.229625
       3410.00      0.238281
       3420.00      0.239972
       3430.00      0.245839
       3440.00      0.237595
       3450.00      0.238049
       3460.00      0.239069
       3470.00      0.234973
       3480.00      0.236320
       3490.00      0.234352
       3500.00      0.235533
       3510.00      0.241118
       3520.00      0.236034
       3530.00      0.243900
       3540.00      0.249255
       3550.00      0.252042
       3560.00      0.252046
       3570.00      0.242981
       3580.00      0.233337
       3590.00      0.238882
       3600.00      0.242833
       3610.00      0.241302
       3620.00      0.239858
       3630.00      0.241834
       3640.00      0.241402
       3650.00      0.249225
       3660.00      0.254160
       3670.00      0.258070
       3680.00      0.252243
       3690.00      0.255680
       3700.00      0.251717
       3710.00      0.259765
       3720.00      0.270722
       3730.00      0.271657
       3740.00      0.291858
       3750.00      0.310375
       3760.00      0.326697
       3770.00      0.346592
       3780.00      0.384927
       3790.00      0.389855
       3800.00      0.355117
       3810.00      0.433476
       3820.00      0.473099
       3830.00      0.369978
       3840.00      0.350025
       3850.00      0.474897
       3860.00      0.557912
       3870.00      0.559307
       3880.00      0.458890
       3890.00      0.353126
       3900.00      0.420008
       3910.00      0.556322
       3920.00      0.605466
       3930.00      0.503343
       3940.00      0.497206
       3950.00      0.580625
       3960.00      0.478129
       3970.00      0.362534
       3980.00      0.483154
       3990.00      0.640286
       4000.00      0.707382
       4010.00      0.725277
       4020.00      0.744484
       4030.00      0.730760
       4040.00      0.719195
       4050.00      0.721590
       4060.00      0.703863
       4070.00      0.670313
       4080.00      0.628301
       4090.00      0.503684
       4100.00      0.421219
       4110.00      0.462186
       4120.00      0.607919
       4130.00      0.665551
       4140.00      0.701823
       4150.00      0.705559
       4160.00      0.700479
       4170.00      0.683270
       4180.00      0.674900
       4190.00      0.696136
       4200.00      0.706544
       4210.00      0.706872
       4220.00      0.701862
       4230.00      0.694212
       4240.00      0.697223
       4250.00      0.722743
       4260.00      0.720386
       4270.00      0.707489
       4280.00      0.693996
       4290.00      0.679909
       4300.00      0.684875
       4310.00      0.658463
       4320.00      0.631782
       4330.00      0.521151
       4340.00      0.421410
       4350.00      0.476750
       4360.00      0.621918
       4370.00      0.678414
       4380.00      0.674937
       4390.00      0.672117
       4400.00      0.673149
       4410.00      0.674176
       4420.00      0.679658
       4430.00      0.683843
       4440.00      0.675328
       4450.00      0.668749
       4460.00      0.657149
       4470.00      0.664497
       4480.00      0.655472
       4490.00      0.660910
       4500.00      0.676334
       4510.00      0.681702
       4520.00      0.665867
       4530.00      0.651967
       4540.00      0.657352
       4550.00      0.646626
       4560.00      0.651382
       4570.00      0.651805
       4580.00      0.644234
       4590.00      0.640377
       4600.00      0.654287
       4610.00      0.658364
       4620.00      0.657548
       4630.00      0.657952
       4640.00      0.651073
       4650.00      0.651490
       4660.00      0.644654
       4670.00      0.640259
       4680.00      0.649720
       4690.00      0.654338
       4700.00      0.643361
       4710.00      0.640799
       4720.00      0.646600
       4730.00      0.647018
       4740.00      0.648029
       4750.00      0.644887
       4760.00      0.633477
       4770.00      0.633919
       4780.00      0.644373
       4790.00      0.647143
       4800.00      0.641688
       4810.00      0.631574
       4820.00      0.617998
       4830.00      0.593985
       4840.00      0.558030
       4850.00      0.474215
       4860.00      0.382983
       4870.00      0.426307
       4880.00      0.530955
       4890.00      0.571842
       4900.00      0.589521
       4910.00      0.588894
       4920.00      0.580258
       4930.00      0.583079
       4940.00      0.591587
       4950.00      0.596080
       4960.00      0.590904
       4970.00      0.598779
       4980.00      0.584574
       4990.00      0.582838
       5000.00      0.579983
       5010.00      0.563652
       5020.00      0.567016
       5030.00      0.572606
       5040.00      0.568677
       5050.00      0.553780
       5060.00      0.560865
       5070.00      0.561980
       5080.00      0.561982
       5090.00      0.569175
       5100.00      0.557570
       5110.00      0.564192
       5120.00      0.560341
       5130.00      0.551565
       5140.00      0.548301
       5150.00      0.548330
       5160.00      0.542084
       5170.00      0.532594
       5180.00      0.532708
       5190.00      0.529240
       5200.00      0.532716
       5210.00      0.529370
       5220.00      0.531862
       5230.00      0.520724
       5240.00      0.524942
       5250.00      0.535311
       5260.00      0.517272
       5270.00      0.499355
       5280.00      0.513927
       5290.00      0.526208
       5300.00      0.527711
       5310.00      0.516962
       5320.00      0.513503
       5330.00      0.509053
       5340.00      0.507836
       5350.00      0.518043
       5360.00      0.512559
       5370.00      0.515327
       5380.00      0.520074
       5390.00      0.517176
       5400.00      0.509910
       5410.00      0.507770
       5420.00      0.535040
       5430.00      0.533017
       5440.00      0.532555
       5450.00      0.535194
       5460.00      0.534730
       5470.00      0.527576
       5480.00      0.527640
       5490.00      0.528218
       5500.00      0.523162
       5510.00      0.521702
       5520.00      0.525857
       5530.00      0.514724
       5540.00      0.520909
       5550.00      0.524029
       5560.00      0.518023
       5570.00      0.518609
       5580.00      0.517175
       5590.00      0.510710
       5600.00      0.505776
       5610.00      0.512402
       5620.00      0.512994
       5630.00      0.511582
       5640.00      0.508678
       5650.00      0.506781
       5660.00      0.501409
       5670.00      0.500028
       5680.00      0.505592
       5690.00      0.503219
       5700.00      0.502830
       5710.00      0.497019
       5720.00      0.499595
       5730.00      0.503145
       5740.00      0.497854
       5760.00      0.483759
       5780.00      0.485641
       5800.00      0.484743
       5820.00      0.483755
       5840.00      0.486919
       5860.00      0.478435
       5880.00      0.467853
       5900.00      0.465361
       5920.00      0.469924
       5940.00      0.475878
       5960.00      0.469604
       5980.00      0.471753
       6000.00      0.466943
       6020.00      0.461884
       6040.00      0.469397
       6060.00      0.474817
       6080.00      0.471866
       6100.00      0.469396
       6120.00      0.463722
       6140.00      0.455058
       6160.00      0.447776
       6180.00      0.450791
       6200.00      0.454105
       6220.00      0.450291
       6240.00      0.442486
       6260.00      0.439813
       6280.00      0.441775
       6300.00      0.443948
       6320.00      0.436217
       6340.00      0.430356
       6360.00      0.431039
       6380.00      0.429379
       6400.00      0.423154
       6420.00      0.426835
       6440.00      0.419564
       6460.00      0.415955
       6480.00      0.411238
       6500.00      0.407634
       6520.00      0.405822
       6540.00      0.385726
       6560.00      0.333133
       6580.00      0.340593
       6600.00      0.389514
       6620.00      0.402627
       6640.00      0.400481
       6660.00      0.404140
       6680.00      0.400738
       6700.00      0.394542
       6720.00      0.394708
       6740.00      0.391490
       6760.00      0.390623
       6780.00      0.393956
       6800.00      0.391389
       6820.00      0.389416
       6840.00      0.396633
       6860.00      0.381564
       6880.00      0.368587
       6900.00      0.369518
       6920.00      0.373414
       6940.00      0.377327
       6960.00      0.373128
       6980.00      0.370405
       7000.00      0.366170
       7020.00      0.368255
       7040.00      0.366249
       7060.00      0.363297
       7080.00      0.363543
       7100.00      0.360695
       7120.00      0.363083
       7140.00      0.360883
       7160.00      0.373205
       7180.00      0.377773
       7200.00      0.360065
       7220.00      0.354349
       7240.00      0.353837
       7260.00      0.353056
       7280.00      0.350230
       7300.00      0.346879
       7320.00      0.343316
       7340.00      0.338430
       7360.00      0.342100
       7380.00      0.343233
       7400.00      0.340403
       7420.00      0.337854
       7440.00      0.339330
       7460.00      0.339100
       7480.00      0.342747
       7500.00      0.340407
       7520.00      0.335196
       7540.00      0.328967
       7560.00      0.322846
       7580.00      0.341569
       7600.00      0.305921
       7620.00      0.294403
       7640.00      0.312353
       7660.00      0.319440
       7680.00      0.303028
       7700.00      0.320998
       7720.00      0.321771
       7740.00      0.323304
       7760.00      0.314199
       7780.00      0.301340
       7800.00      0.308328
       7820.00      0.310600
       7840.00      0.305785
       7860.00      0.305222
       7880.00      0.303054
       7900.00      0.304140
       7920.00      0.299462
       7940.00      0.297927
       7960.00      0.299195
       7980.00      0.298304
       8000.00      0.298579
       8020.00      0.297518
       8040.00      0.298914
       8060.00      0.293387
       8080.00      0.294577
       8100.00      0.293467
       8120.00      0.302002
       8140.00      0.302402
       8160.00      0.294518
       8180.00      0.289427
       8200.00      0.289236
       8220.00      0.277778
       8240.00      0.284108
       8260.00      0.299713
       8280.00      0.280151
       8300.00      0.280358
       8320.00      0.278737
       8340.00      0.274794
       8360.00      0.282791
       8380.00      0.282217
       8400.00      0.276819
       8420.00      0.275125
       8440.00      0.269403
       8460.00      0.268167
       8480.00      0.276133
       8500.00      0.271873
       8520.00      0.270376
       8540.00      0.263083
       8560.00      0.262732
       8580.00      0.274359
       8600.00      0.265340
       8620.00      0.280239
       8640.00      0.278254
       8660.00      0.248709
       8680.00      0.241033
       8700.00      0.272808
       8720.00      0.272698
       8740.00      0.241858
       8760.00      0.246320
       8780.00      0.262273
       8800.00      0.268364
       8820.00      0.278417
       8840.00      0.262213
       8860.00      0.242841
       8880.00      0.245337
       8900.00      0.263450
       8920.00      0.276653
       8940.00      0.272412
       8960.00      0.279189
       8980.00      0.266998
       9000.00      0.242942
       9020.00      0.225923
       9040.00      0.259993
       9060.00      0.261595
       9080.00      0.250445
       9100.00      0.263446
       9120.00      0.249532
       9140.00      0.262416
       9160.00      0.256987
       9180.00      0.249956
       9200.00      0.250483
       9220.00      0.218030
       9240.00      0.225053
       9260.00      0.231226
       9280.00      0.251965
       9300.00      0.288024
       9320.00      0.277588
       9340.00      0.298094
       9360.00      0.266806
       9380.00      0.268068
       9400.00      0.269025
       9420.00      0.263104
       9440.00      0.253301
       9460.00      0.260474
       9480.00      0.259954
       9500.00      0.247552
       9520.00      0.253243
       9540.00      0.206968
       9560.00      0.230891
       9580.00      0.241488
       9600.00      0.251132
       9620.00      0.240952
       9640.00      0.245564
       9660.00      0.243510
       9680.00      0.242222
       9700.00      0.240387
       9720.00      0.228480
       9740.00      0.239516
       9760.00      0.233054
       9780.00      0.244524
       9800.00      0.234372
       9820.00      0.246424
       9840.00      0.227868
       9860.00      0.238914
       9880.00      0.236977
       9900.00      0.239683
       9920.00      0.237355
       9940.00      0.225038
       9960.00      0.233462
       9980.00      0.229496
       10000.0      0.241960
       10020.0      0.210204
       10040.0      0.203756
       10060.0      0.198649
       10080.0      0.214539
       10100.0      0.225208
       10120.0      0.217446
       10140.0      0.224209
       10160.0      0.221745
       10180.0      0.224434
       10200.0      0.218501
       10220.0      0.216255
       10240.0      0.219022
       10260.0      0.217306
       10280.0      0.227619
       10300.0      0.209902
       10320.0      0.218552
       10340.0      0.215706
       10360.0      0.212817
       10380.0      0.222415
       10400.0      0.213189
       10420.0      0.214590
       10440.0      0.207410
       10460.0      0.207041
       10480.0      0.205437
       10500.0      0.203839
       10520.0      0.190766
       10540.0      0.187759
       10560.0      0.208173
       10580.0      0.201339
       10600.0      0.194107
       10620.0      0.194775
