       3160.00       1.99973
       3170.00       1.95035
       3180.00       2.06951
       3190.00       2.17109
       3200.00       2.13003
       3210.00       2.19313
       3220.00       2.14600
       3230.00       2.18371
       3240.00       2.28129
       3250.00       2.15856
       3260.00       2.23845
       3270.00       2.15357
       3280.00       2.13472
       3290.00       2.13436
       3300.00       2.13332
       3310.00       2.13228
       3320.00       2.11844
       3330.00       2.13830
       3340.00       2.12653
       3350.00       2.14090
       3360.00       2.15518
       3370.00       2.15144
       3380.00       2.11991
       3390.00       2.15922
       3400.00       2.18184
       3410.00       2.18791
       3420.00       2.23387
       3430.00       2.20582
       3440.00       2.20332
       3450.00       2.16189
       3460.00       2.16017
       3470.00       2.18427
       3480.00       2.16191
       3490.00       2.13840
       3500.00       2.14764
       3510.00       2.16193
       3520.00       2.21175
       3530.00       2.22260
       3540.00       2.22265
       3550.00       2.19116
       3560.00       2.23908
       3570.00       2.22278
       3580.00       2.26409
       3590.00       2.24594
       3600.00       2.24032
       3610.00       2.21923
       3620.00       2.20383
       3630.00       2.22304
       3640.00       2.24645
       3650.00       2.24336
       3660.00       2.25374
       3670.00       2.22504
       3680.00       2.20135
       3690.00       2.24209
       3700.00       2.23059
       3710.00       2.29577
       3720.00       2.42920
       3730.00       2.46410
       3740.00       2.62929
       3750.00       2.87716
       3760.00       3.05228
       3770.00       3.04240
       3780.00       3.66325
       3790.00       3.76226
       3800.00       3.29819
       3810.00       4.34354
       3820.00       5.06172
       3830.00       3.66920
       3840.00       3.47835
       3850.00       5.15310
       3860.00       6.06587
       3870.00       5.77197
       3880.00       4.26345
       3890.00       3.24375
       3900.00       4.45682
       3910.00       6.00547
       3920.00       6.53834
       3930.00       6.21983
       3940.00       6.16427
       3950.00       6.01833
       3960.00       4.58431
       3970.00       3.33287
       3980.00       4.33012
       3990.00       6.07020
       4000.00       6.79931
       4010.00       6.92749
       4020.00       6.94366
       4030.00       6.99864
       4040.00       7.01456
       4050.00       7.00277
       4060.00       6.93039
       4070.00       6.64387
       4080.00       6.12283
       4090.00       4.75001
       4100.00       3.46196
       4110.00       4.15666
       4120.00       5.78630
       4130.00       6.45520
       4140.00       6.68292
       4150.00       6.76930
       4160.00       6.76379
       4170.00       6.67779
       4180.00       6.73678
       4190.00       6.69934
       4200.00       6.73135
       4210.00       6.77385
       4220.00       6.72067
       4230.00       6.67832
       4240.00       6.64673
       4250.00       6.54682
       4260.00       6.56298
       4270.00       6.52140
       4280.00       6.48524
       4290.00       6.37099
       4300.00       6.11671
       4310.00       5.83245
       4320.00       5.28524
       4330.00       3.87568
       4340.00       3.20398
       4350.00       4.37708
       4360.00       5.52939
       4370.00       6.01873
       4380.00       6.17364
       4390.00       6.21566
       4400.00       6.12523
       4410.00       6.08088
       4420.00       6.07219
       4430.00       6.11912
       4440.00       6.02971
       4450.00       5.99604
       4460.00       5.97758
       4470.00       5.88909
       4480.00       5.76102
       4490.00       5.87781
       4500.00       5.83491
       4510.00       5.83686
       4520.00       5.75956
       4530.00       5.77650
       4540.00       5.79829
       4550.00       5.70191
       4560.00       5.73359
       4570.00       5.71124
       4580.00       5.68900
       4590.00       5.69611
       4600.00       5.72752
       4610.00       5.71024
       4620.00       5.70758
       4630.00       5.70975
       4640.00       5.68297
       4650.00       5.65631
       4660.00       5.54810
       4670.00       5.54581
       4680.00       5.60092
       4690.00       5.60330
       4700.00       5.61042
       4710.00       5.57475
       4720.00       5.59614
       4730.00       5.49439
       4740.00       5.50169
       4750.00       5.48068
       4760.00       5.43154
       4770.00       5.41077
       4780.00       5.37604
       4790.00       5.34612
       4800.00       5.34431
       4810.00       5.24478
       4820.00       5.11780
       4830.00       4.88474
       4840.00       4.40754
       4850.00       3.38953
       4860.00       2.84505
       4870.00       3.58199
       4880.00       4.52186
       4890.00       4.78819
       4900.00       4.93831
       4910.00       4.97384
       4920.00       4.94098
       4930.00       4.97636
       4940.00       5.00254
       4950.00       4.95625
       4960.00       4.96432
       4970.00       4.93631
       4980.00       4.91741
       4990.00       4.87615
       5000.00       4.84402
       5010.00       4.81648
       5020.00       4.79796
       5030.00       4.80177
       5040.00       4.74339
       5050.00       4.62319
       5060.00       4.63174
       5070.00       4.61378
       5080.00       4.59148
       5090.00       4.56047
       5100.00       4.62614
       5110.00       4.59956
       5120.00       4.64742
       5130.00       4.66890
       5140.00       4.62498
       5150.00       4.61600
       5160.00       4.52029
       5170.00       4.50289
       5180.00       4.53309
       5190.00       4.50279
       5200.00       4.48982
       5210.00       4.49410
       5220.00       4.42974
       5230.00       4.39559
       5240.00       4.37011
       5250.00       4.42575
       5260.00       4.37903
       5270.00       4.33249
       5280.00       4.37092
       5290.00       4.40497
       5300.00       4.32909
       5310.00       4.24927
       5320.00       4.22445
       5330.00       4.24592
       5340.00       4.22959
       5350.00       4.29700
       5360.00       4.25139
       5370.00       4.17678
       5380.00       4.17734
       5390.00       4.21527
       5400.00       4.17016
       5410.00       4.17486
       5420.00       4.15064
       5430.00       4.15124
       5440.00       4.16830
       5450.00       4.10274
       5460.00       4.13253
       5470.00       4.07055
       5480.00       4.10111
       5490.00       4.07733
       5500.00       4.11062
       5510.00       4.08284
       5520.00       4.07950
       5530.00       3.98510
       5540.00       3.99407
       5550.00       3.99211
       5560.00       3.97044
       5570.00       3.98340
       5580.00       3.97627
       5590.00       3.95514
       5600.00       3.96846
       5610.00       3.95221
       5620.00       3.89818
       5630.00       3.88648
       5640.00       3.86451
       5650.00       3.87788
       5660.00       3.87261
       5670.00       3.87999
       5680.00       3.83690
       5690.00       3.82308
       5700.00       3.81126
       5710.00       3.81753
       5720.00       3.82298
       5730.00       3.84717
       5740.00       3.75741
       5760.00       3.72571
       5780.00       3.72133
       5800.00       3.70734
       5820.00       3.68768
       5840.00       3.65014
       5860.00       3.62469
       5880.00       3.56211
       5900.00       3.56180
       5920.00       3.55468
       5940.00       3.48355
       5960.00       3.48125
       5980.00       3.53848
       6000.00       3.54459
       6020.00       3.53691
       6040.00       3.55744
       6060.00       3.54791
       6080.00       3.57969
       6100.00       3.58777
       6120.00       3.56982
       6140.00       3.43570
       6160.00       3.44671
       6180.00       3.39644
       6200.00       3.38440
       6220.00       3.36308
       6240.00       3.34190
       6260.00       3.26900
       6280.00       3.22223
       6300.00       3.25606
       6320.00       3.21459
       6340.00       3.22599
       6360.00       3.21021
       6380.00       3.19418
       6400.00       3.18385
       6420.00       3.17428
       6440.00       3.13036
       6460.00       3.09503
       6480.00       3.06129
       6500.00       3.04774
       6520.00       2.89351
       6540.00       2.45785
       6560.00       2.34048
       6580.00       2.75691
       6600.00       2.95510
       6620.00       2.95868
       6640.00       2.96191
       6660.00       2.88915
       6680.00       2.87648
       6700.00       2.87892
       6720.00       2.84870
       6740.00       2.84224
       6760.00       2.81529
       6780.00       2.78024
       6800.00       2.79971
       6820.00       2.81678
       6840.00       2.84421
       6860.00       2.70181
       6880.00       2.67020
       6900.00       2.73611
       6920.00       2.74178
       6940.00       2.68808
       6960.00       2.71123
       6980.00       2.64510
       7000.00       2.62507
       7020.00       2.62524
       7040.00       2.58249
       7060.00       2.62020
       7080.00       2.60774
       7100.00       2.59755
       7120.00       2.57171
       7140.00       2.57610
       7160.00       2.54108
       7180.00       2.50376
       7200.00       2.52976
       7220.00       2.49175
       7240.00       2.42118
       7260.00       2.41543
       7280.00       2.43832
       7300.00       2.43409
       7320.00       2.43325
       7340.00       2.41534
       7360.00       2.40786
       7380.00       2.38374
       7400.00       2.38093
       7420.00       2.36999
       7440.00       2.38769
       7460.00       2.36298
       7480.00       2.36564
       7500.00       2.32650
       7520.00       2.39860
       7540.00       2.42014
       7560.00       2.43358
       7580.00       2.08046
       7600.00       1.75395
       7620.00       2.29016
       7640.00       2.27479
       7660.00       2.27528
       7680.00       2.12566
       7700.00       2.17770
       7720.00       2.19264
       7740.00       2.21069
       7760.00       2.20095
       7780.00       2.18523
       7800.00       2.19856
       7820.00       2.16918
       7840.00       2.16708
       7860.00       2.16954
       7880.00       2.14017
       7900.00       2.12568
       7920.00       2.10618
       7940.00       2.09270
       7960.00       2.07676
       7980.00       2.08221
       8000.00       2.06106
       8020.00       2.05787
       8040.00       2.07781
       8060.00       2.07210
       8080.00       2.01960
       8100.00       1.98200
       8120.00       2.00551
       8140.00       1.96484
       8160.00       1.93917
       8180.00       1.96179
       8200.00       1.92316
       8220.00       1.90323
       8240.00       1.95539
       8260.00       1.91895
       8280.00       2.05543
       8300.00       1.97604
       8320.00       1.86367
       8340.00       1.98052
       8360.00       1.86145
       8380.00       1.99458
       8400.00       1.94426
       8420.00       1.96197
       8440.00       1.83956
       8460.00       1.83019
       8480.00       1.86731
       8500.00       1.89768
       8520.00       1.91293
       8540.00       1.87097
       8560.00       1.95263
       8580.00       1.83459
       8600.00       1.86677
       8620.00       2.07434
       8640.00       1.85165
       8660.00       1.74372
       8680.00       1.96329
       8700.00       1.98862
       8720.00       1.78845
       8740.00       1.70727
       8760.00       1.91597
       8780.00       1.99115
       8800.00       1.98332
       8820.00       1.95852
       8840.00       1.63681
       8860.00       1.63564
       8880.00       1.78749
       8900.00       1.94645
       8920.00       1.93832
       8940.00       1.89618
       8960.00       1.76053
       8980.00       1.59932
       9000.00       1.48633
       9020.00       1.62424
       9040.00       1.80810
       9060.00       1.82017
       9080.00       1.75058
       9100.00       1.86751
       9120.00       1.86931
       9140.00       1.80570
       9160.00       1.73431
       9180.00       1.67275
       9200.00       1.59052
       9220.00       1.37633
       9240.00       1.54439
       9260.00       1.69673
       9280.00       1.74903
       9300.00       1.58329
       9320.00       1.47397
       9340.00       1.58969
       9360.00       1.55783
       9380.00       1.59198
       9400.00       1.68146
       9420.00       1.47163
       9440.00       1.46756
       9460.00       1.58490
       9480.00       1.52158
       9500.00       1.32729
       9520.00       1.21540
       9540.00       1.14762
       9560.00       1.31053
       9580.00       1.53327
       9600.00       1.54267
       9620.00       1.57157
       9640.00       1.64030
       9660.00       1.66378
       9680.00       1.69364
       9700.00       1.60569
       9720.00       1.58672
       9740.00       1.63563
       9760.00       1.61806
       9780.00       1.63100
       9800.00       1.69118
       9820.00       1.55393
       9840.00       1.59604
       9860.00       1.59462
       9880.00       1.57439
       9900.00       1.53481
       9920.00       1.54232
       9940.00       1.53359
       9960.00       1.50309
       9980.00       1.50770
       10000.0       1.36300
       10020.0       1.25751
       10040.0       1.12436
       10060.0       1.29123
       10080.0       1.41413
       10100.0       1.39117
       10120.0       1.46340
       10140.0       1.42254
       10160.0       1.39595
       10180.0       1.45390
       10200.0       1.49340
       10220.0       1.33825
       10240.0       1.34373
       10260.0       1.39958
       10280.0       1.37791
       10300.0       1.35307
       10320.0       1.38949
       10340.0       1.38226
       10360.0       1.33594
       10380.0       1.33057
       10400.0       1.37816
       10420.0       1.32374
       10440.0       1.33257
       10460.0       1.34928
       10480.0       1.26191
       10500.0       1.26590
       10520.0       1.30733
       10540.0       1.19611
       10560.0       1.30534
       10580.0       1.39618
       10600.0       1.21341
       10620.0       1.28132
