       3160.00       3.34337
       3170.00       3.01677
       3180.00       3.12319
       3190.00       3.26991
       3200.00       3.20943
       3210.00       3.08148
       3220.00       3.19886
       3230.00       2.93169
       3240.00       3.13051
       3250.00       3.12500
       3260.00       3.25418
       3270.00       3.15712
       3280.00       3.02695
       3290.00       3.11756
       3300.00       3.07765
       3310.00       3.08455
       3320.00       3.08636
       3330.00       3.06905
       3340.00       3.00869
       3350.00       3.13674
       3360.00       3.11744
       3370.00       3.03858
       3380.00       3.02860
       3390.00       3.13828
       3400.00       3.07090
       3410.00       3.12184
       3420.00       3.12937
       3430.00       3.05870
       3440.00       3.10143
       3450.00       3.07690
       3460.00       3.06317
       3470.00       3.10745
       3480.00       3.06193
       3490.00       3.01668
       3500.00       3.04922
       3510.00       3.01572
       3520.00       3.10710
       3530.00       3.18183
       3540.00       3.12836
       3550.00       3.13936
       3560.00       3.06654
       3570.00       3.10019
       3580.00       3.11212
       3590.00       3.08105
       3600.00       3.07063
       3610.00       3.10111
       3620.00       3.10735
       3630.00       3.11818
       3640.00       3.12710
       3650.00       3.13322
       3660.00       3.16037
       3670.00       3.07780
       3680.00       3.08401
       3690.00       3.14375
       3700.00       3.24846
       3710.00       3.38421
       3720.00       3.76874
       3730.00       3.86105
       3740.00       4.05410
       3750.00       4.84033
       3760.00       4.94510
       3770.00       5.12574
       3780.00       6.60940
       3790.00       5.91826
       3800.00       5.60200
       3810.00       7.95308
       3820.00       8.21208
       3830.00       5.69198
       3840.00       5.81066
       3850.00       8.58239
       3860.00       9.44473
       3870.00       9.03069
       3880.00       6.58155
       3890.00       5.30011
       3900.00       7.48946
       3910.00       9.31538
       3920.00       9.64208
       3930.00       9.73691
       3940.00       9.57613
       3950.00       9.36526
       3960.00       6.93767
       3970.00       5.40094
       3980.00       7.81628
       3990.00       9.75845
       4000.00       10.3456
       4010.00       10.2696
       4020.00       10.2358
       4030.00       10.0940
       4040.00       10.1187
       4050.00       10.0193
       4060.00       9.79654
       4070.00       9.55018
       4080.00       9.05043
       4090.00       6.95065
       4100.00       5.36372
       4110.00       6.90704
       4120.00       8.78364
       4130.00       9.23294
       4140.00       9.78529
       4150.00       9.73749
       4160.00       9.77047
       4170.00       9.56222
       4180.00       9.62752
       4190.00       9.65253
       4200.00       9.63752
       4210.00       9.67830
       4220.00       9.61567
       4230.00       9.49788
       4240.00       9.43596
       4250.00       9.35069
       4260.00       9.26581
       4270.00       9.24411
       4280.00       9.23817
       4290.00       9.07605
       4300.00       8.89130
       4310.00       8.70740
       4320.00       8.21410
       4330.00       5.95791
       4340.00       5.10340
       4350.00       7.15144
       4360.00       8.59218
       4370.00       9.00957
       4380.00       8.90485
       4390.00       8.86167
       4400.00       8.82630
       4410.00       8.70751
       4420.00       8.61200
       4430.00       8.60012
       4440.00       8.57320
       4450.00       8.59159
       4460.00       8.62492
       4470.00       8.35075
       4480.00       8.30967
       4490.00       8.45535
       4500.00       8.35465
       4510.00       8.33612
       4520.00       8.27320
       4530.00       8.22535
       4540.00       8.16295
       4550.00       8.21865
       4560.00       8.17859
       4570.00       8.24867
       4580.00       8.16482
       4590.00       8.13973
       4600.00       8.20945
       4610.00       8.11169
       4620.00       8.13764
       4630.00       8.12007
       4640.00       8.16756
       4650.00       8.10676
       4660.00       7.98870
       4670.00       8.01464
       4680.00       8.02616
       4690.00       8.10907
       4700.00       7.97061
       4710.00       8.03195
       4720.00       7.96524
       4730.00       7.93423
       4740.00       7.93870
       4750.00       7.83028
       4760.00       7.79271
       4770.00       7.76232
       4780.00       7.75309
       4790.00       7.72292
       4800.00       7.65796
       4810.00       7.54451
       4820.00       7.45934
       4830.00       7.28434
       4840.00       6.82967
       4850.00       5.23069
       4860.00       4.34914
       4870.00       5.57869
       4880.00       6.78742
       4890.00       7.14699
       4900.00       7.24866
       4910.00       7.22707
       4920.00       7.22600
       4930.00       7.25892
       4940.00       7.28493
       4950.00       7.22282
       4960.00       7.22177
       4970.00       7.22747
       4980.00       7.24660
       4990.00       7.16493
       5000.00       7.15060
       5010.00       7.08282
       5020.00       7.08206
       5030.00       7.04133
       5040.00       7.05396
       5050.00       6.94046
       5060.00       6.87376
       5070.00       6.86682
       5080.00       6.87309
       5090.00       6.82009
       5100.00       6.83299
       5110.00       6.88519
       5120.00       6.95028
       5130.00       7.00205
       5140.00       6.91672
       5150.00       6.92281
       5160.00       6.79250
       5170.00       6.76640
       5180.00       6.85037
       5190.00       6.84363
       5200.00       6.79180
       5210.00       6.74018
       5220.00       6.68875
       5230.00       6.57345
       5240.00       6.56730
       5250.00       6.59309
       5260.00       6.52322
       5270.00       6.47269
       5280.00       6.48582
       5290.00       6.49890
       5300.00       6.46134
       5310.00       6.39869
       5320.00       6.34887
       5330.00       6.34954
       5340.00       6.40039
       5350.00       6.41348
       5360.00       6.35151
       5370.00       6.27728
       5380.00       6.27184
       5390.00       6.26020
       5400.00       6.26723
       5410.00       6.21229
       5420.00       6.23174
       5430.00       6.18323
       5440.00       6.21499
       5450.00       6.17899
       5460.00       6.13330
       5470.00       6.17477
       5480.00       6.15739
       5490.00       6.12787
       5500.00       6.10454
       5510.00       6.20292
       5520.00       6.12491
       5530.00       6.03264
       5540.00       5.98486
       5550.00       6.01271
       5560.00       5.98442
       5570.00       6.01519
       5580.00       5.97438
       5590.00       5.98168
       5600.00       5.94886
       5610.00       5.92750
       5620.00       5.88953
       5630.00       5.84157
       5640.00       5.83121
       5650.00       5.86597
       5660.00       5.80055
       5670.00       5.87187
       5680.00       5.81021
       5690.00       5.78586
       5700.00       5.75925
       5710.00       5.69929
       5720.00       5.69284
       5730.00       5.75074
       5740.00       5.64031
       5760.00       5.55790
       5780.00       5.57983
       5800.00       5.54441
       5820.00       5.53918
       5840.00       5.54430
       5860.00       5.47449
       5880.00       5.31283
       5900.00       5.24939
       5920.00       5.34373
       5940.00       5.26143
       5960.00       5.25389
       5980.00       5.26770
       6000.00       5.28476
       6020.00       5.19262
       6040.00       5.21537
       6060.00       5.32312
       6080.00       5.32931
       6100.00       5.34864
       6120.00       5.32787
       6140.00       5.18991
       6160.00       5.07569
       6180.00       5.06144
       6200.00       5.00728
       6220.00       5.00195
       6240.00       4.94940
       6260.00       4.84152
       6280.00       4.80796
       6300.00       4.81344
       6320.00       4.82790
       6340.00       4.77568
       6360.00       4.77646
       6380.00       4.73943
       6400.00       4.66284
       6420.00       4.67389
       6440.00       4.65157
       6460.00       4.59515
       6480.00       4.54167
       6500.00       4.51790
       6520.00       4.38738
       6540.00       3.82114
       6560.00       3.61181
       6580.00       4.13502
       6600.00       4.42610
       6620.00       4.40716
       6640.00       4.39893
       6660.00       4.30119
       6680.00       4.28079
       6700.00       4.26801
       6720.00       4.26279
       6740.00       4.19993
       6760.00       4.17561
       6780.00       4.21815
       6800.00       4.21264
       6820.00       4.23763
       6840.00       4.39375
       6860.00       4.12597
       6880.00       3.92647
       6900.00       4.10254
       6920.00       4.12700
       6940.00       4.03158
       6960.00       4.01758
       6980.00       3.96047
       7000.00       3.97309
       7020.00       3.93933
       7040.00       3.93290
       7060.00       3.92508
       7080.00       3.93529
       7100.00       3.91193
       7120.00       3.87600
       7140.00       3.82995
       7160.00       3.83610
       7180.00       3.76941
       7200.00       3.74498
       7220.00       3.73925
       7240.00       3.60349
       7260.00       3.61249
       7280.00       3.64445
       7300.00       3.66017
       7320.00       3.63186
       7340.00       3.58635
       7360.00       3.60074
       7380.00       3.58962
       7400.00       3.57312
       7420.00       3.54995
       7440.00       3.53680
       7460.00       3.51205
       7480.00       3.48295
       7500.00       3.53129
       7520.00       3.57626
       7540.00       3.64277
       7560.00       3.65086
       7580.00       3.32162
       7600.00       2.90373
       7620.00       3.41412
       7640.00       3.36000
       7660.00       3.36173
       7680.00       3.03273
       7700.00       3.21633
       7720.00       3.26312
       7740.00       3.27677
       7760.00       3.22298
       7780.00       3.24183
       7800.00       3.27734
       7820.00       3.23425
       7840.00       3.29010
       7860.00       3.22375
       7880.00       3.20749
       7900.00       3.18198
       7920.00       3.21499
       7940.00       3.19803
       7960.00       3.16094
       7980.00       3.16520
       8000.00       3.13928
       8020.00       3.10847
       8040.00       3.10574
       8060.00       3.09512
       8080.00       3.04765
       8100.00       3.05998
       8120.00       3.08133
       8140.00       3.00131
       8160.00       2.92825
       8180.00       2.90430
       8200.00       2.96137
       8220.00       2.85511
       8240.00       2.83313
       8260.00       2.96257
       8280.00       2.83644
       8300.00       2.89702
       8320.00       2.79219
       8340.00       2.77586
       8360.00       2.78244
       8380.00       2.78580
       8400.00       2.85615
       8420.00       2.70849
       8440.00       2.66753
       8460.00       2.71747
       8480.00       2.78614
       8500.00       2.84187
       8520.00       2.87256
       8540.00       2.71242
       8560.00       2.94682
       8580.00       2.72672
       8600.00       2.82441
       8620.00       3.04176
       8640.00       2.81211
       8660.00       2.73094
       8680.00       3.10257
       8700.00       3.17478
       8720.00       2.95500
       8740.00       2.67067
       8760.00       2.79271
       8780.00       3.16074
       8800.00       3.27769
       8820.00       3.03851
       8840.00       2.68443
       8860.00       2.59592
       8880.00       2.91459
       8900.00       3.03831
       8920.00       3.01196
       8940.00       3.09330
       8960.00       2.84107
       8980.00       2.65675
       9000.00       2.17988
       9020.00       2.61080
       9040.00       3.01720
       9060.00       2.86963
       9080.00       2.74116
       9100.00       2.95017
       9120.00       2.92680
       9140.00       2.69383
       9160.00       2.74063
       9180.00       2.80182
       9200.00       2.51783
       9220.00       2.20745
       9240.00       2.51926
       9260.00       2.59343
       9280.00       2.59939
       9300.00       2.43996
       9320.00       2.28048
       9340.00       2.58449
       9360.00       2.21704
       9380.00       2.63027
       9400.00       2.76690
       9420.00       2.42275
       9440.00       2.29338
       9460.00       2.39479
       9480.00       2.31693
       9500.00       2.22352
       9520.00       2.05095
       9540.00       1.93040
       9560.00       2.27756
       9580.00       2.37354
       9600.00       2.37243
       9620.00       2.38561
       9640.00       2.35112
       9660.00       2.49541
       9680.00       2.54010
       9700.00       2.43883
       9720.00       2.40209
       9740.00       2.35209
       9760.00       2.42383
       9780.00       2.39181
       9800.00       2.37633
       9820.00       2.49262
       9840.00       2.44431
       9860.00       2.34284
       9880.00       2.33403
       9900.00       2.41596
       9920.00       2.43304
       9940.00       2.41500
       9960.00       2.39602
       9980.00       2.33313
       10000.0       2.25374
       10020.0       1.99643
       10040.0       1.99613
       10060.0       2.11606
       10080.0       2.19231
       10100.0       2.33560
       10120.0       2.26675
       10140.0       2.29962
       10160.0       2.29048
       10180.0       2.27841
       10200.0       2.23452
       10220.0       2.19802
       10240.0       2.27226
       10260.0       2.19206
       10280.0       2.17052
       10300.0       2.18908
       10320.0       2.21113
       10340.0       2.21140
       10360.0       2.18254
       10380.0       2.18157
       10400.0       2.20379
       10420.0       2.17062
       10440.0       2.19406
       10460.0       2.16713
       10480.0       2.05972
       10500.0       2.06792
       10520.0       1.97130
       10540.0       2.07088
       10560.0       2.09805
       10580.0       2.03993
       10600.0       2.06105
       10620.0       1.93822
