       3160.00      0.139219
       3170.00      0.139146
       3180.00      0.139949
       3190.00      0.143002
       3200.00      0.145600
       3210.00      0.142978
       3220.00      0.134031
       3230.00      0.138932
       3240.00      0.148744
       3250.00      0.159710
       3260.00      0.164629
       3270.00      0.161713
       3280.00      0.172044
       3290.00      0.181324
       3300.00      0.176907
       3310.00      0.175882
       3320.00      0.175702
       3330.00      0.173432
       3340.00      0.174233
       3350.00      0.169210
       3360.00      0.165737
       3370.00      0.168619
       3380.00      0.176976
       3390.00      0.183299
       3400.00      0.180985
       3410.00      0.181203
       3420.00      0.180537
       3430.00      0.173855
       3440.00      0.176857
       3450.00      0.184550
       3460.00      0.184754
       3470.00      0.182349
       3480.00      0.183092
       3490.00      0.188817
       3500.00      0.193648
       3510.00      0.192104
       3520.00      0.195580
       3530.00      0.207646
       3540.00      0.213745
       3550.00      0.202751
       3560.00      0.186278
       3570.00      0.180491
       3580.00      0.188218
       3590.00      0.200491
       3600.00      0.197872
       3610.00      0.193403
       3620.00      0.200625
       3630.00      0.204163
       3640.00      0.209020
       3650.00      0.222179
       3660.00      0.225946
       3670.00      0.221284
       3680.00      0.222448
       3690.00      0.225618
       3700.00      0.217985
       3710.00      0.211268
       3720.00      0.206459
       3730.00      0.198254
       3740.00      0.202377
       3750.00      0.218482
       3760.00      0.235365
       3770.00      0.250127
       3780.00      0.245046
       3790.00      0.240420
       3800.00      0.250168
       3810.00      0.226247
       3820.00      0.191639
       3830.00      0.202589
       3840.00      0.238135
       3850.00      0.257104
       3860.00      0.254995
       3870.00      0.241745
       3880.00      0.233468
       3890.00      0.254162
       3900.00      0.271894
       3910.00      0.244494
       3920.00      0.198648
       3930.00      0.212549
       3940.00      0.257591
       3950.00      0.243193
       3960.00      0.216505
       3970.00      0.272010
       3980.00      0.326769
       3990.00      0.336534
       4000.00      0.346424
       4010.00      0.352735
       4020.00      0.351569
       4030.00      0.350697
       4040.00      0.348049
       4050.00      0.352861
       4060.00      0.363422
       4070.00      0.376782
       4080.00      0.367043
       4090.00      0.342716
       4100.00      0.351501
       4110.00      0.365437
       4120.00      0.365113
       4130.00      0.371252
       4140.00      0.377081
       4150.00      0.377234
       4160.00      0.370806
       4170.00      0.366745
       4180.00      0.367755
       4190.00      0.368926
       4200.00      0.373406
       4210.00      0.371968
       4220.00      0.365753
       4230.00      0.365712
       4240.00      0.365287
       4250.00      0.361643
       4260.00      0.358452
       4270.00      0.354950
       4280.00      0.335146
       4290.00      0.301858
       4300.00      0.315294
       4310.00      0.358493
       4320.00      0.360187
       4330.00      0.336259
       4340.00      0.349439
       4350.00      0.375519
       4360.00      0.371890
       4370.00      0.362650
       4380.00      0.361186
       4390.00      0.366865
       4400.00      0.381166
       4410.00      0.391140
       4420.00      0.391568
       4430.00      0.394560
       4440.00      0.392835
       4450.00      0.391535
       4460.00      0.401478
       4470.00      0.405875
       4480.00      0.409579
       4490.00      0.420139
       4500.00      0.424310
       4510.00      0.410301
       4520.00      0.398818
       4530.00      0.403060
       4540.00      0.408868
       4550.00      0.419341
       4560.00      0.423764
       4570.00      0.416744
       4580.00      0.415581
       4590.00      0.419579
       4600.00      0.424064
       4610.00      0.426416
       4620.00      0.427602
       4630.00      0.424775
       4640.00      0.423359
       4650.00      0.422598
       4660.00      0.418505
       4670.00      0.422875
       4680.00      0.425343
       4690.00      0.420825
       4700.00      0.423582
       4710.00      0.433324
       4720.00      0.435749
       4730.00      0.435367
       4740.00      0.435673
       4750.00      0.435537
       4760.00      0.438570
       4770.00      0.441640
       4780.00      0.443337
       4790.00      0.445270
       4800.00      0.450191
       4810.00      0.453114
       4820.00      0.450826
       4830.00      0.449413
       4840.00      0.421446
       4850.00      0.382925
       4860.00      0.390970
       4870.00      0.413894
       4880.00      0.421938
       4890.00      0.429236
       4900.00      0.425093
       4910.00      0.417705
       4920.00      0.422139
       4930.00      0.429472
       4940.00      0.430904
       4950.00      0.428721
       4960.00      0.425892
       4970.00      0.423868
       4980.00      0.423156
       4990.00      0.422820
       5000.00      0.417148
       5010.00      0.420900
       5020.00      0.426394
       5030.00      0.423978
       5040.00      0.423597
       5050.00      0.420277
       5060.00      0.411559
       5070.00      0.413127
       5080.00      0.421586
       5090.00      0.415516
       5100.00      0.412790
       5110.00      0.412482
       5120.00      0.405422
       5130.00      0.402461
       5140.00      0.407230
       5150.00      0.398690
       5160.00      0.380560
       5170.00      0.384492
       5180.00      0.397904
       5190.00      0.406213
       5200.00      0.412705
       5210.00      0.412670
       5220.00      0.409301
       5230.00      0.415351
       5240.00      0.418500
       5250.00      0.405990
       5260.00      0.399660
       5270.00      0.411494
       5280.00      0.424470
       5290.00      0.426036
       5300.00      0.423525
       5310.00      0.417920
       5320.00      0.412948
       5330.00      0.417702
       5340.00      0.424219
       5350.00      0.423860
       5360.00      0.421078
       5370.00      0.423059
       5380.00      0.424386
       5390.00      0.420413
       5400.00      0.417658
       5410.00      0.424092
       5420.00      0.431101
       5430.00      0.434580
       5440.00      0.435061
       5450.00      0.434688
       5460.00      0.432617
       5470.00      0.429705
       5480.00      0.431462
       5490.00      0.431098
       5500.00      0.430736
       5510.00      0.432902
       5520.00      0.431698
       5530.00      0.430917
       5540.00      0.433071
       5550.00      0.432709
       5560.00      0.430261
       5570.00      0.429072
       5580.00      0.428303
       5590.00      0.429613
       5600.00      0.435061
       5610.00      0.424772
       5620.00      0.435164
       5630.00      0.421615
       5640.00      0.436501
       5650.00      0.415194
       5660.00      0.433728
       5670.00      0.418231
       5680.00      0.436695
       5690.00      0.418392
       5700.00      0.430685
       5710.00      0.426273
       5720.00      0.441348
       5730.00      0.423975
       5740.00      0.423641
       5760.00      0.425796
       5780.00      0.427935
       5800.00      0.427260
       5820.00      0.428582
       5840.00      0.426717
       5860.00      0.416946
       5880.00      0.412370
       5900.00      0.418838
       5920.00      0.422910
       5940.00      0.421096
       5960.00      0.421240
       5980.00      0.420995
       6000.00      0.419979
       6020.00      0.422052
       6040.00      0.424112
       6060.00      0.426158
       6080.00      0.430863
       6100.00      0.429830
       6120.00      0.420085
       6140.00      0.414182
       6160.00      0.413967
       6180.00      0.416757
       6200.00      0.420278
       6220.00      0.417807
       6240.00      0.413865
       6260.00      0.414396
       6280.00      0.417510
       6300.00      0.418027
       6320.00      0.420008
       6340.00      0.424539
       6360.00      0.423933
       6380.00      0.423332
       6400.00      0.423097
       6420.00      0.422863
       6440.00      0.421549
       6460.00      0.418448
       6480.00      0.418589
       6500.00      0.420157
       6520.00      0.404989
       6540.00      0.382463
       6560.00      0.384834
       6580.00      0.398475
       6600.00      0.406408
       6620.00      0.410087
       6640.00      0.411298
       6660.00      0.411108
       6680.00      0.413351
       6700.00      0.415234
       6720.00      0.414689
       6740.00      0.414491
       6760.00      0.414294
       6780.00      0.418890
       6800.00      0.422777
       6820.00      0.427661
       6840.00      0.426410
       6860.00      0.413667
       6880.00      0.416512
       6900.00      0.424048
       6920.00      0.414775
       6940.00      0.410905
       6960.00      0.411057
       6980.00      0.405890
       7000.00      0.404068
       7020.00      0.404900
       7040.00      0.404409
       7060.00      0.404249
       7080.00      0.401468
       7100.00      0.400011
       7120.00      0.397909
       7140.00      0.381521
       7160.00      0.359715
       7180.00      0.366792
       7200.00      0.387365
       7220.00      0.383400
       7240.00      0.374328
       7260.00      0.379370
       7280.00      0.384065
       7300.00      0.391594
       7320.00      0.396547
       7340.00      0.391989
       7360.00      0.385880
       7380.00      0.382319
       7400.00      0.380031
       7420.00      0.382134
       7440.00      0.382978
       7460.00      0.376975
       7480.00      0.372865
       7500.00      0.376821
       7520.00      0.383224
       7540.00      0.385284
       7560.00      0.338534
       7580.00      0.263715
       7600.00      0.270531
       7620.00      0.345613
       7640.00      0.385405
       7660.00      0.388639
       7680.00      0.377355
       7700.00      0.369745
       7720.00      0.369989
       7740.00      0.361239
       7760.00      0.355524
       7780.00      0.357592
       7800.00      0.359055
       7820.00       0.00000
       7840.00       0.00000
       7860.00       0.00000
       7880.00       0.00000
       7900.00       0.00000
       7920.00       0.00000
       7940.00       0.00000
       7960.00       0.00000
       7980.00       0.00000
       8000.00       0.00000
       8020.00       0.00000
       8040.00       0.00000
       8060.00       0.00000
       8080.00       0.00000
       8100.00       0.00000
       8120.00       0.00000
       8140.00      0.361161
       8160.00      0.356579
       8180.00      0.360530
       8200.00      0.355689
       8220.00      0.359057
       8240.00      0.365507
       8260.00      0.357880
       8280.00      0.355054
       8300.00      0.353640
       8320.00      0.343865
       8340.00      0.340259
       8360.00      0.341942
       8380.00      0.342511
       8400.00      0.336447
       8420.00      0.337026
       8440.00      0.342550
       8460.00      0.341740
       8480.00      0.335462
       8500.00      0.330851
       8520.00      0.326261
       8540.00      0.326041
       8560.00      0.328532
       8580.00      0.325332
       8600.00      0.324576
       8620.00      0.323553
       8640.00      0.318776
       8660.00      0.321791
       8680.00      0.327198
       8700.00      0.324312
       8720.00      0.320641
       8740.00      0.322297
       8760.00      0.321031
       8780.00      0.320564
       8800.00      0.323527
       8820.00      0.319110
       8840.00      0.315239
       8860.00      0.321598
       8880.00      0.323487
       8900.00      0.323542
       8920.00      0.322816
       8940.00      0.306781
       8960.00      0.290299
       8980.00      0.284743
       9000.00      0.299064
       9020.00      0.327212
       9040.00      0.324178
       9060.00      0.301437
       9080.00      0.310739
       9100.00      0.322041
       9120.00      0.312938
       9140.00      0.304130
       9160.00      0.311572
       9180.00      0.323784
       9200.00      0.326106
       9220.00      0.333200
       9240.00      0.333986
       9260.00      0.328754
       9280.00      0.317544
       9300.00      0.268708
       9320.00      0.232132
       9340.00      0.254639
       9360.00      0.305162
       9380.00      0.334691
       9400.00      0.316453
       9420.00      0.292134
       9440.00      0.304051
       9460.00      0.315427
       9480.00      0.302034
       9500.00      0.292849
       9520.00      0.290772
       9540.00      0.295756
       9560.00      0.302661
       9580.00      0.298639
       9600.00      0.292457
       9620.00      0.283408
       9640.00      0.284745
       9660.00      0.310097
       9680.00      0.321442
       9700.00      0.308579
       9720.00      0.296724
       9740.00      0.293495
       9760.00      0.293369
       9780.00      0.292294
       9800.00      0.286489
       9820.00      0.284960
       9840.00      0.284617
       9860.00      0.281686
       9880.00      0.283230
       9900.00      0.283126
       9920.00      0.280450
       9940.00      0.284321
       9960.00      0.288876
       9980.00      0.287367
       10000.0      0.286096
       10020.0      0.284830
       10040.0      0.281721
       10060.0      0.282314
       10080.0      0.284055
       10100.0      0.280506
       10120.0      0.274908
       10140.0      0.275739
       10160.0      0.274511
       10180.0      0.270097
       10200.0      0.270477
       10220.0      0.270856
       10240.0      0.268741
       10260.0      0.271157
       10280.0      0.269726
       10300.0      0.264472
       10320.0      0.265083
       10340.0      0.261205
       10360.0      0.255549
       10380.0      0.257069
       10400.0      0.258136
       10420.0      0.257641
       10440.0      0.258703
       10460.0      0.261979
       10480.0      0.265243
       10500.0      0.267611
       10520.0      0.273939
       10540.0      0.276061
       10560.0      0.265211
       10580.0      0.255499
       10600.0      0.256768
       10620.0      0.258906
