       3160.00       3.47242
       3170.00       4.57430
       3180.00       3.85251
       3190.00       3.84244
       3200.00       4.10403
       3210.00       4.46553
       3220.00       4.39411
       3230.00       4.04019
       3240.00       4.37093
       3250.00       4.67997
       3260.00       4.82832
       3270.00       4.94058
       3280.00       4.42479
       3290.00       4.83091
       3300.00       5.20165
       3310.00       5.11643
       3320.00       4.91045
       3330.00       4.91682
       3340.00       5.13553
       3350.00       5.15835
       3360.00       4.79493
       3370.00       4.65365
       3380.00       4.80627
       3390.00       5.09749
       3400.00       5.12760
       3410.00       5.09945
       3420.00       5.26206
       3430.00       5.21691
       3440.00       5.11628
       3450.00       4.95141
       3460.00       5.15690
       3470.00       4.91366
       3480.00       5.06666
       3490.00       4.90015
       3500.00       5.23673
       3510.00       5.44576
       3520.00       5.10712
       3530.00       5.31533
       3540.00       5.65415
       3550.00       5.87765
       3560.00       5.71035
       3570.00       5.25936
       3580.00       4.76625
       3590.00       4.96304
       3600.00       5.44986
       3610.00       5.29845
       3620.00       5.21143
       3630.00       5.34144
       3640.00       5.43210
       3650.00       5.65009
       3660.00       5.93323
       3670.00       6.22702
       3680.00       5.92877
       3690.00       6.06511
       3700.00       6.01418
       3710.00       6.23568
       3720.00       6.07633
       3730.00       5.62657
       3740.00       5.58247
       3750.00       5.89649
       3760.00       6.03888
       3770.00       6.35681
       3780.00       6.99090
       3790.00       6.98425
       3800.00       6.46471
       3810.00       7.01804
       3820.00       6.66675
       3830.00       5.42459
       3840.00       5.49368
       3850.00       6.77581
       3860.00       7.33276
       3870.00       7.36335
       3880.00       6.91613
       3890.00       6.49421
       3900.00       6.82331
       3910.00       7.52175
       3920.00       7.48626
       3930.00       5.06053
       3940.00       4.80114
       3950.00       6.91653
       3960.00       6.69572
       3970.00       5.29769
       3980.00       6.89651
       3990.00       8.87652
       4000.00       9.38635
       4010.00       9.68169
       4020.00       9.94693
       4030.00       9.88419
       4040.00       9.80436
       4050.00       9.83380
       4060.00       9.68366
       4070.00       9.56094
       4080.00       9.73330
       4090.00       9.95013
       4100.00       9.08260
       4110.00       9.19267
       4120.00       10.3415
       4130.00       10.4155
       4140.00       10.4274
       4150.00       10.7133
       4160.00       10.5524
       4170.00       10.5531
       4180.00       10.0768
       4190.00       10.5241
       4200.00       10.4625
       4210.00       10.8915
       4220.00       10.5310
       4230.00       10.2961
       4240.00       10.5929
       4250.00       10.6868
       4260.00       10.8612
       4270.00       10.5095
       4280.00       10.4909
       4290.00       10.2415
       4300.00       9.16992
       4310.00       9.50006
       4320.00       10.3006
       4330.00       10.1262
       4340.00       9.51980
       4350.00       10.1296
       4360.00       11.0958
       4370.00       11.2430
       4380.00       10.8161
       4390.00       10.8045
       4400.00       10.8076
       4410.00       10.9946
       4420.00       11.3023
       4430.00       11.1888
       4440.00       11.2500
       4450.00       11.0696
       4460.00       11.0405
       4470.00       11.3131
       4480.00       11.4191
       4490.00       11.3794
       4500.00       11.7930
       4510.00       12.1679
       4520.00       11.6319
       4530.00       11.2733
       4540.00       11.5103
       4550.00       11.6269
       4560.00       11.6911
       4570.00       12.0794
       4580.00       11.8075
       4590.00       11.6147
       4600.00       11.8353
       4610.00       11.7944
       4620.00       12.0926
       4630.00       12.0195
       4640.00       11.7595
       4650.00       11.7809
       4660.00       11.5581
       4670.00       11.5484
       4680.00       11.8010
       4690.00       11.8644
       4700.00       11.5400
       4710.00       11.5562
       4720.00       12.0327
       4730.00       11.8897
       4740.00       11.9617
       4750.00       11.9567
       4760.00       11.7409
       4770.00       11.9374
       4780.00       12.1169
       4790.00       12.1824
       4800.00       12.1969
       4810.00       12.1490
       4820.00       12.2272
       4830.00       11.9465
       4840.00       11.9350
       4850.00       11.0012
       4860.00       9.83854
       4870.00       9.95743
       4880.00       11.0711
       4890.00       11.5124
       4900.00       11.8346
       4910.00       11.6360
       4920.00       11.4098
       4930.00       11.4942
       4940.00       11.6870
       4950.00       11.8105
       4960.00       11.9568
       4970.00       12.0639
       4980.00       11.6444
       4990.00       11.6493
       5000.00       11.6490
       5010.00       11.3272
       5020.00       11.4358
       5030.00       11.8463
       5040.00       11.8038
       5050.00       11.6817
       5060.00       11.9706
       5070.00       11.9508
       5080.00       11.5725
       5090.00       11.5472
       5100.00       11.5672
       5110.00       11.5496
       5120.00       11.6605
       5130.00       11.4958
       5140.00       11.2235
       5150.00       11.4735
       5160.00       11.4822
       5170.00       10.7579
       5180.00       10.7630
       5190.00       11.0033
       5200.00       11.0805
       5210.00       11.3843
       5220.00       11.4543
       5230.00       11.3188
       5240.00       11.5069
       5250.00       11.7979
       5260.00       11.1959
       5270.00       10.8412
       5280.00       11.3762
       5290.00       11.7848
       5300.00       11.5768
       5310.00       11.7921
       5320.00       11.7760
       5330.00       11.4421
       5340.00       11.5583
       5350.00       11.7231
       5360.00       11.9945
       5370.00       11.7008
       5380.00       11.7290
       5390.00       11.7831
       5400.00       11.5198
       5410.00       11.3993
       5420.00       11.5516
       5430.00       11.6504
       5440.00       11.8299
       5450.00       11.9254
       5460.00       11.7163
       5470.00       11.5886
       5480.00       11.6141
       5490.00       11.5557
       5500.00       11.7124
       5510.00       11.7260
       5520.00       11.7742
       5530.00       11.8107
       5540.00       11.7663
       5550.00       11.7911
       5560.00       11.8734
       5570.00       11.6111
       5580.00       11.5560
       5590.00       11.5010
       5600.00       11.1917
       5610.00       11.6536
       5620.00       11.7011
       5630.00       11.5328
       5640.00       11.6710
       5650.00       11.6956
       5660.00       11.5959
       5670.00       11.4965
       5680.00       11.6338
       5690.00       11.6358
       5700.00       11.5481
       5710.00       11.4719
       5720.00       11.6530
       5730.00       11.7665
       5740.00       11.8907
       5760.00       11.6054
       5780.00       11.7089
       5800.00       11.8999
       5820.00       12.0896
       5840.00       11.9388
       5860.00       11.9199
       5880.00       11.5859
       5900.00       11.2975
       5920.00       11.6911
       5940.00       11.8346
       5960.00       11.8485
       5980.00       11.6807
       6000.00       11.7270
       6020.00       11.6455
       6040.00       11.7551
       6060.00       11.7374
       6080.00       11.8144
       6100.00       11.8909
       6120.00       11.8625
       6140.00       11.5949
       6160.00       11.3290
       6180.00       11.6232
       6200.00       11.7713
       6220.00       11.5690
       6240.00       11.5320
       6260.00       11.4441
       6280.00       11.6111
       6300.00       11.5641
       6320.00       11.7601
       6340.00       11.6525
       6360.00       11.6560
       6380.00       11.6696
       6400.00       11.4833
       6420.00       11.4077
       6440.00       11.4914
       6460.00       11.3766
       6480.00       11.2824
       6500.00       11.2673
       6520.00       11.1837
       6540.00       10.7684
       6560.00       10.2777
       6580.00       11.0041
       6600.00       11.4064
       6620.00       11.5361
       6640.00       11.3762
       6660.00       11.2557
       6680.00       11.2507
       6700.00       11.1885
       6720.00       11.1267
       6740.00       11.1126
       6760.00       11.1554
       6780.00       11.1790
       6800.00       11.3435
       6820.00       11.5258
       6840.00       11.7443
       6860.00       11.1884
       6880.00       10.7843
       6900.00       11.3366
       6920.00       11.3777
       6940.00       11.0686
       6960.00       11.0185
       6980.00       10.8129
       7000.00       10.7273
       7020.00       10.8879
       7040.00       10.8933
       7060.00       10.9167
       7080.00       10.8949
       7100.00       10.8282
       7120.00       10.7798
       7140.00       10.6333
       7160.00       10.6304
       7180.00       10.3782
       7200.00       10.4027
       7220.00       10.4535
       7240.00       10.1598
       7260.00       10.3783
       7280.00       10.2796
       7300.00       10.3389
       7320.00       10.4853
       7340.00       10.3261
       7360.00       10.3068
       7380.00       10.4001
       7400.00       10.2251
       7420.00       10.1803
       7440.00       10.2904
       7460.00       10.2885
       7480.00       10.1329
       7500.00       9.97803
       7520.00       10.5209
       7540.00       10.7218
       7560.00       11.0738
       7580.00       10.4629
       7600.00       8.45087
       7620.00       10.4080
       7640.00       9.69481
       7660.00       9.93647
       7680.00       9.17000
       7700.00       9.42007
       7720.00       9.64401
       7740.00       9.73469
       7760.00       9.80842
       7780.00       9.74214
       7800.00       9.75812
       7820.00       9.73316
       7840.00       9.74909
       7860.00       9.78933
       7880.00       9.66717
       7900.00       9.69123
       7920.00       9.58606
       7940.00       9.64241
       7960.00       9.68241
       7980.00       9.81030
       8000.00       9.73784
       8020.00       9.68965
       8040.00       9.79273
       8060.00       9.80014
       8080.00       9.80752
       8100.00       9.74386
       8120.00       9.90088
       8140.00       9.79804
       8160.00       9.43726
       8180.00       9.28137
       8200.00       9.57827
       8220.00       9.38393
       8240.00       9.33013
       8260.00       9.70986
       8280.00       9.40083
       8300.00       9.37817
       8320.00       9.02534
       8340.00       9.31787
       8360.00       9.60900
       8380.00       9.24289
       8400.00       9.32739
       8420.00       9.13826
       8440.00       9.34376
       8460.00       9.17815
       8480.00       9.31476
       8500.00       9.41314
       8520.00       9.21852
       8540.00       8.79284
       8560.00       9.32476
       8580.00       9.19130
       8600.00       9.05103
       8620.00       9.22279
       8640.00       8.75024
       8660.00       8.47913
       8680.00       8.92343
       8700.00       9.40242
       8720.00       9.16099
       8740.00       9.53488
       8760.00       9.20671
       8780.00       9.44777
       8800.00       9.31010
       8820.00       8.78179
       8840.00       8.88482
       8860.00       8.84313
       8880.00       8.76564
       8900.00       8.90391
       8920.00       8.86245
       8940.00       8.82833
       8960.00       8.68024
       8980.00       8.65379
       9000.00       8.19431
       9020.00       8.51622
       9040.00       8.94275
       9060.00       8.45041
       9080.00       8.13619
       9100.00       8.54670
       9120.00       8.66109
       9140.00       8.50230
       9160.00       8.27443
       9180.00       8.63233
       9200.00       8.66914
       9220.00       8.49784
       9240.00       8.43795
       9260.00       8.44043
       9280.00       9.14533
       9300.00       8.28731
       9320.00       7.57011
       9340.00       8.42972
       9360.00       7.51045
       9380.00       7.80784
       9400.00       8.54587
       9420.00       7.55759
       9440.00       7.52804
       9460.00       8.49167
       9480.00       8.02883
       9500.00       8.13302
       9520.00       8.25019
       9540.00       8.18600
       9560.00       8.01513
       9580.00       8.43867
       9600.00       7.96176
       9620.00       8.15114
       9640.00       8.07457
       9660.00       8.15047
       9680.00       8.47693
       9700.00       8.22227
       9720.00       8.23823
       9740.00       8.07040
       9760.00       8.25030
       9780.00       8.26610
       9800.00       8.51008
       9820.00       8.23243
       9840.00       8.20271
       9860.00       8.29626
       9880.00       8.04660
       9900.00       7.97225
       9920.00       7.89175
       9940.00       7.94660
       9960.00       8.16163
       9980.00       8.10045
       10000.0       8.29514
       10020.0       8.08724
       10040.0       7.70832
       10060.0       7.78828
       10080.0       8.08349
       10100.0       8.18137
       10120.0       8.04522
       10140.0       8.09868
       10160.0       8.21483
       10180.0       8.06058
       10200.0       8.22021
       10220.0       8.27916
       10240.0       8.34412
       10260.0       8.14722
       10280.0       8.06299
       10300.0       8.14660
       10320.0       8.05651
       10340.0       7.94203
       10360.0       7.82183
       10380.0       8.11460
       10400.0       7.92694
       10420.0       8.06505
       10440.0       7.68232
       10460.0       7.56377
       10480.0       7.98839
       10500.0       7.87579
       10520.0       7.83652
       10540.0       7.89441
       10560.0       7.78263
       10580.0       7.63503
       10600.0       7.81355
       10620.0       7.69653
