       3160.00      0.105040
       3170.00      0.125340
       3180.00      0.136441
       3190.00      0.123159
       3200.00      0.136457
       3210.00      0.131081
       3220.00      0.119692
       3230.00      0.121167
       3240.00      0.133792
       3250.00      0.155264
       3260.00      0.171850
       3270.00      0.189186
       3280.00      0.185581
       3290.00      0.193833
       3300.00      0.207213
       3310.00      0.190501
       3320.00      0.188132
       3330.00      0.185778
       3340.00      0.191051
       3350.00      0.190599
       3360.00      0.179980
       3370.00      0.176381
       3380.00      0.190670
       3390.00      0.199016
       3400.00      0.207545
       3410.00      0.203674
       3420.00      0.204241
       3430.00      0.213955
       3440.00      0.185035
       3450.00      0.184153
       3460.00      0.208655
       3470.00      0.197977
       3480.00      0.200262
       3490.00      0.204129
       3500.00      0.223298
       3510.00      0.234435
       3520.00      0.203631
       3530.00      0.218474
       3540.00      0.251304
       3550.00      0.236942
       3560.00      0.215405
       3570.00      0.188870
       3580.00      0.161928
       3590.00      0.193905
       3600.00      0.235858
       3610.00      0.210661
       3620.00      0.230055
       3630.00      0.236645
       3640.00      0.225626
       3650.00      0.255270
       3660.00      0.281169
       3670.00      0.277588
       3680.00      0.260423
       3690.00      0.279422
       3700.00      0.279848
       3710.00      0.253926
       3720.00      0.263710
       3730.00      0.211766
       3740.00      0.182835
       3750.00      0.217630
       3760.00      0.247168
       3770.00      0.275073
       3780.00      0.304513
       3790.00      0.266912
       3800.00      0.270497
       3810.00      0.258628
       3820.00      0.182854
       3830.00      0.143578
       3840.00      0.186454
       3850.00      0.212183
       3860.00      0.200414
       3870.00      0.210882
       3880.00      0.211362
       3890.00      0.256578
       3900.00      0.286789
       3910.00      0.307904
       3920.00      0.270832
       3930.00      0.185723
       3940.00      0.216211
       3950.00      0.305892
       3960.00      0.251440
       3970.00      0.236695
       3980.00      0.381655
       3990.00      0.436165
       4000.00      0.448881
       4010.00      0.469461
       4020.00      0.488358
       4030.00      0.488625
       4040.00      0.475122
       4050.00      0.481012
       4060.00      0.472488
       4070.00      0.462248
       4080.00      0.497536
       4090.00      0.509920
       4100.00      0.482899
       4110.00      0.507536
       4120.00      0.521445
       4130.00      0.500749
       4140.00      0.500211
       4150.00      0.482155
       4160.00      0.497902
       4170.00      0.489847
       4180.00      0.486014
       4190.00      0.474138
       4200.00      0.500444
       4210.00      0.526908
       4220.00      0.484420
       4230.00      0.470406
       4240.00      0.498534
       4250.00      0.488760
       4260.00      0.495448
       4270.00      0.476608
       4280.00      0.472245
       4290.00      0.446508
       4300.00      0.369423
       4310.00      0.458909
       4320.00      0.537680
       4330.00      0.508727
       4340.00      0.540055
       4350.00      0.548404
       4360.00      0.562274
       4370.00      0.549349
       4380.00      0.501921
       4390.00      0.515893
       4400.00      0.551112
       4410.00      0.562296
       4420.00      0.599768
       4430.00      0.594109
       4440.00      0.599840
       4450.00      0.585992
       4460.00      0.586994
       4470.00      0.633147
       4480.00      0.641933
       4490.00      0.650414
       4500.00      0.664862
       4510.00      0.681625
       4520.00      0.640296
       4530.00      0.632830
       4540.00      0.633974
       4550.00      0.663669
       4560.00      0.676852
       4570.00      0.666155
       4580.00      0.663399
       4590.00      0.647065
       4600.00      0.659305
       4610.00      0.677612
       4620.00      0.685864
       4630.00      0.679319
       4640.00      0.665182
       4650.00      0.663239
       4660.00      0.658064
       4670.00      0.651635
       4680.00      0.661025
       4690.00      0.660547
       4700.00      0.648659
       4710.00      0.657574
       4720.00      0.681182
       4730.00      0.683690
       4740.00      0.697420
       4750.00      0.697624
       4760.00      0.687311
       4770.00      0.704362
       4780.00      0.711367
       4790.00      0.718342
       4800.00      0.724544
       4810.00      0.726177
       4820.00      0.730853
       4830.00      0.713381
       4840.00      0.718556
       4850.00      0.681766
       4860.00      0.637278
       4870.00      0.659711
       4880.00      0.680668
       4890.00      0.676676
       4900.00      0.698649
       4910.00      0.669631
       4920.00      0.678284
       4930.00      0.695284
       4940.00      0.704252
       4950.00      0.705558
       4960.00      0.700050
       4970.00      0.703838
       4980.00      0.695244
       4990.00      0.683739
       5000.00      0.681418
       5010.00      0.666099
       5020.00      0.669047
       5030.00      0.691177
       5040.00      0.683420
       5050.00      0.692531
       5060.00      0.697680
       5070.00      0.673498
       5080.00      0.663960
       5090.00      0.671476
       5100.00      0.657928
       5110.00      0.667760
       5120.00      0.669793
       5130.00      0.647497
       5140.00      0.649794
       5150.00      0.659333
       5160.00      0.608081
       5170.00      0.563714
       5180.00      0.563699
       5190.00      0.610844
       5200.00      0.648332
       5210.00      0.657917
       5220.00      0.665715
       5230.00      0.662467
       5240.00      0.688803
       5250.00      0.699070
       5260.00      0.646527
       5270.00      0.638741
       5280.00      0.694571
       5290.00      0.703774
       5300.00      0.717439
       5310.00      0.728584
       5320.00      0.692635
       5330.00      0.685298
       5340.00      0.701425
       5350.00      0.709992
       5360.00      0.718007
       5370.00      0.700688
       5380.00      0.712753
       5390.00      0.697130
       5400.00      0.681638
       5410.00      0.693084
       5420.00      0.727946
       5430.00      0.720825
       5440.00      0.731843
       5450.00      0.740707
       5460.00      0.734984
       5470.00      0.728556
       5480.00      0.718018
       5490.00      0.728796
       5500.00      0.728916
       5510.00      0.726151
       5520.00      0.733473
       5530.00      0.734302
       5540.00      0.730825
       5550.00      0.743827
       5560.00      0.735343
       5570.00      0.732596
       5580.00      0.726299
       5590.00      0.722867
       5600.00      0.723705
       5610.00      0.738704
       5620.00      0.744460
       5630.00      0.750195
       5640.00      0.753796
       5650.00      0.749649
       5660.00      0.749728
       5670.00      0.751910
       5680.00      0.764577
       5690.00      0.754853
       5700.00      0.759803
       5710.00      0.742468
       5720.00      0.761314
       5730.00      0.778707
       5740.00      0.784965
       5760.00      0.782239
       5780.00      0.775408
       5800.00      0.789176
       5820.00      0.800118
       5840.00      0.793976
       5860.00      0.783129
       5880.00      0.748707
       5900.00      0.754250
       5920.00      0.779890
       5940.00      0.781947
       5960.00      0.787989
       5980.00      0.788676
       6000.00      0.776114
       6020.00      0.773536
       6040.00      0.776895
       6060.00      0.792033
       6080.00      0.768516
       6100.00      0.750364
       6120.00      0.758299
       6140.00      0.777184
       6160.00      0.774661
       6180.00      0.779226
       6200.00      0.797860
       6220.00      0.792740
       6240.00      0.788289
       6260.00      0.785135
       6280.00      0.788962
       6300.00      0.781412
       6320.00      0.782711
       6340.00      0.784629
       6360.00      0.787784
       6380.00      0.776596
       6400.00      0.759269
       6420.00      0.772376
       6440.00      0.776764
       6460.00      0.774359
       6480.00      0.762772
       6500.00      0.767760
       6520.00      0.782468
       6540.00      0.769140
       6560.00      0.744990
       6580.00      0.768087
       6600.00      0.784422
       6620.00      0.786853
       6640.00      0.784483
       6660.00      0.785111
       6680.00      0.772053
       6700.00      0.781609
       6720.00      0.781648
       6740.00      0.770486
       6760.00      0.767031
       6780.00      0.776489
       6800.00      0.772452
       6820.00      0.790578
       6840.00      0.790590
       6860.00      0.757008
       6880.00      0.740947
       6900.00      0.769895
       6920.00      0.764225
       6940.00      0.775190
       6960.00      0.778672
       6980.00      0.778717
       7000.00      0.776492
       7020.00      0.771450
       7040.00      0.774902
       7060.00      0.783963
       7080.00      0.782871
       7100.00      0.772831
       7120.00      0.769544
       7140.00      0.772397
       7160.00      0.785222
       7180.00      0.771414
       7200.00      0.759338
       7220.00      0.756134
       7240.00      0.764472
       7260.00      0.760724
       7280.00      0.760272
       7300.00      0.765809
       7320.00      0.765888
       7340.00      0.766507
       7360.00      0.767664
       7380.00      0.756969
       7400.00      0.751165
       7420.00      0.755030
       7440.00      0.757807
       7460.00      0.758438
       7480.00      0.741006
       7500.00      0.740090
       7520.00      0.740763
       7540.00      0.740906
       7560.00      0.745778
       7580.00      0.742762
       7600.00      0.646704
       7620.00      0.665342
       7640.00      0.704165
       7660.00      0.729818
       7680.00      0.694807
       7700.00      0.713642
       7720.00      0.725175
       7740.00      0.729975
       7760.00      0.710685
       7780.00      0.743075
       7800.00      0.741679
       7820.00      0.732161
       7840.00      0.740936
       7860.00      0.745116
       7880.00      0.738687
       7900.00      0.728267
       7920.00      0.734957
       7940.00      0.726600
       7960.00      0.737253
       7980.00      0.742376
       8000.00      0.731084
       8020.00      0.741646
       8040.00      0.732388
       8060.00      0.731064
       8080.00      0.733188
       8100.00      0.721567
       8120.00      0.738873
       8140.00      0.733641
       8160.00      0.719183
       8180.00      0.710139
       8200.00      0.701623
       8220.00      0.692182
       8240.00      0.703521
       8260.00      0.726831
       8280.00      0.715958
       8300.00      0.708967
       8320.00      0.691504
       8340.00      0.696991
       8360.00      0.695324
       8380.00      0.708837
       8400.00      0.693905
       8420.00      0.697919
       8440.00      0.692970
       8460.00      0.688514
       8480.00      0.687827
       8500.00      0.673588
       8520.00      0.650088
       8540.00      0.641587
       8560.00      0.660511
       8580.00      0.689999
       8600.00      0.700868
       8620.00      0.678961
       8640.00      0.658994
       8660.00      0.637285
       8680.00      0.654584
       8700.00      0.681395
       8720.00      0.678921
       8740.00      0.674639
       8760.00      0.673553
       8780.00      0.657537
       8800.00      0.663718
       8820.00      0.658159
       8840.00      0.676446
       8860.00      0.676713
       8880.00      0.661766
       8900.00      0.655368
       8920.00      0.647217
       8940.00      0.665769
       8960.00      0.665613
       8980.00      0.649972
       9000.00      0.637049
       9020.00      0.662067
       9040.00      0.673787
       9060.00      0.654319
       9080.00      0.642814
       9100.00      0.658866
       9120.00      0.661342
       9140.00      0.640767
       9160.00      0.628524
       9180.00      0.626722
       9200.00      0.642203
       9220.00      0.634777
       9240.00      0.616632
       9260.00      0.600712
       9280.00      0.598989
       9300.00      0.573349
       9320.00      0.569987
       9340.00      0.598544
       9360.00      0.546750
       9380.00      0.587097
       9400.00      0.650096
       9420.00      0.568154
       9440.00      0.530332
       9460.00      0.583812
       9480.00      0.580065
       9500.00      0.587627
       9520.00      0.598496
       9540.00      0.582664
       9560.00      0.571055
       9580.00      0.588941
       9600.00      0.589784
       9620.00      0.599296
       9640.00      0.587336
       9660.00      0.621493
       9680.00      0.611179
       9700.00      0.622207
       9720.00      0.613978
       9740.00      0.595584
       9760.00      0.601691
       9780.00      0.595179
       9800.00      0.600452
       9820.00      0.597206
       9840.00      0.609721
       9860.00      0.599619
       9880.00      0.592373
       9900.00      0.582748
       9920.00      0.585178
       9940.00      0.583201
       9960.00      0.597987
       9980.00      0.594001
       10000.0      0.598773
       10020.0      0.603130
       10040.0      0.580162
       10060.0      0.594017
       10080.0      0.590474
       10100.0      0.603467
       10120.0      0.580680
       10140.0      0.582278
       10160.0      0.585824
       10180.0      0.572964
       10200.0      0.573399
       10220.0      0.571888
       10240.0      0.575815
       10260.0      0.582825
       10280.0      0.567391
       10300.0      0.565903
       10320.0      0.564806
       10340.0      0.572936
       10360.0      0.559174
       10380.0      0.582977
       10400.0      0.575361
       10420.0      0.563962
       10440.0      0.570493
       10460.0      0.558007
       10480.0      0.558837
       10500.0      0.582748
       10520.0      0.564266
       10540.0      0.563949
       10560.0      0.567396
       10580.0      0.545669
       10600.0      0.556259
       10620.0      0.572422
