       3160.00      0.123863
       3170.00      0.141264
       3180.00      0.145653
       3190.00      0.135834
       3200.00      0.146149
       3210.00      0.149718
       3220.00      0.133335
       3230.00      0.128525
       3240.00      0.126216
       3250.00      0.143775
       3260.00      0.173005
       3270.00      0.192493
       3280.00      0.183354
       3290.00      0.196830
       3300.00      0.214121
       3310.00      0.192286
       3320.00      0.186250
       3330.00      0.190254
       3340.00      0.193884
       3350.00      0.201854
       3360.00      0.183511
       3370.00      0.155582
       3380.00      0.165444
       3390.00      0.189472
       3400.00      0.210574
       3410.00      0.211156
       3420.00      0.211906
       3430.00      0.226624
       3440.00      0.197592
       3450.00      0.189396
       3460.00      0.215537
       3470.00      0.211548
       3480.00      0.212787
       3490.00      0.209330
       3500.00      0.236452
       3510.00      0.249266
       3520.00      0.232618
       3530.00      0.238582
       3540.00      0.265975
       3550.00      0.266049
       3560.00      0.243302
       3570.00      0.212825
       3580.00      0.169621
       3590.00      0.183475
       3600.00      0.248392
       3610.00      0.252237
       3620.00      0.246051
       3630.00      0.254711
       3640.00      0.268944
       3650.00      0.282458
       3660.00      0.318574
       3670.00      0.331879
       3680.00      0.302866
       3690.00      0.306480
       3700.00      0.322238
       3710.00      0.323732
       3720.00      0.288926
       3730.00      0.241928
       3740.00      0.232374
       3750.00      0.252327
       3760.00      0.266112
       3770.00      0.303697
       3780.00      0.354536
       3790.00      0.317978
       3800.00      0.290380
       3810.00      0.294220
       3820.00      0.233933
       3830.00      0.177777
       3840.00      0.197100
       3850.00      0.216474
       3860.00      0.216974
       3870.00      0.210221
       3880.00      0.222031
       3890.00      0.270740
       3900.00      0.330589
       3910.00      0.359191
       3920.00      0.352012
       3930.00      0.219801
       3940.00      0.203816
       3950.00      0.333803
       3960.00      0.334583
       3970.00      0.248944
       3980.00      0.369467
       3990.00      0.502569
       4000.00      0.539740
       4010.00      0.555738
       4020.00      0.571221
       4030.00      0.558636
       4040.00      0.533962
       4050.00      0.550394
       4060.00      0.544576
       4070.00      0.532324
       4080.00      0.576429
       4090.00      0.623176
       4100.00      0.605263
       4110.00      0.598529
       4120.00      0.623745
       4130.00      0.593649
       4140.00      0.583745
       4150.00      0.576987
       4160.00      0.597236
       4170.00      0.591739
       4180.00      0.568511
       4190.00      0.577337
       4200.00      0.581668
       4210.00      0.597361
       4220.00      0.601624
       4230.00      0.596748
       4240.00      0.625252
       4250.00      0.625844
       4260.00      0.613948
       4270.00      0.585272
       4280.00      0.569703
       4290.00      0.566604
       4300.00      0.472997
       4310.00      0.490342
       4320.00      0.610832
       4330.00      0.681634
       4340.00      0.690972
       4350.00      0.676754
       4360.00      0.711260
       4370.00      0.710703
       4380.00      0.645698
       4390.00      0.639434
       4400.00      0.668798
       4410.00      0.702931
       4420.00      0.752117
       4430.00      0.762820
       4440.00      0.767026
       4450.00      0.769505
       4460.00      0.748516
       4470.00      0.786459
       4480.00      0.829059
       4490.00      0.815888
       4500.00      0.850830
       4510.00      0.883026
       4520.00      0.849781
       4530.00      0.805071
       4540.00      0.815527
       4550.00      0.831975
       4560.00      0.848351
       4570.00      0.875653
       4580.00      0.860214
       4590.00      0.846753
       4600.00      0.857491
       4610.00      0.890241
       4620.00      0.916146
       4630.00      0.905204
       4640.00      0.877558
       4650.00      0.869386
       4660.00      0.871659
       4670.00      0.884310
       4680.00      0.882795
       4690.00      0.886396
       4700.00      0.881277
       4710.00      0.883873
       4720.00      0.916052
       4730.00      0.934380
       4740.00      0.940423
       4750.00      0.956407
       4760.00      0.935489
       4770.00      0.952275
       4780.00      0.985863
       4790.00      0.985513
       4800.00      0.989913
       4810.00      0.998913
       4820.00       1.01066
       4830.00       1.00700
       4840.00      0.997551
       4850.00      0.981877
       4860.00      0.920570
       4870.00      0.904159
       4880.00      0.949373
       4890.00      0.964881
       4900.00      0.991300
       4910.00      0.978568
       4920.00      0.930251
       4930.00      0.941167
       4940.00      0.965527
       4950.00      0.975147
       4960.00      0.981076
       4970.00      0.983100
       4980.00      0.964930
       4990.00      0.954798
       5000.00      0.954408
       5010.00      0.927772
       5020.00      0.934539
       5030.00      0.963124
       5040.00      0.952168
       5050.00      0.949935
       5060.00      0.971851
       5070.00      0.967399
       5080.00      0.941909
       5090.00      0.953608
       5100.00      0.963656
       5110.00      0.969205
       5120.00      0.969138
       5130.00      0.952210
       5140.00      0.953314
       5150.00      0.953846
       5160.00      0.949846
       5170.00      0.882328
       5180.00      0.857044
       5190.00      0.912374
       5200.00      0.958274
       5210.00      0.966307
       5220.00      0.969046
       5230.00      0.964511
       5240.00      0.995574
       5250.00       1.00637
       5260.00      0.962010
       5270.00      0.930131
       5280.00      0.970764
       5290.00       1.03444
       5300.00       1.03701
       5310.00       1.04453
       5320.00       1.04048
       5330.00      0.999158
       5340.00       1.00582
       5350.00       1.03497
       5360.00       1.06095
       5370.00       1.04973
       5380.00       1.05560
       5390.00       1.05472
       5400.00       1.02030
       5410.00       1.01701
       5420.00       1.07207
       5430.00       1.07741
       5440.00       1.09262
       5450.00       1.10885
       5460.00       1.08969
       5470.00       1.09411
       5480.00       1.07931
       5490.00       1.07841
       5500.00       1.11152
       5510.00       1.09783
       5520.00       1.10961
       5530.00       1.10443
       5540.00       1.09505
       5550.00       1.11625
       5560.00       1.12055
       5570.00       1.10490
       5580.00       1.09873
       5590.00       1.08526
       5600.00       1.06349
       5610.00       1.10744
       5620.00       1.10858
       5630.00       1.10350
       5640.00       1.10776
       5650.00       1.11615
       5660.00       1.09972
       5670.00       1.10602
       5680.00       1.11745
       5690.00       1.12063
       5700.00       1.10841
       5710.00       1.10135
       5720.00       1.10657
       5730.00       1.14544
       5740.00       1.13021
       5760.00       1.13339
       5780.00       1.11531
       5800.00       1.11953
       5820.00       1.14380
       5840.00       1.14688
       5860.00       1.13599
       5880.00       1.10330
       5900.00       1.08470
       5920.00       1.10177
       5940.00       1.12954
       5960.00       1.14635
       5980.00       1.15522
       6000.00       1.14942
       6020.00       1.14851
       6040.00       1.16600
       6060.00       1.17565
       6080.00       1.17948
       6100.00       1.18136
       6120.00       1.17845
       6140.00       1.15843
       6160.00       1.13854
       6180.00       1.13958
       6200.00       1.17079
       6220.00       1.16514
       6240.00       1.15017
       6260.00       1.14463
       6280.00       1.14470
       6300.00       1.16055
       6320.00       1.16150
       6340.00       1.17628
       6360.00       1.17809
       6380.00       1.18722
       6400.00       1.18899
       6420.00       1.18711
       6440.00       1.20611
       6460.00       1.19242
       6480.00       1.17972
       6500.00       1.19048
       6520.00       1.21193
       6540.00       1.22878
       6560.00       1.17514
       6580.00       1.17601
       6600.00       1.21938
       6620.00       1.23070
       6640.00       1.23492
       6660.00       1.21629
       6680.00       1.24065
       6700.00       1.22647
       6720.00       1.22021
       6740.00       1.22093
       6760.00       1.21472
       6780.00       1.21804
       6800.00       1.23422
       6820.00       1.23574
       6840.00       1.27913
       6860.00       1.21746
       6880.00       1.18079
       6900.00       1.21549
       6920.00       1.22633
       6940.00       1.21269
       6960.00       1.21089
       6980.00       1.21077
       7000.00       1.20480
       7020.00       1.19138
       7040.00       1.21041
       7060.00       1.21443
       7080.00       1.21100
       7100.00       1.21335
       7120.00       1.20338
       7140.00       1.19755
       7160.00       1.21216
       7180.00       1.14204
       7200.00       1.10234
       7220.00       1.18266
       7240.00       1.18828
       7260.00       1.15763
       7280.00       1.17051
       7300.00       1.17931
       7320.00       1.18647
       7340.00       1.20951
       7360.00       1.20146
       7380.00       1.18712
       7400.00       1.19970
       7420.00       1.19017
       7440.00       1.19875
       7460.00       1.20729
       7480.00       1.18765
       7500.00       1.17903
       7520.00       1.18911
       7540.00       1.18440
       7560.00       1.19596
       7580.00       1.26374
       7600.00       1.09354
       7620.00       1.00093
       7640.00       1.11612
       7660.00       1.12007
       7680.00       1.10193
       7700.00       1.18560
       7720.00       1.17496
       7740.00       1.17419
       7760.00       1.19376
       7780.00       1.19895
       7800.00       1.18763
       7820.00       1.19356
       7840.00       0.00000
       7860.00       0.00000
       7880.00       0.00000
       7900.00       0.00000
       7920.00       0.00000
       7940.00       0.00000
       7960.00       0.00000
       7980.00       0.00000
       8000.00       0.00000
       8020.00       0.00000
       8040.00       0.00000
       8060.00       0.00000
       8080.00       0.00000
       8100.00       0.00000
       8120.00       0.00000
       8140.00       1.14305
       8160.00       1.08224
       8180.00       1.07102
       8200.00       1.15750
       8220.00       1.14188
       8240.00       1.13486
       8260.00       1.20711
       8280.00       1.15408
       8300.00       1.14285
       8320.00       1.11832
       8340.00       1.09602
       8360.00       1.13884
       8380.00       1.14310
       8400.00       1.14942
       8420.00       1.17445
       8440.00       1.15851
       8460.00       1.15025
       8480.00       1.17648
       8500.00       1.16203
       8520.00       1.13460
       8540.00       1.07993
       8560.00       1.10131
       8580.00       1.15868
       8600.00       1.16414
       8620.00       1.16077
       8640.00       1.17837
       8660.00       1.13111
       8680.00       1.11706
       8700.00       1.18368
       8720.00       1.16086
       8740.00       1.17893
       8760.00       1.16223
       8780.00       1.15026
       8800.00       1.14898
       8820.00       1.12782
       8840.00       1.16097
       8860.00       1.14318
       8880.00       1.14257
       8900.00       1.14263
       8920.00       1.15514
       8940.00       1.11464
       8960.00       1.10563
       8980.00       1.08690
       9000.00       1.05721
       9020.00       1.13262
       9040.00       1.25489
       9060.00       1.21019
       9080.00       1.10132
       9100.00       1.08027
       9120.00       1.05932
       9140.00       1.01480
       9160.00       1.02406
       9180.00       1.06958
       9200.00       1.13523
       9220.00       1.12009
       9240.00       1.09110
       9260.00       1.08243
       9280.00       1.18213
       9300.00       1.01933
       9320.00      0.928725
       9340.00      0.844763
       9360.00      0.793005
       9380.00       1.05924
       9400.00       1.24040
       9420.00       1.13912
       9440.00      0.988737
       9460.00       1.01939
       9480.00       1.04683
       9500.00       1.08031
       9520.00       1.08664
       9540.00       1.08313
       9560.00       1.09309
       9580.00       1.03530
       9600.00      0.997219
       9620.00       1.04193
       9640.00       1.02582
       9660.00       1.00494
       9680.00       1.08377
       9700.00       1.10262
       9720.00       1.06127
       9740.00      0.994886
       9760.00      0.991051
       9780.00      0.993805
       9800.00      0.991181
       9820.00       1.01356
       9840.00       1.02041
       9860.00      0.998190
       9880.00       1.01687
       9900.00      0.996518
       9920.00      0.999811
       9940.00      0.993684
       9960.00       1.00225
       9980.00       1.00610
       10000.0      0.987722
       10020.0       1.00325
       10040.0      0.984951
       10060.0      0.966726
       10080.0      0.965967
       10100.0      0.963476
       10120.0      0.960994
       10140.0      0.964286
       10160.0      0.951458
       10180.0      0.940977
       10200.0      0.923661
       10220.0      0.953307
       10240.0      0.944025
       10260.0      0.954147
       10280.0      0.943763
       10300.0      0.956683
       10320.0      0.954263
       10340.0      0.959765
       10360.0      0.958477
       10380.0      0.970143
       10400.0      0.966592
       10420.0      0.973711
       10440.0      0.981922
       10460.0      0.972222
       10480.0      0.974270
       10500.0      0.974641
       10520.0      0.988344
       10540.0      0.973715
       10560.0      0.972424
       10580.0      0.982186
       10600.0      0.971511
       10620.0      0.966930
