       3160.00       22.6258
       3170.00       22.7553
       3180.00       23.2578
       3190.00       23.1450
       3200.00       23.1523
       3210.00       23.3447
       3220.00       22.5602
       3230.00       23.2001
       3240.00       23.8623
       3250.00       23.0704
       3260.00       22.5699
       3270.00       22.6567
       3280.00       21.4097
       3290.00       21.3059
       3300.00       21.3571
       3310.00       21.0617
       3320.00       21.0878
       3330.00       21.2157
       3340.00       21.2539
       3350.00       20.9369
       3360.00       21.0768
       3370.00       20.8127
       3380.00       20.2110
       3390.00       20.7275
       3400.00       20.6915
       3410.00       20.5437
       3420.00       20.3967
       3430.00       20.1516
       3440.00       19.8708
       3450.00       20.0101
       3460.00       19.9768
       3470.00       19.9437
       3480.00       19.6424
       3490.00       19.5131
       3500.00       19.4695
       3510.00       19.0754
       3520.00       19.0574
       3530.00       18.9432
       3540.00       18.4819
       3550.00       18.7648
       3560.00       18.6524
       3570.00       18.4574
       3580.00       18.0620
       3590.00       17.8934
       3600.00       17.8437
       3610.00       17.6178
       3620.00       17.5457
       3630.00       17.1582
       3640.00       17.0994
       3650.00       17.1340
       3660.00       17.0640
       3670.00       16.8092
       3680.00       16.7174
       3690.00       16.4765
       3700.00       15.9041
       3710.00       16.1130
       3720.00       16.2523
       3730.00       16.3909
       3740.00       16.5514
       3750.00       16.8129
       3760.00       17.1070
       3770.00       17.0278
       3780.00       17.7241
       3790.00       17.5429
       3800.00       16.8934
       3810.00       17.7071
       3820.00       18.1942
       3830.00       16.7610
       3840.00       16.7506
       3850.00       18.0745
       3860.00       18.3907
       3870.00       18.1566
       3880.00       16.6545
       3890.00       15.9350
       3900.00       16.9828
       3910.00       18.0903
       3920.00       17.8384
       3930.00       17.5661
       3940.00       17.9310
       3950.00       17.8211
       3960.00       16.2859
       3970.00       15.2610
       3980.00       16.5347
       3990.00       17.8340
       4000.00       18.0442
       4010.00       17.6074
       4020.00       16.9722
       4030.00       17.1408
       4040.00       17.8340
       4050.00       17.9891
       4060.00       17.6207
       4070.00       17.2748
       4080.00       16.8059
       4090.00       16.0900
       4100.00       15.0152
       4110.00       15.4436
       4120.00       16.6633
       4130.00       16.8800
       4140.00       16.6136
       4150.00       16.4508
       4160.00       16.6051
       4170.00       16.5959
       4180.00       16.4444
       4190.00       16.5166
       4200.00       16.5178
       4210.00       16.4382
       4220.00       16.3087
       4230.00       16.2500
       4240.00       16.0315
       4250.00       15.9838
       4260.00       15.8964
       4270.00       15.7399
       4280.00       15.5146
       4290.00       15.5279
       4300.00       15.4128
       4310.00       15.0323
       4320.00       14.6830
       4330.00       13.5803
       4340.00       12.6588
       4350.00       13.7033
       4360.00       14.6262
       4370.00       14.6510
       4380.00       14.3559
       4390.00       14.2748
       4400.00       14.5415
       4410.00       14.2197
       4420.00       14.0434
       4430.00       13.9542
       4440.00       13.7602
       4450.00       13.8534
       4460.00       13.6319
       4470.00       13.0600
       4480.00       13.0877
       4490.00       13.4273
       4500.00       13.3692
       4510.00       13.4243
       4520.00       13.3476
       4530.00       13.4400
       4540.00       13.1298
       4550.00       13.2223
       4560.00       13.1840
       4570.00       13.1087
       4580.00       13.0430
       4590.00       12.9036
       4600.00       12.7832
       4610.00       12.7186
       4620.00       12.7187
       4630.00       12.4895
       4640.00       12.2521
       4650.00       12.2532
       4660.00       12.0720
       4670.00       12.2279
       4680.00       12.3107
       4690.00       12.1486
       4700.00       11.9241
       4710.00       11.9438
       4720.00       11.9905
       4730.00       11.9921
       4740.00       11.9668
       4750.00       11.8611
       4760.00       11.8094
       4770.00       11.7046
       4780.00       11.6268
       4790.00       11.5405
       4800.00       11.4103
       4810.00       11.2895
       4820.00       11.0723
       4830.00       11.0669
       4840.00       10.8072
       4850.00       10.2772
       4860.00       9.88040
       4870.00       10.1914
       4880.00       10.6316
       4890.00       10.7141
       4900.00       10.7442
       4910.00       10.4715
       4920.00       10.2086
       4930.00       10.3516
       4940.00       10.5369
       4950.00       10.5156
       4960.00       10.3917
       4970.00       10.3878
       4980.00       10.2647
       4990.00       10.1845
       5000.00       9.99435
       5010.00       10.0422
       5020.00       10.0053
       5030.00       10.0107
       5040.00       9.85606
       5050.00       9.80292
       5060.00       9.76676
       5070.00       9.68888
       5080.00       9.56952
       5090.00       9.49233
       5100.00       9.48204
       5110.00       9.47179
       5120.00       9.44500
       5130.00       9.45969
       5140.00       9.37521
       5150.00       9.38174
       5160.00       9.42938
       5170.00       9.34544
       5180.00       9.28642
       5190.00       9.28489
       5200.00       9.12823
       5210.00       9.09441
       5220.00       8.99566
       5230.00       8.92163
       5240.00       8.85599
       5250.00       8.83912
       5260.00       8.77389
       5270.00       8.70890
       5280.00       8.63612
       5290.00       8.57164
       5300.00       8.49939
       5310.00       8.52336
       5320.00       8.43551
       5330.00       8.38783
       5340.00       8.29261
       5350.00       8.22949
       5360.00       8.21414
       5370.00       8.10397
       5380.00       8.08102
       5390.00       8.06602
       5400.00       8.03536
       5410.00       7.96557
       5420.00       7.90387
       5430.00       7.77204
       5440.00       7.76243
       5450.00       7.73027
       5460.00       7.60725
       5470.00       7.62905
       5480.00       7.63372
       5490.00       7.53242
       5500.00       7.51024
       5510.00       7.39336
       5520.00       7.47610
       5530.00       7.46643
       5540.00       7.42076
       5550.00       7.37908
       5560.00       7.38414
       5570.00       7.35106
       5580.00       7.29528
       5590.00       7.32628
       5600.00       7.24572
       5610.00       7.14729
       5620.00       7.21918
       5630.00       7.08570
       5640.00       7.05206
       5650.00       7.01854
       5660.00       6.98438
       5670.00       6.95035
       5680.00       6.91718
       5690.00       6.88413
       5700.00       6.85120
       5710.00       6.81838
       5720.00       6.78568
       5730.00       6.75383
       5740.00       6.72210
       5760.00       6.65674
       5780.00       6.64105
       5800.00       6.57203
       5820.00       6.53705
       5840.00       6.49794
       5860.00       6.38882
       5880.00       6.32521
       5900.00       6.26203
       5920.00       6.23012
       5940.00       6.13552
       5960.00       6.08786
       5980.00       6.02561
       6000.00       5.98005
       6020.00       5.92845
       6040.00       5.83431
       6060.00       5.83117
       6080.00       5.85668
       6100.00       5.81451
       6120.00       5.73029
       6140.00       5.61897
       6160.00       5.58832
       6180.00       5.52970
       6200.00       5.47557
       6220.00       5.48185
       6240.00       5.45000
       6260.00       5.41970
       6280.00       5.36323
       6300.00       5.35968
       6320.00       5.31853
       6340.00       5.28970
       6360.00       5.24703
       6380.00       5.21128
       6400.00       5.21357
       6420.00       5.13583
       6440.00       5.03351
       6460.00       4.99230
       6480.00       4.98803
       6500.00       4.90540
       6520.00       4.95352
       6540.00       5.10651
       6560.00       5.13819
       6580.00       4.88512
       6600.00       4.78927
       6620.00       4.73632
       6640.00       4.67793
       6660.00       4.60268
       6680.00       4.53361
       6700.00       4.54162
       6720.00       4.48198
       6740.00       4.44978
       6760.00       4.37444
       6780.00       4.31332
       6800.00       4.32498
       6820.00       4.28304
       6840.00       4.32824
       6860.00       4.12562
       6880.00       4.09388
       6900.00       4.13186
       6920.00       4.13341
       6940.00       4.10131
       6960.00       4.06757
       6980.00       4.04010
       7000.00       3.97760
       7020.00       3.93119
       7040.00       3.86575
       7060.00       3.89148
       7080.00       3.87089
       7100.00       3.84265
       7120.00       3.80860
       7140.00       3.75095
       7160.00       3.72684
       7180.00       3.77500
       7200.00       3.70259
       7220.00       3.66529
       7240.00       3.59711
       7260.00       3.51117
       7280.00       3.56101
       7300.00       3.58964
       7320.00       3.50675
       7340.00       3.45729
       7360.00       3.43635
       7380.00       3.43222
       7400.00       3.35696
       7420.00       3.33876
       7440.00       3.31095
       7460.00       3.30606
       7480.00       3.29041
       7500.00       3.26465
       7520.00       3.30509
       7540.00       3.33912
       7560.00       3.31568
       7580.00       3.04312
       7600.00       2.63568
       7620.00       3.19875
       7640.00       3.21428
       7660.00       3.15212
       7680.00       2.90399
       7700.00       3.03264
       7720.00       3.04183
       7740.00       3.10967
       7760.00       3.08086
       7780.00       3.04456
       7800.00       3.00627
       7820.00       2.99098
       7840.00       2.94491
       7860.00       2.94281
       7880.00       2.86153
       7900.00       2.85858
       7920.00       2.83046
       7940.00       2.81264
       7960.00       2.79330
       7980.00       2.77034
       8000.00       2.73210
       8020.00       2.69511
       8040.00       2.73435
       8060.00       2.70860
       8080.00       2.75339
       8100.00       2.67478
       8120.00       2.66924
       8140.00       2.64808
       8160.00       2.57759
       8180.00       2.64084
       8200.00       2.67996
       8220.00       2.57169
       8240.00       2.59636
       8260.00       2.58648
       8280.00       2.56075
       8300.00       2.54281
       8320.00       2.51322
       8340.00       2.44203
       8360.00       2.45143
       8380.00       2.47091
       8400.00       2.33867
       8420.00       2.38807
       8440.00       2.42870
       8460.00       2.33663
       8480.00       2.32862
       8500.00       2.37709
       8520.00       2.37998
       8540.00       2.38087
       8560.00       2.34108
       8580.00       2.25843
       8600.00       2.25022
       8620.00       2.26814
       8640.00       2.24815
       8660.00       2.20766
       8680.00       2.25295
       8700.00       2.28633
       8720.00       2.31711
       8740.00       2.19328
       8760.00       2.15580
       8780.00       2.25679
       8800.00       2.22416
       8820.00       2.18639
       8840.00       1.99605
       8860.00       1.98484
       8880.00       2.15488
       8900.00       2.17293
       8920.00       2.17758
       8940.00       2.09340
       8960.00       1.97453
       8980.00       1.95406
       9000.00       1.89546
       9020.00       1.99387
       9040.00       2.05568
       9060.00       2.02865
       9080.00       2.06860
       9100.00       2.05426
       9120.00       2.07070
       9140.00       1.99371
       9160.00       1.95135
       9180.00       1.91750
       9200.00       1.87180
       9220.00       1.87142
       9240.00       1.87748
       9260.00       1.88076
       9280.00       2.02036
       9300.00       1.90554
       9320.00       1.89234
       9340.00       1.94238
       9360.00       1.95637
       9380.00       1.97076
       9400.00       1.95166
       9420.00       1.92093
       9440.00       1.87143
       9460.00       1.78714
       9480.00       1.82547
       9500.00       1.70096
       9520.00       1.77944
       9540.00       1.69116
       9560.00       1.82396
       9580.00       1.82281
       9600.00       1.77523
       9620.00       1.73535
       9640.00       1.71809
       9660.00       1.79497
       9680.00       1.76714
       9700.00       1.73592
       9720.00       1.74807
       9740.00       1.71353
       9760.00       1.72742
       9780.00       1.71390
       9800.00       1.68051
       9820.00       1.65331
       9840.00       1.64564
       9860.00       1.64144
       9880.00       1.60460
       9900.00       1.58463
       9920.00       1.62680
       9940.00       1.59918
       9960.00       1.58872
       9980.00       1.54385
       10000.0       1.54670
       10020.0       1.47667
       10040.0       1.45681
       10060.0       1.45560
       10080.0       1.45019
       10100.0       1.53391
       10120.0       1.44446
       10140.0       1.47427
       10160.0       1.42289
       10180.0       1.39757
       10200.0       1.32865
       10220.0       1.47311
       10240.0       1.45448
       10260.0       1.33826
       10280.0       1.37365
       10300.0       1.31658
       10320.0       1.29510
       10340.0       1.31559
       10360.0       1.31879
       10380.0       1.36983
       10400.0       1.29820
       10420.0       1.32505
       10440.0       1.29485
       10460.0       1.28385
       10480.0       1.30774
       10500.0       1.29635
       10520.0       1.21640
       10540.0       1.16535
       10560.0       1.24878
       10580.0       1.25043
       10600.0       1.21563
       10620.0       1.27171
