       3160.00     0.0155799
       3170.00     0.0110573
       3180.00     0.0140518
       3190.00     0.0116682
       3200.00     0.0139109
       3210.00     0.0105462
       3220.00    0.00941169
       3230.00     0.0101216
       3240.00     0.0114474
       3250.00     0.0147362
       3260.00     0.0185085
       3270.00     0.0165879
       3280.00     0.0160196
       3290.00     0.0179583
       3300.00     0.0203170
       3310.00     0.0176046
       3320.00     0.0183786
       3330.00     0.0181478
       3340.00     0.0188957
       3350.00     0.0206869
       3360.00     0.0172584
       3370.00     0.0160453
       3380.00     0.0168576
       3390.00     0.0185752
       3400.00     0.0201884
       3410.00     0.0186821
       3420.00     0.0197558
       3430.00     0.0208481
       3440.00     0.0146190
       3450.00     0.0156486
       3460.00     0.0186303
       3470.00     0.0174319
       3480.00     0.0190221
       3490.00     0.0193217
       3500.00     0.0217493
       3510.00     0.0228432
       3520.00     0.0189185
       3530.00     0.0207707
       3540.00     0.0249951
       3550.00     0.0251426
       3560.00     0.0204552
       3570.00     0.0167163
       3580.00     0.0130432
       3590.00     0.0160266
       3600.00     0.0201204
       3610.00     0.0206684
       3620.00     0.0206426
       3630.00     0.0225793
       3640.00     0.0221026
       3650.00     0.0264701
       3660.00     0.0316567
       3670.00     0.0317504
       3680.00     0.0266645
       3690.00     0.0277173
       3700.00     0.0273109
       3710.00     0.0255334
       3720.00     0.0216780
       3730.00     0.0164520
       3740.00     0.0147153
       3750.00     0.0171543
       3760.00     0.0196231
       3770.00     0.0259779
       3780.00     0.0298530
       3790.00     0.0256168
       3800.00     0.0245711
       3810.00     0.0227112
       3820.00     0.0167832
       3830.00     0.0138275
       3840.00     0.0171552
       3850.00     0.0184659
       3860.00     0.0181834
       3870.00     0.0185168
       3880.00     0.0196727
       3890.00     0.0239298
       3900.00     0.0269990
       3910.00     0.0292706
       3920.00     0.0264280
       3930.00     0.0218569
       3940.00     0.0230802
       3950.00     0.0308851
       3960.00     0.0287104
       3970.00     0.0265229
       3980.00     0.0407987
       3990.00     0.0498951
       4000.00     0.0535208
       4010.00     0.0573873
       4020.00     0.0593569
       4030.00     0.0547378
       4040.00     0.0501417
       4050.00     0.0548636
       4060.00     0.0547052
       4070.00     0.0520671
       4080.00     0.0596865
       4090.00     0.0692294
       4100.00     0.0654016
       4110.00     0.0660000
       4120.00     0.0680841
       4130.00     0.0646752
       4140.00     0.0603940
       4150.00     0.0606122
       4160.00     0.0642542
       4170.00     0.0638286
       4180.00     0.0610575
       4190.00     0.0612496
       4200.00     0.0621146
       4210.00     0.0656650
       4220.00     0.0543079
       4230.00     0.0506107
       4240.00     0.0613061
       4250.00     0.0611175
       4260.00     0.0605310
       4270.00     0.0607428
       4280.00     0.0588373
       4290.00     0.0603497
       4300.00     0.0539339
       4310.00     0.0632439
       4320.00     0.0740833
       4330.00     0.0797955
       4340.00     0.0858945
       4350.00     0.0853066
       4360.00     0.0904561
       4370.00     0.0887809
       4380.00     0.0743825
       4390.00     0.0780817
       4400.00     0.0804989
       4410.00     0.0826056
       4420.00     0.0911921
       4430.00     0.0927753
       4440.00     0.0951589
       4450.00     0.0946270
       4460.00     0.0931667
       4470.00      0.107987
       4480.00      0.113559
       4490.00      0.110616
       4500.00      0.117583
       4510.00      0.124812
       4520.00      0.116895
       4530.00      0.107702
       4540.00      0.112785
       4550.00      0.122553
       4560.00      0.124560
       4570.00      0.132051
       4580.00      0.128095
       4590.00      0.128125
       4600.00      0.129118
       4610.00      0.132972
       4620.00      0.138668
       4630.00      0.137411
       4640.00      0.132417
       4650.00      0.128115
       4660.00      0.129966
       4670.00      0.132132
       4680.00      0.133322
       4690.00      0.135110
       4700.00      0.128860
       4710.00      0.131972
       4720.00      0.136210
       4730.00      0.136939
       4740.00      0.137427
       4750.00      0.138448
       4760.00      0.132647
       4770.00      0.130193
       4780.00      0.132092
       4790.00      0.134357
       4800.00      0.141488
       4810.00      0.142527
       4820.00      0.144385
       4830.00      0.139124
       4840.00      0.140981
       4850.00      0.141585
       4860.00      0.134985
       4870.00      0.132906
       4880.00      0.129636
       4890.00      0.135796
       4900.00      0.141604
       4910.00      0.138798
       4920.00      0.134163
       4930.00      0.136800
       4940.00      0.144526
       4950.00      0.140231
       4960.00      0.135763
       4970.00      0.139818
       4980.00      0.134744
       4990.00      0.130882
       5000.00      0.131224
       5010.00      0.126310
       5020.00      0.127788
       5030.00      0.130929
       5040.00      0.124154
       5050.00      0.125796
       5060.00      0.127934
       5070.00      0.123848
       5080.00      0.121821
       5090.00      0.124640
       5100.00      0.121732
       5110.00      0.121253
       5120.00      0.120040
       5130.00      0.116459
       5140.00      0.116324
       5150.00      0.118993
       5160.00      0.113642
       5170.00     0.0978006
       5180.00     0.0951528
       5190.00      0.110676
       5200.00      0.115363
       5210.00      0.120737
       5220.00      0.134695
       5230.00      0.141888
       5240.00      0.151394
       5250.00      0.152795
       5260.00      0.138567
       5270.00      0.127885
       5280.00      0.143618
       5290.00      0.155261
       5300.00      0.158991
       5310.00      0.165248
       5320.00      0.158996
       5330.00      0.150095
       5340.00      0.153966
       5350.00      0.162390
       5360.00      0.167702
       5370.00      0.162681
       5380.00      0.164939
       5390.00      0.167067
       5400.00      0.155260
       5410.00      0.155113
       5420.00      0.173540
       5430.00      0.169641
       5440.00      0.170925
       5450.00      0.174160
       5460.00      0.172459
       5470.00      0.177663
       5480.00      0.176134
       5490.00      0.179250
       5500.00      0.179782
       5510.00      0.175346
       5520.00      0.174174
       5530.00      0.185290
       5540.00      0.185807
       5550.00      0.191423
       5560.00      0.191757
       5570.00      0.184298
       5580.00      0.183123
       5590.00      0.178913
       5600.00      0.175392
       5610.00      0.180798
       5620.00      0.186352
       5630.00      0.186524
       5640.00      0.194056
       5650.00      0.195883
       5660.00      0.192037
       5670.00      0.192863
       5680.00      0.192855
       5690.00      0.194506
       5700.00      0.196317
       5710.00      0.190520
       5720.00      0.196455
       5730.00      0.204675
       5740.00      0.205140
       5760.00      0.205902
       5780.00      0.206496
       5800.00      0.207248
       5820.00      0.207994
       5840.00      0.208575
       5860.00      0.209312
       5880.00      0.210044
       5900.00      0.210611
       5920.00      0.211334
       5940.00      0.212052
       5960.00      0.212765
       5980.00      0.213632
       6000.00      0.197823
       6020.00      0.215033
       6040.00      0.219789
       6060.00      0.222800
       6080.00      0.222533
       6100.00      0.217627
       6120.00      0.210286
       6140.00      0.198384
       6160.00      0.196821
       6180.00      0.206107
       6200.00      0.216247
       6220.00      0.213428
       6240.00      0.207301
       6260.00      0.210407
       6280.00      0.204628
       6300.00      0.211018
       6320.00      0.215426
       6340.00      0.222782
       6360.00      0.218521
       6380.00      0.224639
       6400.00      0.227328
       6420.00      0.229412
       6440.00      0.228553
       6460.00      0.230328
       6480.00      0.226414
       6500.00      0.223395
       6520.00      0.232116
       6540.00      0.239341
       6560.00      0.236022
       6580.00      0.237025
       6600.00      0.240882
       6620.00      0.241294
       6640.00      0.233463
       6660.00      0.233612
       6680.00      0.237008
       6700.00      0.234048
       6720.00      0.230403
       6740.00      0.234059
       6760.00      0.232249
       6780.00      0.232678
       6800.00      0.233658
       6820.00      0.231590
       6840.00      0.233120
       6860.00      0.219924
       6880.00      0.214759
       6900.00      0.225896
       6920.00      0.229197
       6940.00      0.236694
       6960.00      0.238454
       6980.00      0.236825
       7000.00      0.230352
       7020.00      0.234400
       7040.00      0.241507
       7060.00      0.244431
       7080.00      0.237744
       7100.00      0.241858
       7120.00      0.239456
       7140.00      0.236803
       7160.00      0.241281
       7180.00      0.238507
       7200.00      0.231161
       7220.00      0.230390
       7240.00      0.235357
       7260.00      0.239387
       7280.00      0.240803
       7300.00      0.245313
       7320.00      0.243870
       7340.00      0.244491
       7360.00      0.238699
       7380.00      0.242143
       7400.00      0.244293
       7420.00      0.248594
       7440.00      0.250209
       7460.00      0.254217
       7480.00      0.252276
       7500.00      0.252484
       7520.00      0.252315
       7540.00      0.253147
       7560.00      0.248733
       7580.00      0.245712
       7600.00      0.222967
       7620.00      0.224487
       7640.00      0.240201
       7660.00      0.245609
       7680.00      0.237353
       7700.00      0.252788
       7720.00      0.247000
       7740.00      0.252579
       7760.00      0.253995
       7780.00      0.254312
       7800.00      0.254628
       7820.00      0.260130
       7840.00      0.258503
       7860.00      0.257846
       7880.00      0.256473
       7900.00      0.250569
       7920.00      0.245171
       7940.00      0.240750
       7960.00      0.249510
       7980.00      0.256688
       8000.00      0.255456
       8020.00      0.254113
       8040.00      0.256650
       8060.00      0.252969
       8080.00      0.245804
       8100.00      0.250322
       8120.00      0.259001
       8140.00      0.261031
       8160.00      0.251488
       8180.00      0.246836
       8200.00      0.246234
       8220.00      0.252407
       8240.00      0.262787
       8260.00      0.258838
       8280.00      0.257301
       8300.00      0.256454
       8320.00      0.248239
       8340.00      0.252961
       8360.00      0.244681
       8380.00      0.263463
       8400.00      0.252502
       8420.00      0.262996
       8440.00      0.244598
       8460.00      0.261641
       8480.00      0.261024
       8500.00      0.249865
       8520.00      0.245070
       8540.00      0.238419
       8560.00      0.239185
       8580.00      0.257872
       8600.00      0.264732
       8620.00      0.255799
       8640.00      0.248000
       8660.00      0.239583
       8680.00      0.234900
       8700.00      0.260713
       8720.00      0.263902
       8740.00      0.265781
       8760.00      0.248588
       8780.00      0.254469
       8800.00      0.241668
       8820.00      0.240371
       8840.00      0.246018
       8860.00      0.257283
       8880.00      0.247354
       8900.00      0.255809
       8920.00      0.260841
       8940.00      0.257830
       8960.00      0.257571
       8980.00      0.253425
       9000.00      0.243007
       9020.00      0.248431
       9040.00      0.266877
       9060.00      0.258060
       9080.00      0.247309
       9100.00      0.253919
       9120.00      0.253466
       9140.00      0.243827
       9160.00      0.230934
       9180.00      0.241737
       9200.00      0.251159
       9220.00      0.250819
       9240.00      0.252420
       9260.00      0.242196
       9280.00      0.241572
       9300.00      0.234965
       9320.00      0.240029
       9340.00      0.239818
       9360.00      0.213803
       9380.00      0.228535
       9400.00      0.257358
       9420.00      0.229468
       9440.00      0.220986
       9460.00      0.228199
       9480.00      0.232594
       9500.00      0.237169
       9520.00      0.240536
       9540.00      0.239439
       9560.00      0.242886
       9580.00      0.244841
       9600.00      0.235977
       9620.00      0.243038
       9640.00      0.245862
       9660.00      0.248576
       9680.00      0.241434
       9700.00      0.250080
       9720.00      0.252283
       9740.00      0.240819
       9760.00      0.236652
       9780.00      0.248806
       9800.00      0.240018
       9820.00      0.248465
       9840.00      0.240481
       9860.00      0.250615
       9880.00      0.239603
       9900.00      0.250651
       9920.00      0.250145
       9940.00      0.253059
       9960.00      0.254730
       9980.00      0.261877
       10000.0      0.256541
       10020.0      0.260455
       10040.0      0.263037
       10060.0      0.258388
       10080.0      0.254224
       10100.0      0.254655
       10120.0      0.250609
       10140.0      0.256907
       10160.0      0.238293
       10180.0      0.240698
       10200.0      0.241151
       10220.0      0.240033
       10240.0      0.232561
       10260.0      0.241580
       10280.0      0.237071
       10300.0      0.250168
       10320.0      0.250324
       10340.0      0.249566
       10360.0      0.254093
       10380.0      0.262239
       10400.0      0.255021
       10420.0      0.258244
       10440.0      0.249073
       10460.0      0.250672
       10480.0      0.251183
       10500.0      0.256096
       10520.0      0.250766
       10540.0      0.250559
       10560.0      0.251067
       10580.0      0.252555
       10600.0      0.242109
       10620.0      0.259066
