       3160.00    0.00723043
       3170.00    0.00720336
       3180.00    0.00650745
       3190.00    0.00608479
       3200.00    0.00674960
       3210.00    0.00477396
       3220.00    0.00308326
       3230.00    0.00557869
       3240.00    0.00556356
       3250.00    0.00642340
       3260.00    0.00818123
       3270.00    0.00963710
       3280.00    0.00868730
       3290.00     0.0116786
       3300.00     0.0107979
       3310.00     0.0103919
       3320.00     0.0111702
       3330.00     0.0109562
       3340.00     0.0119243
       3350.00     0.0115682
       3360.00     0.0102734
       3370.00     0.0119224
       3380.00     0.0111957
       3390.00     0.0129538
       3400.00     0.0131103
       3410.00     0.0120955
       3420.00     0.0124017
       3430.00     0.0113909
       3440.00    0.00909998
       3450.00     0.0111095
       3460.00     0.0117919
       3470.00     0.0114134
       3480.00     0.0122636
       3490.00     0.0128826
       3500.00     0.0166839
       3510.00     0.0155126
       3520.00     0.0118633
       3530.00     0.0145159
       3540.00     0.0173634
       3550.00     0.0152256
       3560.00     0.0120810
       3570.00    0.00945156
       3580.00    0.00827437
       3590.00     0.0102022
       3600.00     0.0109393
       3610.00     0.0109221
       3620.00     0.0131886
       3630.00     0.0148733
       3640.00     0.0130326
       3650.00     0.0165441
       3660.00     0.0201692
       3670.00     0.0179206
       3680.00     0.0161119
       3690.00     0.0175215
       3700.00     0.0174340
       3710.00     0.0129706
       3720.00     0.0130737
       3730.00     0.0100112
       3740.00    0.00750504
       3750.00     0.0107845
       3760.00     0.0131592
       3770.00     0.0183267
       3780.00     0.0181531
       3790.00     0.0163909
       3800.00     0.0172045
       3810.00     0.0143479
       3820.00    0.00931921
       3830.00    0.00918554
       3840.00     0.0118245
       3850.00     0.0121744
       3860.00     0.0118139
       3870.00     0.0135774
       3880.00     0.0142909
       3890.00     0.0152907
       3900.00     0.0165295
       3910.00     0.0165322
       3920.00     0.0148033
       3930.00     0.0120074
       3940.00     0.0149750
       3950.00     0.0183464
       3960.00     0.0154690
       3970.00     0.0186283
       3980.00     0.0295437
       3990.00     0.0321103
       4000.00     0.0344276
       4010.00     0.0385860
       4020.00     0.0384900
       4030.00     0.0390314
       4040.00     0.0387174
       4050.00     0.0379881
       4060.00     0.0386598
       4070.00     0.0391124
       4080.00     0.0459359
       4090.00     0.0477721
       4100.00     0.0430103
       4110.00     0.0457978
       4120.00     0.0478505
       4130.00     0.0450690
       4140.00     0.0412244
       4150.00     0.0456981
       4160.00     0.0460266
       4170.00     0.0420777
       4180.00     0.0442714
       4190.00     0.0443431
       4200.00     0.0471320
       4210.00     0.0471163
       4220.00     0.0363778
       4230.00     0.0363876
       4240.00     0.0453334
       4250.00     0.0416671
       4260.00     0.0419815
       4270.00     0.0452996
       4280.00     0.0449571
       4290.00     0.0413888
       4300.00     0.0406486
       4310.00     0.0494392
       4320.00     0.0573136
       4330.00     0.0586631
       4340.00     0.0645036
       4350.00     0.0646037
       4360.00     0.0665468
       4370.00     0.0577861
       4380.00     0.0544931
       4390.00     0.0599997
       4400.00     0.0597713
       4410.00     0.0634644
       4420.00     0.0684244
       4430.00     0.0677668
       4440.00     0.0730447
       4450.00     0.0693898
       4460.00     0.0729140
       4470.00     0.0860016
       4480.00     0.0841212
       4490.00     0.0881004
       4500.00     0.0907263
       4510.00     0.0958862
       4520.00     0.0816883
       4530.00     0.0802258
       4540.00     0.0894509
       4550.00     0.0949097
       4560.00      0.100818
       4570.00     0.0959870
       4580.00     0.0983285
       4590.00     0.0961131
       4600.00     0.0974018
       4610.00     0.0999301
       4620.00      0.105737
       4630.00     0.0999944
       4640.00     0.0972899
       4650.00     0.0971969
       4660.00     0.0982347
       4670.00     0.0990512
       4680.00      0.100268
       4690.00     0.0988016
       4700.00     0.0957318
       4710.00      0.100949
       4720.00      0.102523
       4730.00     0.0988228
       4740.00      0.101621
       4750.00     0.0995299
       4760.00     0.0925812
       4770.00     0.0914101
       4780.00     0.0925753
       4790.00     0.0959634
       4800.00      0.102574
       4810.00      0.105576
       4820.00      0.100691
       4830.00      0.100007
       4840.00      0.105117
       4850.00      0.103368
       4860.00     0.0963878
       4870.00     0.0974380
       4880.00     0.0956191
       4890.00     0.0969981
       4900.00      0.103196
       4910.00     0.0963416
       4920.00     0.0972440
       4930.00      0.102842
       4940.00      0.103235
       4950.00      0.102522
       4960.00     0.0990605
       4970.00     0.0998124
       4980.00     0.0969946
       4990.00     0.0931458
       5000.00     0.0930676
       5010.00     0.0889320
       5020.00     0.0919299
       5030.00     0.0913309
       5040.00     0.0896623
       5050.00     0.0915577
       5060.00     0.0896816
       5070.00     0.0833370
       5080.00     0.0835319
       5090.00     0.0845089
       5100.00     0.0789799
       5110.00     0.0795126
       5120.00     0.0800301
       5130.00     0.0781494
       5140.00     0.0800735
       5150.00     0.0816753
       5160.00     0.0728391
       5170.00     0.0606276
       5180.00     0.0657258
       5190.00     0.0792370
       5200.00     0.0780196
       5210.00     0.0859718
       5220.00     0.0995088
       5230.00      0.102547
       5240.00      0.108126
       5250.00      0.110840
       5260.00     0.0941811
       5270.00     0.0936948
       5280.00      0.111476
       5290.00      0.111853
       5300.00      0.113400
       5310.00      0.121772
       5320.00      0.110029
       5330.00      0.105996
       5340.00      0.111413
       5350.00      0.120937
       5360.00      0.119439
       5370.00      0.114299
       5380.00      0.120351
       5390.00      0.116043
       5400.00      0.106385
       5410.00      0.113966
       5420.00      0.121756
       5430.00      0.117302
       5440.00      0.117323
       5450.00      0.120949
       5460.00      0.124810
       5470.00      0.122161
       5480.00      0.123861
       5490.00      0.128679
       5500.00      0.127217
       5510.00      0.124535
       5520.00      0.128469
       5530.00      0.129458
       5540.00      0.134223
       5550.00      0.135928
       5560.00      0.132525
       5570.00      0.129256
       5580.00      0.126846
       5590.00      0.124082
       5600.00      0.130252
       5610.00      0.131946
       5620.00      0.133514
       5630.00      0.137596
       5640.00      0.140465
       5650.00      0.140097
       5660.00      0.139849
       5670.00      0.141270
       5680.00      0.142567
       5690.00      0.141605
       5700.00      0.141238
       5710.00      0.135549
       5720.00      0.144995
       5730.00      0.149103
       5740.00      0.149431
       5760.00      0.148443
       5780.00      0.149565
       5800.00      0.155687
       5820.00      0.156893
       5840.00      0.154852
       5860.00      0.148330
       5880.00      0.129908
       5900.00      0.130154
       5920.00      0.155954
       5940.00      0.157816
       5960.00      0.160460
       5980.00      0.156874
       6000.00      0.156463
       6020.00      0.158187
       6040.00      0.161913
       6060.00      0.159818
       6080.00      0.156737
       6100.00      0.149802
       6120.00      0.150085
       6140.00      0.155316
       6160.00      0.157114
       6180.00      0.158791
       6200.00      0.162092
       6220.00      0.161896
       6240.00      0.159104
       6260.00      0.160106
       6280.00      0.163576
       6300.00      0.161877
       6320.00      0.162434
       6340.00      0.160749
       6360.00      0.161731
       6380.00      0.161753
       6400.00      0.158715
       6420.00      0.160850
       6440.00      0.161819
       6460.00      0.161004
       6480.00      0.157381
       6500.00      0.159702
       6520.00      0.166567
       6540.00      0.162856
       6560.00      0.165757
       6580.00      0.168845
       6600.00      0.168743
       6620.00      0.170376
       6640.00      0.169761
       6660.00      0.171279
       6680.00      0.167632
       6700.00      0.169652
       6720.00      0.168343
       6740.00      0.170449
       6760.00      0.173241
       6780.00      0.169343
       6800.00      0.172719
       6820.00      0.170034
       6840.00      0.172301
       6860.00      0.166187
       6880.00      0.163544
       6900.00      0.168160
       6920.00      0.178215
       6940.00      0.176825
       6960.00      0.174765
       6980.00      0.172619
       7000.00      0.172029
       7020.00      0.177119
       7040.00      0.177863
       7060.00      0.177359
       7080.00      0.177622
       7100.00      0.179214
       7120.00      0.176339
       7140.00      0.174994
       7160.00      0.176014
       7180.00      0.175430
       7200.00      0.172691
       7220.00      0.174084
       7240.00      0.173883
       7260.00      0.176474
       7280.00      0.177195
       7300.00      0.177912
       7320.00      0.180194
       7340.00      0.175286
       7360.00      0.176462
       7380.00      0.176624
       7400.00      0.175599
       7420.00      0.176036
       7440.00      0.177106
       7460.00      0.180253
       7480.00      0.174263
       7500.00      0.172898
       7520.00      0.178276
       7540.00      0.175116
       7560.00      0.174116
       7580.00      0.162341
       7600.00      0.143519
       7620.00      0.164325
       7640.00      0.173531
       7660.00      0.180396
       7680.00      0.167790
       7700.00      0.173845
       7720.00      0.175494
       7740.00      0.176001
       7760.00      0.174851
       7780.00      0.175183
       7800.00      0.175686
       7820.00      0.176014
       7840.00      0.175392
       7860.00      0.176235
       7880.00      0.174759
       7900.00      0.175514
       7920.00      0.168845
       7940.00      0.168760
       7960.00      0.170373
       7980.00      0.172569
       8000.00      0.177372
       8020.00      0.172972
       8040.00      0.173634
       8060.00      0.172113
       8080.00      0.170183
       8100.00      0.172931
       8120.00      0.172256
       8140.00      0.173326
       8160.00      0.167190
       8180.00      0.166534
       8200.00      0.172140
       8220.00      0.170406
       8240.00      0.172534
       8260.00      0.175387
       8280.00      0.172190
       8300.00      0.170066
       8320.00      0.172904
       8340.00      0.161962
       8360.00      0.173289
       8380.00      0.173197
       8400.00      0.164504
       8420.00      0.172214
       8440.00      0.173247
       8460.00      0.171799
       8480.00      0.177049
       8500.00      0.169561
       8520.00      0.163534
       8540.00      0.160225
       8560.00      0.167583
       8580.00      0.176323
       8600.00      0.173793
       8620.00      0.170334
       8640.00      0.154228
       8660.00      0.164478
       8680.00      0.162543
       8700.00      0.174124
       8720.00      0.177133
       8740.00      0.173636
       8760.00      0.176247
       8780.00      0.170230
       8800.00      0.166850
       8820.00      0.168845
       8840.00      0.172818
       8860.00      0.175706
       8880.00      0.175538
       8900.00      0.177572
       8920.00      0.165665
       8940.00      0.170810
       8960.00      0.168469
       8980.00      0.170650
       9000.00      0.168170
       9020.00      0.179253
       9040.00      0.187672
       9060.00      0.183084
       9080.00      0.174647
       9100.00      0.174115
       9120.00      0.173141
       9140.00      0.162343
       9160.00      0.168698
       9180.00      0.171568
       9200.00      0.172883
       9220.00      0.166575
       9240.00      0.162267
       9260.00      0.158489
       9280.00      0.154363
       9300.00      0.150545
       9320.00      0.148700
       9340.00      0.153877
       9360.00      0.145972
       9380.00      0.159269
       9400.00      0.172150
       9420.00      0.151853
       9440.00      0.144234
       9460.00      0.155995
       9480.00      0.146261
       9500.00      0.147304
       9520.00      0.157707
       9540.00      0.160067
       9560.00      0.159096
       9580.00      0.156438
       9600.00      0.160825
       9620.00      0.161053
       9640.00      0.153642
       9660.00      0.172831
       9680.00      0.162566
       9700.00      0.155895
       9720.00      0.160577
       9740.00      0.156711
       9760.00      0.160957
       9780.00      0.154551
       9800.00      0.165537
       9820.00      0.163068
       9840.00      0.163972
       9860.00      0.161516
       9880.00      0.161189
       9900.00      0.160659
       9920.00      0.160403
       9940.00      0.160896
       9960.00      0.160505
       9980.00      0.164920
       10000.0      0.158039
       10020.0      0.166823
       10040.0      0.156535
       10060.0      0.156023
       10080.0      0.161743
       10100.0      0.158882
       10120.0      0.156766
       10140.0      0.157922
       10160.0      0.157279
       10180.0      0.159425
       10200.0      0.156265
       10220.0      0.159990
       10240.0      0.154995
       10260.0      0.152520
       10280.0      0.157020
       10300.0      0.154354
       10320.0      0.150456
       10340.0      0.158199
       10360.0      0.154960
       10380.0      0.151603
       10400.0      0.153779
       10420.0      0.159577
       10440.0      0.155454
       10460.0      0.151670
       10480.0      0.155248
       10500.0      0.155466
       10520.0      0.153181
       10540.0      0.153210
       10560.0      0.160723
       10580.0      0.152248
       10600.0      0.150049
       10620.0      0.161023
