       3160.00    0.00163968
       3170.00    0.00342606
       3180.00    0.00333099
       3190.00    0.00284996
       3200.00    0.00306604
       3210.00    0.00318772
       3220.00    0.00178514
       3230.00    0.00258702
       3240.00    0.00206016
       3250.00    0.00238022
       3260.00    0.00335380
       3270.00    0.00318310
       3280.00    0.00338939
       3290.00    0.00399601
       3300.00    0.00533237
       3310.00    0.00439416
       3320.00    0.00434401
       3330.00    0.00435626
       3340.00    0.00482249
       3350.00    0.00523220
       3360.00    0.00469235
       3370.00    0.00405683
       3380.00    0.00471443
       3390.00    0.00458982
       3400.00    0.00584120
       3410.00    0.00591841
       3420.00    0.00502657
       3430.00    0.00611724
       3440.00    0.00434721
       3450.00    0.00462655
       3460.00    0.00473825
       3470.00    0.00448952
       3480.00    0.00567611
       3490.00    0.00542392
       3500.00    0.00607805
       3510.00    0.00665426
       3520.00    0.00550390
       3530.00    0.00642129
       3540.00    0.00776837
       3550.00    0.00778101
       3560.00    0.00614235
       3570.00    0.00507175
       3580.00    0.00354180
       3590.00    0.00437039
       3600.00    0.00541669
       3610.00    0.00536774
       3620.00    0.00552535
       3630.00    0.00569264
       3640.00    0.00587164
       3650.00    0.00660467
       3660.00    0.00851082
       3670.00    0.00886850
       3680.00    0.00727616
       3690.00    0.00710492
       3700.00    0.00741588
       3710.00    0.00663308
       3720.00    0.00530682
       3730.00    0.00446302
       3740.00    0.00400977
       3750.00    0.00440552
       3760.00    0.00552943
       3770.00    0.00647266
       3780.00    0.00884344
       3790.00    0.00789050
       3800.00    0.00684987
       3810.00    0.00680676
       3820.00    0.00516890
       3830.00    0.00441749
       3840.00    0.00539329
       3850.00    0.00609546
       3860.00    0.00546257
       3870.00    0.00588485
       3880.00    0.00601280
       3890.00    0.00653190
       3900.00    0.00711806
       3910.00    0.00821445
       3920.00    0.00811534
       3930.00    0.00664569
       3940.00    0.00663466
       3950.00    0.00837849
       3960.00    0.00821034
       3970.00    0.00749223
       3980.00     0.0112866
       3990.00     0.0142913
       4000.00     0.0157203
       4010.00     0.0168462
       4020.00     0.0181285
       4030.00     0.0159169
       4040.00     0.0140101
       4050.00     0.0166893
       4060.00     0.0166671
       4070.00     0.0160521
       4080.00     0.0184626
       4090.00     0.0216758
       4100.00     0.0212587
       4110.00     0.0200795
       4120.00     0.0214901
       4130.00     0.0210765
       4140.00     0.0195270
       4150.00     0.0198030
       4160.00     0.0219095
       4170.00     0.0207825
       4180.00     0.0204121
       4190.00     0.0212865
       4200.00     0.0204243
       4210.00     0.0207851
       4220.00     0.0177049
       4230.00     0.0135528
       4240.00     0.0188949
       4250.00     0.0200579
       4260.00     0.0200198
       4270.00     0.0194079
       4280.00     0.0192820
       4290.00     0.0201476
       4300.00     0.0176783
       4310.00     0.0225508
       4320.00     0.0261864
       4330.00     0.0299643
       4340.00     0.0330277
       4350.00     0.0318161
       4360.00     0.0350984
       4370.00     0.0347289
       4380.00     0.0272790
       4390.00     0.0281677
       4400.00     0.0298705
       4410.00     0.0294641
       4420.00     0.0330884
       4430.00     0.0331780
       4440.00     0.0354148
       4450.00     0.0346295
       4460.00     0.0327659
       4470.00     0.0394521
       4480.00     0.0418259
       4490.00     0.0411187
       4500.00     0.0446356
       4510.00     0.0473812
       4520.00     0.0451328
       4530.00     0.0395298
       4540.00     0.0406068
       4550.00     0.0459126
       4560.00     0.0485497
       4570.00     0.0515943
       4580.00     0.0499849
       4590.00     0.0487163
       4600.00     0.0495095
       4610.00     0.0514124
       4620.00     0.0533568
       4630.00     0.0531754
       4640.00     0.0513771
       4650.00     0.0505007
       4660.00     0.0517401
       4670.00     0.0522361
       4680.00     0.0525828
       4690.00     0.0535975
       4700.00     0.0502976
       4710.00     0.0503209
       4720.00     0.0538491
       4730.00     0.0526179
       4740.00     0.0519414
       4750.00     0.0519933
       4760.00     0.0484487
       4770.00     0.0462758
       4780.00     0.0447529
       4790.00     0.0476976
       4800.00     0.0522495
       4810.00     0.0541552
       4820.00     0.0532006
       4830.00     0.0504978
       4840.00     0.0517227
       4850.00     0.0541349
       4860.00     0.0520694
       4870.00     0.0500516
       4880.00     0.0511575
       4890.00     0.0510294
       4900.00     0.0534653
       4910.00     0.0532394
       4920.00     0.0490759
       4930.00     0.0507086
       4940.00     0.0521021
       4950.00     0.0514012
       4960.00     0.0515600
       4970.00     0.0529126
       4980.00     0.0498381
       4990.00     0.0480114
       5000.00     0.0468202
       5010.00     0.0443724
       5020.00     0.0446654
       5030.00     0.0474774
       5040.00     0.0465777
       5050.00     0.0453404
       5060.00     0.0466358
       5070.00     0.0440286
       5080.00     0.0426679
       5090.00     0.0435095
       5100.00     0.0438071
       5110.00     0.0421551
       5120.00     0.0426038
       5130.00     0.0419683
       5140.00     0.0434886
       5150.00     0.0424969
       5160.00     0.0416576
       5170.00     0.0367178
       5180.00     0.0334680
       5190.00     0.0393950
       5200.00     0.0428763
       5210.00     0.0431174
       5220.00     0.0516403
       5230.00     0.0546023
       5240.00     0.0583788
       5250.00     0.0594347
       5260.00     0.0531114
       5270.00     0.0488686
       5280.00     0.0555648
       5290.00     0.0614249
       5300.00     0.0624796
       5310.00     0.0646481
       5320.00     0.0636340
       5330.00     0.0573787
       5340.00     0.0579310
       5350.00     0.0624110
       5360.00     0.0679818
       5370.00     0.0652023
       5380.00     0.0655295
       5390.00     0.0672695
       5400.00     0.0606630
       5410.00     0.0609968
       5420.00     0.0674482
       5430.00     0.0672676
       5440.00     0.0680309
       5450.00     0.0690163
       5460.00     0.0684831
       5470.00     0.0716204
       5480.00     0.0685057
       5490.00     0.0726848
       5500.00     0.0731793
       5510.00     0.0698494
       5520.00     0.0724979
       5530.00     0.0762449
       5540.00     0.0769368
       5550.00     0.0792132
       5560.00     0.0783819
       5570.00     0.0753536
       5580.00     0.0749440
       5590.00     0.0722067
       5600.00     0.0685901
       5610.00     0.0776151
       5620.00     0.0800663
       5630.00     0.0780196
       5640.00     0.0820231
       5650.00     0.0812679
       5660.00     0.0817333
       5670.00     0.0803734
       5680.00     0.0842098
       5690.00     0.0833215
       5700.00     0.0829737
       5710.00     0.0800116
       5720.00     0.0828845
       5730.00     0.0864156
       5740.00     0.0882666
       5760.00     0.0874947
       5780.00     0.0863969
       5800.00     0.0874855
       5820.00     0.0913961
       5840.00     0.0920011
       5860.00     0.0895959
       5880.00     0.0777634
       5900.00     0.0729563
       5920.00     0.0844184
       5940.00     0.0934180
       5960.00     0.0958674
       5980.00     0.0944581
       6000.00     0.0935688
       6020.00     0.0928127
       6040.00     0.0966899
       6060.00     0.0975083
       6080.00     0.0979434
       6100.00     0.0945461
       6120.00     0.0946126
       6140.00     0.0924333
       6160.00     0.0883409
       6180.00     0.0887986
       6200.00     0.0955536
       6220.00     0.0935224
       6240.00     0.0913815
       6260.00     0.0923743
       6280.00     0.0948242
       6300.00     0.0965291
       6320.00     0.0962842
       6340.00     0.0974302
       6360.00     0.0979668
       6380.00     0.0966393
       6400.00     0.0968160
       6420.00     0.0984828
       6440.00     0.0990095
       6460.00     0.0994736
       6480.00      0.101412
       6500.00      0.101100
       6520.00      0.104138
       6540.00      0.107099
       6560.00      0.105430
       6580.00      0.104993
       6600.00      0.106879
       6620.00      0.106614
       6640.00      0.106466
       6660.00      0.104249
       6680.00      0.106402
       6700.00      0.104198
       6720.00      0.102292
       6740.00      0.101137
       6760.00      0.100894
       6780.00      0.101726
       6800.00      0.101652
       6820.00      0.100624
       6840.00      0.102233
       6860.00     0.0974136
       6880.00     0.0930671
       6900.00     0.0955724
       6920.00     0.0982846
       6940.00      0.102195
       6960.00      0.104432
       6980.00      0.104408
       7000.00      0.104055
       7020.00      0.105449
       7040.00      0.107978
       7060.00      0.107889
       7080.00      0.106503
       7100.00      0.106472
       7120.00      0.105205
       7140.00      0.103677
       7160.00      0.109217
       7180.00      0.111046
       7200.00      0.107121
       7220.00      0.107938
       7240.00      0.109386
       7260.00      0.109665
       7280.00      0.110784
       7300.00      0.111057
       7320.00      0.109707
       7340.00      0.110661
       7360.00      0.111036
       7380.00      0.111618
       7400.00      0.113334
       7420.00      0.113596
       7440.00      0.114166
       7460.00      0.113244
       7480.00      0.115552
       7500.00      0.114478
       7520.00      0.115039
       7540.00      0.113769
       7560.00      0.114076
       7580.00      0.117615
       7600.00      0.101433
       7620.00     0.0967440
       7640.00      0.108120
       7660.00      0.108337
       7680.00      0.107806
       7700.00      0.116279
       7720.00      0.116871
       7740.00      0.118993
       7760.00      0.120710
       7780.00      0.117791
       7800.00      0.117931
       7820.00      0.116650
       7840.00      0.115717
       7860.00      0.117518
       7880.00      0.118483
       7900.00      0.117553
       7920.00      0.115515
       7940.00      0.114549
       7960.00      0.114213
       7980.00      0.118006
       8000.00      0.116945
       8020.00      0.118134
       8040.00      0.118602
       8060.00      0.118165
       8080.00      0.118204
       8100.00      0.118433
       8120.00      0.121584
       8140.00      0.124390
       8160.00      0.123850
       8180.00      0.117555
       8200.00      0.112645
       8220.00      0.114467
       8240.00      0.116606
       8260.00      0.117808
       8280.00      0.120021
       8300.00      0.120285
       8320.00      0.112723
       8340.00      0.111764
       8360.00      0.115391
       8380.00      0.111688
       8400.00      0.114750
       8420.00      0.121618
       8440.00      0.119379
       8460.00      0.115611
       8480.00      0.116829
       8500.00      0.114346
       8520.00      0.115156
       8540.00      0.111075
       8560.00      0.116721
       8580.00      0.117565
       8600.00      0.117558
       8620.00      0.122928
       8640.00      0.119275
       8660.00      0.115506
       8680.00      0.109769
       8700.00      0.117352
       8720.00      0.118005
       8740.00      0.117340
       8760.00      0.120264
       8780.00      0.120121
       8800.00      0.118281
       8820.00      0.112542
       8840.00      0.123421
       8860.00      0.124007
       8880.00      0.120320
       8900.00      0.120050
       8920.00      0.118708
       8940.00      0.117543
       8960.00      0.129119
       8980.00      0.121966
       9000.00      0.121269
       9020.00      0.120533
       9040.00      0.123317
       9060.00      0.128413
       9080.00      0.120791
       9100.00      0.123977
       9120.00      0.118498
       9140.00      0.125278
       9160.00      0.120489
       9180.00      0.118641
       9200.00      0.121214
       9220.00      0.124606
       9240.00      0.120689
       9260.00      0.116086
       9280.00      0.123140
       9300.00      0.123328
       9320.00      0.125611
       9340.00      0.131902
       9360.00      0.128552
       9380.00      0.130809
       9400.00      0.131223
       9420.00      0.120497
       9440.00      0.120526
       9460.00      0.124643
       9480.00      0.130237
       9500.00      0.127665
       9520.00      0.130374
       9540.00      0.128174
       9560.00      0.135717
       9580.00      0.123601
       9600.00      0.125298
       9620.00      0.124401
       9640.00      0.118661
       9660.00      0.117107
       9680.00      0.119001
       9700.00      0.117966
       9720.00      0.113232
       9740.00      0.116459
       9760.00      0.120694
       9780.00      0.112694
       9800.00      0.116254
       9820.00      0.120697
       9840.00      0.116872
       9860.00      0.116634
       9880.00      0.117949
       9900.00      0.118368
       9920.00      0.117782
       9940.00      0.116967
       9960.00      0.118232
       9980.00      0.115731
       10000.0      0.115767
       10020.0      0.114084
       10040.0      0.117633
       10060.0      0.111194
       10080.0      0.114621
       10100.0      0.112650
       10120.0      0.115606
       10140.0      0.117342
       10160.0      0.110854
       10180.0      0.117257
       10200.0      0.114999
       10220.0      0.117247
       10240.0      0.116158
       10260.0      0.111080
       10280.0      0.116228
       10300.0      0.117601
       10320.0      0.118412
       10340.0      0.112294
       10360.0      0.121762
       10380.0      0.114813
       10400.0      0.123466
       10420.0      0.117496
       10440.0      0.120499
       10460.0      0.114264
       10480.0      0.115654
       10500.0      0.114741
       10520.0      0.121221
       10540.0      0.112925
       10560.0      0.120145
       10580.0      0.118181
       10600.0      0.125039
       10620.0      0.117339
