       3160.00    0.00460783
       3170.00    0.00342290
       3180.00    0.00272062
       3190.00    0.00345803
       3200.00    0.00354032
       3210.00    0.00253490
       3220.00    0.00290437
       3230.00    0.00277577
       3240.00    0.00310655
       3250.00    0.00395249
       3260.00    0.00478215
       3270.00       0.00000
       3280.00    0.00540526
       3290.00    0.00433795
       3300.00    0.00509348
       3310.00    0.00639807
       3320.00    0.00630810
       3330.00    0.00694789
       3340.00    0.00755412
       3350.00    0.00694144
       3360.00    0.00689929
       3370.00    0.00650648
       3380.00    0.00743001
       3390.00    0.00827352
       3400.00    0.00699601
       3410.00    0.00815352
       3420.00     0.0103073
       3430.00       0.00000
       3440.00    0.00860724
       3450.00    0.00840960
       3460.00    0.00892797
       3470.00    0.00879298
       3480.00    0.00963670
       3490.00    0.00983929
       3500.00     0.0104224
       3510.00     0.0101201
       3520.00    0.00960413
       3530.00     0.0104029
       3540.00     0.0122274
       3550.00     0.0127473
       3560.00     0.0113346
       3570.00    0.00878436
       3580.00    0.00754192
       3590.00       0.00000
       3600.00     0.0104138
       3610.00    0.00949222
       3620.00     0.0121218
       3630.00     0.0110936
       3640.00     0.0107011
       3650.00     0.0118193
       3660.00     0.0121669
       3670.00     0.0127290
       3680.00     0.0132733
       3690.00     0.0125132
       3700.00     0.0124330
       3710.00     0.0128253
       3720.00    0.00504014
       3730.00    0.00991772
       3740.00     0.0108277
       3750.00       0.00000
       3760.00     0.0111278
       3770.00     0.0143093
       3780.00     0.0148422
       3790.00     0.0148816
       3800.00     0.0169733
       3810.00     0.0150997
       3820.00     0.0127845
       3830.00     0.0125696
       3840.00     0.0137804
       3850.00     0.0145864
       3860.00     0.0141534
       3870.00     0.0147070
       3880.00     0.0150692
       3890.00     0.0167338
       3900.00     0.0154340
       3910.00       0.00000
       3920.00     0.0178193
       3930.00     0.0179922
       3940.00     0.0179442
       3950.00     0.0182439
       3960.00     0.0185124
       3970.00     0.0204599
       3980.00     0.0267638
       3990.00     0.0275112
       4000.00     0.0287965
       4010.00     0.0310659
       4020.00     0.0292146
       4030.00     0.0283581
       4040.00     0.0320194
       4050.00     0.0332108
       4060.00     0.0338628
       4070.00       0.00000
       4080.00     0.0308869
       4090.00     0.0364395
       4100.00     0.0361745
       4110.00     0.0355154
       4120.00     0.0376203
       4130.00     0.0374417
       4140.00     0.0376566
       4150.00     0.0400456
       4160.00     0.0396021
       4170.00     0.0391608
       4180.00     0.0386136
       4190.00     0.0385860
       4200.00     0.0388810
       4210.00     0.0348648
       4220.00     0.0269958
       4230.00       0.00000
       4240.00     0.0253781
       4250.00     0.0339632
       4260.00     0.0362144
       4270.00     0.0364678
       4280.00     0.0332822
       4290.00     0.0357297
       4300.00     0.0380398
       4310.00     0.0412189
       4320.00     0.0458669
       4330.00     0.0480751
       4340.00     0.0471947
       4350.00     0.0505103
       4360.00     0.0508500
       4370.00     0.0533157
       4380.00     0.0521635
       4390.00       0.00000
       4400.00     0.0580607
       4410.00     0.0588911
       4420.00     0.0580431
       4430.00     0.0591347
       4440.00     0.0653856
       4450.00     0.0627638
       4460.00     0.0648495
       4470.00     0.0704397
       4480.00     0.0740707
       4490.00     0.0747702
       4500.00     0.0776933
       4510.00     0.0790222
       4520.00     0.0795464
       4530.00     0.0764216
       4540.00     0.0806077
       4550.00       0.00000
       4560.00     0.0838373
       4570.00     0.0918118
       4580.00     0.0918085
       4590.00     0.0917264
       4600.00     0.0935876
       4610.00     0.0980058
       4620.00     0.0965432
       4630.00     0.0939755
       4640.00     0.0919831
       4650.00     0.0926977
       4660.00     0.0955014
       4670.00     0.0913922
       4680.00     0.0942253
       4690.00     0.0949675
       4700.00     0.0960715
       4710.00       0.00000
       4720.00     0.0965059
       4730.00     0.0982676
       4740.00     0.0969176
       4750.00     0.0945281
       4760.00     0.0851317
       4770.00     0.0783674
       4780.00     0.0837746
       4790.00     0.0900826
       4800.00     0.0896317
       4810.00     0.0891075
       4820.00     0.0899902
       4830.00     0.0921027
       4840.00     0.0890774
       4850.00     0.0927093
       4860.00     0.0938374
       4870.00       0.00000
       4880.00     0.0964310
       4890.00      0.101310
       4900.00      0.103038
       4910.00      0.106652
       4920.00      0.107812
       4930.00      0.111694
       4940.00      0.110463
       4950.00      0.101943
       4960.00     0.0917453
       4970.00     0.0965556
       4980.00     0.0960898
       4990.00     0.0954449
       5000.00     0.0938097
       5010.00     0.0924693
       5020.00     0.0932562
       5030.00       0.00000
       5040.00     0.0986355
       5050.00      0.100549
       5060.00     0.0970147
       5070.00     0.0959687
       5080.00     0.0985163
       5090.00     0.0978617
       5100.00     0.0962007
       5110.00     0.0994572
       5120.00      0.101731
       5130.00      0.102202
       5140.00      0.102003
       5150.00      0.105135
       5160.00     0.0990883
       5170.00     0.0867091
       5180.00     0.0896960
       5190.00       0.00000
       5200.00      0.102163
       5210.00      0.108533
       5220.00      0.124719
       5230.00      0.126915
       5240.00      0.127310
       5250.00      0.127566
       5260.00      0.119463
       5270.00      0.121926
       5280.00      0.137629
       5290.00      0.137762
       5300.00      0.140091
       5310.00      0.145675
       5320.00      0.139784
       5330.00      0.138912
       5340.00      0.142912
       5350.00       0.00000
       5360.00      0.155414
       5370.00      0.158991
       5380.00      0.166414
       5390.00      0.163158
       5400.00      0.156470
       5410.00      0.164424
       5420.00      0.175546
       5430.00      0.174391
       5440.00      0.168926
       5450.00      0.160418
       5460.00      0.154982
       5470.00      0.159484
       5480.00      0.164316
       5490.00      0.168046
       5500.00      0.163620
       5510.00       0.00000
       5520.00      0.162095
       5530.00      0.171074
       5540.00      0.172558
       5550.00      0.177940
       5560.00      0.173561
       5570.00      0.176491
       5580.00      0.171968
       5590.00      0.166816
       5600.00      0.164584
       5610.00      0.166060
       5620.00      0.171708
       5630.00      0.172365
       5640.00      0.173660
       5650.00      0.179264
       5660.00      0.185486
       5670.00       0.00000
       5680.00      0.187376
       5690.00      0.191013
       5700.00      0.197171
       5710.00      0.192557
       5720.00      0.199165
       5730.00      0.201968
       5740.00      0.209794
       5760.00      0.215177
       5780.00      0.212559
       5800.00      0.221942
       5820.00      0.219318
       5840.00      0.211612
       5860.00      0.195639
       5880.00      0.166111
       5900.00       0.00000
       5920.00      0.159652
       5940.00      0.201210
       5960.00      0.207805
       5980.00      0.212847
       6000.00      0.223722
       6020.00      0.230776
       6040.00      0.242865
       6060.00      0.249214
       6080.00      0.254630
       6100.00      0.254683
       6120.00      0.252966
       6140.00      0.246702
       6160.00      0.223186
       6180.00      0.212678
       6200.00      0.206750
       6220.00      0.199845
       6240.00      0.198191
       6260.00       0.00000
       6280.00      0.210153
       6300.00      0.245595
       6320.00      0.261958
       6340.00      0.269817
       6360.00      0.267123
       6380.00      0.267417
       6400.00      0.286611
       6420.00      0.297248
       6440.00      0.302773
       6460.00      0.318045
       6480.00      0.323471
       6500.00      0.327753
       6520.00      0.345716
       6540.00      0.347696
       6560.00      0.339480
       6580.00      0.341192
       6600.00      0.332225
       6620.00       0.00000
       6640.00      0.325465
       6660.00      0.304970
       6680.00      0.292570
       6700.00      0.280784
       6720.00      0.272963
       6740.00      0.269608
       6760.00      0.266807
       6780.00      0.259097
       6800.00      0.253423
       6820.00      0.257709
       6840.00      0.263291
       6860.00      0.263444
       6880.00      0.266746
       6900.00      0.288737
       6920.00      0.314905
       6940.00      0.336761
       6960.00      0.340073
       6980.00       0.00000
       7000.00      0.352186
       7020.00      0.381273
       7040.00      0.387371
       7060.00      0.375533
       7080.00      0.354072
       7100.00      0.344174
       7120.00      0.332304
       7140.00      0.321132
       7160.00      0.346207
       7180.00      0.350523
       7200.00      0.362087
       7220.00      0.374713
       7240.00      0.391258
       7260.00      0.415545
       7280.00      0.435236
       7300.00      0.457415
       7320.00      0.465167
       7340.00       0.00000
       7360.00      0.476499
       7380.00      0.498693
       7400.00      0.501980
       7420.00      0.509265
       7440.00      0.513114
       7460.00      0.520450
       7480.00      0.524369
       7500.00      0.526220
       7520.00      0.526501
       7540.00      0.533845
       7560.00      0.529925
       7580.00      0.485416
       7600.00      0.478437
       7620.00      0.587354
       7640.00      0.527212
       7660.00      0.504740
       7680.00      0.450768
       7700.00       0.00000
       7720.00      0.484681
       7740.00      0.489260
       7760.00      0.492420
       7780.00      0.508094
       7800.00      0.513504
       7820.00      0.516461
       7840.00      0.522398
       7860.00      0.534391
       7880.00      0.542772
       7900.00      0.543226
       7920.00      0.547895
       7940.00      0.558453
       7960.00      0.574401
       7980.00      0.580540
       8000.00      0.582587
       8020.00      0.591152
       8040.00      0.595969
       8060.00       0.00000
       8080.00      0.621731
       8100.00      0.598798
       8120.00      0.618557
       8140.00      0.604173
       8160.00      0.585988
       8180.00      0.573740
       8200.00      0.582359
       8220.00      0.592583
       8240.00      0.622695
       8260.00      0.624248
       8280.00      0.590578
       8300.00      0.594267
       8320.00      0.595225
       8340.00      0.600184
       8360.00      0.588706
       8380.00      0.607876
       8400.00      0.614381
       8420.00       0.00000
       8440.00      0.587618
       8460.00      0.591670
       8480.00      0.590382
       8500.00      0.582195
       8520.00      0.574048
       8540.00      0.574712
       8560.00      0.607537
       8580.00      0.609909
       8600.00      0.615733
       8620.00      0.614723
       8640.00      0.609852
       8660.00      0.581446
       8680.00      0.608810
       8700.00      0.608759
       8720.00      0.615541
       8740.00      0.643879
       8760.00      0.623138
       8780.00       0.00000
       8800.00      0.612100
       8820.00      0.637629
       8840.00      0.627405
       8860.00      0.636483
       8880.00      0.623257
       8900.00      0.618306
       8920.00      0.623296
       8940.00      0.614732
       8960.00      0.610035
       8980.00      0.608475
       9000.00      0.605418
       9020.00      0.643006
       9040.00      0.664351
       9060.00      0.634986
       9080.00      0.635278
       9100.00      0.668502
       9120.00      0.648428
       9140.00       0.00000
       9160.00      0.632095
       9180.00      0.657956
       9200.00      0.682037
       9220.00      0.671942
       9240.00      0.650460
       9260.00      0.637259
       9280.00      0.607871
       9300.00      0.584433
       9320.00      0.577561
       9340.00      0.634797
       9360.00      0.623025
       9380.00      0.648162
       9400.00      0.690574
       9420.00      0.608899
       9440.00      0.596707
       9460.00      0.659094
       9480.00      0.652180
       9500.00       0.00000
       9520.00      0.615873
       9540.00      0.652053
       9560.00      0.655976
       9580.00      0.650649
       9600.00      0.638104
       9620.00      0.653386
       9640.00      0.644352
       9660.00      0.671894
       9680.00      0.681136
       9700.00      0.653581
       9720.00      0.639049
       9740.00      0.650156
       9760.00      0.673241
       9780.00      0.684233
       9800.00      0.680073
       9820.00      0.700198
       9840.00      0.694555
       9860.00       0.00000
       9880.00      0.695581
       9900.00      0.664541
       9920.00      0.657013
       9940.00      0.672583
       9960.00      0.666067
       9980.00      0.672330
       10000.0      0.670624
       10020.0      0.691718
       10040.0      0.667772
       10060.0      0.691032
       10080.0      0.697362
       10100.0      0.695892
       10120.0      0.693089
       10140.0      0.688695
       10160.0      0.694359
       10180.0      0.693438
       10200.0      0.685972
       10220.0       0.00000
       10240.0      0.708769
       10260.0      0.674570
       10280.0      0.689327
       10300.0      0.679487
       10320.0      0.669948
       10340.0      0.671882
       10360.0      0.666926
       10380.0      0.684860
       10400.0      0.680158
       10420.0      0.697219
       10440.0      0.695969
       10460.0      0.704304
       10480.0      0.688489
       10500.0      0.686834
       10520.0      0.719423
       10540.0      0.704697
       10560.0      0.710286
       10580.0       0.00000
       10600.0      0.727534
       10620.0      0.696923
