       3160.00   0.000165307
       3170.00    0.00107980
       3180.00   0.000144753
       3190.00       0.00000
       3200.00   0.000129150
       3210.00   0.000609620
       3220.00    0.00138897
       3230.00   0.000110760
       3240.00   0.000105849
       3250.00   0.000208031
       3260.00   0.000205122
       3270.00   0.000405659
       3280.00   0.000200087
       3290.00   0.000625505
       3300.00   0.000832712
       3310.00   0.000552324
       3320.00   0.000933945
       3330.00    0.00154122
       3340.00   0.000726905
       3350.00   0.000262725
       3360.00   0.000718690
       3370.00   0.000908457
       3380.00    0.00122595
       3390.00    0.00147540
       3400.00    0.00127509
       3410.00   0.000707513
       3420.00   0.000519724
       3430.00   0.000853207
       3440.00    0.00152422
       3450.00    0.00161005
       3460.00    0.00100125
       3470.00    0.00145143
       3480.00    0.00124515
       3490.00    0.00148179
       3500.00    0.00135873
       3510.00    0.00285923
       3520.00    0.00159598
       3530.00    0.00151805
       3540.00    0.00230171
       3550.00    0.00222591
       3560.00    0.00205390
       3570.00    0.00109239
       3580.00    0.00201810
       3590.00    0.00184507
       3600.00    0.00125022
       3610.00    0.00137584
       3620.00    0.00179309
       3630.00    0.00179175
       3640.00    0.00141714
       3650.00    0.00170677
       3660.00    0.00152065
       3670.00    0.00195496
       3680.00    0.00206030
       3690.00    0.00170951
       3700.00    0.00147302
       3710.00    0.00197497
       3720.00   0.000512873
       3730.00       0.00000
       3740.00    0.00124359
       3750.00    0.00156022
       3760.00    0.00219309
       3770.00    0.00258233
       3780.00    0.00314579
       3790.00    0.00272383
       3800.00    0.00203764
       3810.00    0.00264438
       3820.00    0.00230913
       3830.00    0.00162144
       3840.00    0.00159623
       3850.00    0.00299414
       3860.00    0.00264454
       3870.00    0.00207618
       3880.00    0.00280880
       3890.00    0.00188134
       3900.00    0.00365812
       3910.00    0.00303396
       3920.00    0.00234687
       3930.00    0.00264009
       3940.00    0.00314294
       3950.00    0.00244371
       3960.00    0.00316061
       3970.00    0.00384099
       3980.00    0.00553664
       3990.00    0.00577380
       4000.00    0.00571582
       4010.00    0.00547893
       4020.00    0.00513435
       4030.00    0.00528857
       4040.00    0.00539513
       4050.00    0.00485546
       4060.00    0.00656454
       4070.00    0.00520770
       4080.00    0.00587059
       4090.00    0.00493042
       4100.00    0.00553923
       4110.00    0.00516444
       4120.00    0.00471852
       4130.00    0.00534610
       4140.00    0.00428496
       4150.00    0.00508895
       4160.00    0.00554832
       4170.00    0.00506663
       4180.00    0.00552699
       4190.00    0.00513079
       4200.00    0.00452911
       4210.00    0.00407872
       4220.00    0.00236579
       4230.00    0.00231593
       4240.00    0.00325797
       4250.00    0.00372524
       4260.00    0.00408247
       4270.00    0.00452880
       4280.00    0.00475530
       4290.00    0.00484471
       4300.00    0.00525628
       4310.00    0.00505715
       4320.00    0.00535795
       4330.00    0.00684918
       4340.00    0.00627147
       4350.00    0.00605182
       4360.00    0.00603794
       4370.00    0.00708545
       4380.00    0.00627385
       4390.00    0.00745493
       4400.00    0.00787843
       4410.00    0.00825557
       4420.00    0.00927635
       4430.00    0.00945202
       4440.00    0.00958276
       4450.00     0.0104469
       4460.00     0.0110728
       4470.00     0.0120953
       4480.00     0.0133564
       4490.00     0.0133509
       4500.00     0.0135922
       4510.00     0.0146097
       4520.00     0.0142594
       4530.00     0.0153143
       4540.00     0.0159808
       4550.00     0.0165391
       4560.00     0.0182505
       4570.00     0.0191873
       4580.00     0.0183610
       4590.00     0.0174386
       4600.00     0.0179309
       4610.00     0.0193798
       4620.00     0.0196254
       4630.00     0.0191691
       4640.00     0.0185553
       4650.00     0.0196580
       4660.00     0.0210456
       4670.00     0.0193686
       4680.00     0.0187224
       4690.00     0.0200242
       4700.00     0.0208294
       4710.00     0.0211088
       4720.00     0.0199662
       4730.00     0.0206513
       4740.00     0.0210395
       4750.00     0.0203993
       4760.00     0.0175249
       4770.00     0.0156165
       4780.00     0.0164448
       4790.00     0.0183197
       4800.00     0.0173289
       4810.00     0.0164464
       4820.00     0.0178172
       4830.00     0.0182086
       4840.00     0.0188908
       4850.00     0.0184118
       4860.00     0.0187413
       4870.00     0.0206344
       4880.00     0.0211499
       4890.00     0.0222198
       4900.00     0.0236276
       4910.00     0.0246172
       4920.00     0.0257311
       4930.00     0.0268803
       4940.00     0.0254463
       4950.00     0.0241588
       4960.00     0.0181528
       4970.00     0.0196059
       4980.00     0.0208520
       4990.00     0.0208058
       5000.00     0.0191093
       5010.00     0.0187626
       5020.00     0.0206945
       5030.00     0.0212637
       5040.00     0.0223016
       5050.00     0.0225722
       5060.00     0.0227213
       5070.00     0.0217703
       5080.00     0.0237120
       5090.00     0.0239563
       5100.00     0.0235720
       5110.00     0.0240585
       5120.00     0.0239520
       5130.00     0.0245250
       5140.00     0.0243206
       5150.00     0.0248484
       5160.00     0.0230658
       5170.00     0.0187084
       5180.00     0.0198577
       5190.00     0.0237171
       5200.00     0.0230350
       5210.00     0.0252769
       5220.00     0.0306596
       5230.00     0.0320706
       5240.00     0.0321798
       5250.00     0.0315296
       5260.00     0.0312171
       5270.00     0.0313644
       5280.00     0.0343774
       5290.00     0.0365393
       5300.00     0.0354103
       5310.00     0.0357537
       5320.00     0.0348024
       5330.00     0.0354929
       5340.00     0.0372492
       5350.00     0.0407815
       5360.00     0.0397304
       5370.00     0.0422516
       5380.00     0.0449252
       5390.00     0.0445187
       5400.00     0.0435894
       5410.00     0.0451188
       5420.00     0.0487316
       5430.00     0.0464764
       5440.00     0.0472316
       5450.00     0.0389065
       5460.00     0.0363507
       5470.00     0.0404441
       5480.00     0.0405690
       5490.00     0.0397415
       5500.00     0.0376106
       5510.00     0.0336616
       5520.00     0.0356361
       5530.00     0.0342644
       5540.00     0.0341161
       5550.00     0.0350158
       5560.00     0.0377687
       5570.00     0.0404999
       5580.00     0.0431199
       5590.00     0.0423026
       5600.00     0.0405551
       5610.00     0.0402887
       5620.00     0.0409145
       5630.00     0.0401843
       5640.00     0.0417346
       5650.00     0.0443970
       5660.00     0.0453188
       5670.00     0.0445476
       5680.00     0.0462326
       5690.00     0.0463427
       5700.00     0.0499669
       5710.00     0.0508708
       5720.00     0.0511245
       5730.00     0.0519473
       5740.00     0.0552330
       5760.00     0.0529621
       5780.00     0.0542103
       5800.00     0.0554500
       5820.00     0.0530895
       5840.00     0.0464946
       5860.00     0.0383841
       5880.00     0.0305807
       5900.00     0.0305397
       5920.00     0.0360751
       5940.00     0.0414230
       5960.00     0.0435126
       5980.00     0.0446779
       6000.00     0.0492831
       6020.00     0.0519406
       6040.00     0.0545806
       6060.00     0.0572750
       6080.00     0.0604172
       6100.00     0.0627892
       6120.00     0.0609118
       6140.00     0.0561032
       6160.00     0.0478262
       6180.00     0.0402723
       6200.00     0.0378596
       6220.00     0.0366877
       6240.00     0.0390476
       6260.00     0.0450796
       6280.00     0.0506570
       6300.00     0.0598627
       6320.00     0.0643934
       6340.00     0.0709218
       6360.00     0.0690555
       6380.00     0.0697605
       6400.00     0.0761429
       6420.00     0.0837744
       6440.00     0.0880449
       6460.00     0.0952215
       6480.00     0.0979519
       6500.00      0.104283
       6520.00      0.113949
       6540.00      0.113301
       6560.00      0.108773
       6580.00      0.106490
       6600.00      0.103132
       6620.00     0.0991696
       6640.00     0.0903775
       6660.00     0.0862155
       6680.00     0.0785579
       6700.00     0.0736110
       6720.00     0.0710265
       6740.00     0.0706219
       6760.00     0.0691568
       6780.00     0.0688885
       6800.00     0.0679814
       6820.00     0.0701128
       6840.00     0.0711493
       6860.00     0.0701483
       6880.00     0.0712420
       6900.00     0.0777572
       6920.00     0.0882625
       6940.00     0.0982365
       6960.00      0.106714
       6980.00      0.110433
       7000.00      0.117956
       7020.00      0.131423
       7040.00      0.133555
       7060.00      0.125774
       7080.00      0.110964
       7100.00      0.105254
       7120.00      0.101380
       7140.00     0.0937160
       7160.00      0.102821
       7180.00      0.113331
       7200.00      0.116494
       7220.00      0.127270
       7240.00      0.138286
       7260.00      0.150292
       7280.00      0.164535
       7300.00      0.176344
       7320.00      0.186750
       7340.00      0.192381
       7360.00      0.201710
       7380.00      0.210192
       7400.00      0.213508
       7420.00      0.214547
       7440.00      0.219560
       7460.00      0.222999
       7480.00      0.227206
       7500.00      0.227588
       7520.00      0.231992
       7540.00      0.234004
       7560.00      0.234134
       7580.00      0.214011
       7600.00      0.200928
       7620.00      0.235262
       7640.00      0.204550
       7660.00      0.181701
       7680.00      0.164443
       7700.00      0.176487
       7720.00      0.197099
       7740.00      0.198390
       7760.00      0.199226
       7780.00      0.206354
       7800.00      0.213391
       7820.00      0.218497
       7840.00      0.226105
       7860.00      0.229713
       7880.00      0.241399
       7900.00      0.243820
       7920.00      0.245679
       7940.00      0.252930
       7960.00      0.259434
       7980.00      0.270081
       8000.00      0.275176
       8020.00      0.283449
       8040.00      0.290327
       8060.00      0.295010
       8080.00      0.292663
       8100.00      0.298661
       8120.00      0.300070
       8140.00      0.302811
       8160.00      0.287125
       8180.00      0.272315
       8200.00      0.278555
       8220.00      0.305426
       8240.00      0.305478
       8260.00      0.312119
       8280.00      0.306895
       8300.00      0.290677
       8320.00      0.298092
       8340.00      0.291111
       8360.00      0.303177
       8380.00      0.308170
       8400.00      0.306917
       8420.00      0.297655
       8440.00      0.291015
       8460.00      0.292129
       8480.00      0.293751
       8500.00      0.286143
       8520.00      0.279338
       8540.00      0.295002
       8560.00      0.317970
       8580.00      0.313168
       8600.00      0.310414
       8620.00      0.318787
       8640.00      0.310741
       8660.00      0.309018
       8680.00      0.312821
       8700.00      0.312102
       8720.00      0.311136
       8740.00      0.310175
       8760.00      0.310213
       8780.00      0.317690
       8800.00      0.327113
       8820.00      0.323903
       8840.00      0.330313
       8860.00      0.325389
       8880.00      0.318526
       8900.00      0.328576
       8920.00      0.323445
       8940.00      0.332220
       8960.00      0.322730
       8980.00      0.329043
       9000.00      0.326134
       9020.00      0.340137
       9040.00      0.356486
       9060.00      0.344644
       9080.00      0.338609
       9100.00      0.353657
       9120.00      0.356224
       9140.00      0.353777
       9160.00      0.360374
       9180.00      0.376429
       9200.00      0.363540
       9220.00      0.359445
       9240.00      0.355133
       9260.00      0.339316
       9280.00      0.325210
       9300.00      0.306483
       9320.00      0.300451
       9340.00      0.326152
       9360.00      0.310799
       9380.00      0.332654
       9400.00      0.351173
       9420.00      0.326618
       9440.00      0.312317
       9460.00      0.337436
       9480.00      0.337643
       9500.00      0.329369
       9520.00      0.341714
       9540.00      0.348758
       9560.00      0.349167
       9580.00      0.354348
       9600.00      0.345671
       9620.00      0.364644
       9640.00      0.358241
       9660.00      0.377110
       9680.00      0.388253
       9700.00      0.375330
       9720.00      0.375902
       9740.00      0.374236
       9760.00      0.370569
       9780.00      0.372705
       9800.00      0.394164
       9820.00      0.404004
       9840.00      0.389906
       9860.00      0.396182
       9880.00      0.368713
       9900.00      0.358290
       9920.00      0.356251
       9940.00      0.368459
       9960.00      0.369031
       9980.00      0.391855
       10000.0      0.387805
       10020.0      0.377469
       10040.0      0.388212
       10060.0      0.398046
       10080.0      0.389911
       10100.0      0.395823
       10120.0      0.394395
       10140.0      0.394261
       10160.0      0.390913
       10180.0      0.393995
       10200.0      0.382762
       10220.0      0.397567
       10240.0      0.387009
       10260.0      0.387952
       10280.0      0.388045
       10300.0      0.385388
       10320.0      0.387384
       10340.0      0.389794
       10360.0      0.405225
       10380.0      0.386404
       10400.0      0.402410
       10420.0      0.402474
       10440.0      0.402120
       10460.0      0.398021
       10480.0      0.410143
       10500.0      0.426366
       10520.0      0.420588
       10540.0      0.423096
       10560.0      0.413015
       10580.0      0.419026
       10600.0      0.411251
       10620.0      0.412527
