       3160.00       2.66417
       3170.00       2.64573
       3180.00       2.62274
       3190.00       2.65706
       3200.00       2.64147
       3210.00       2.79571
       3220.00       2.64152
       3230.00       2.63662
       3240.00       2.81563
       3250.00       2.65106
       3260.00       2.71966
       3270.00       2.75414
       3280.00       2.66494
       3290.00       2.66522
       3300.00       2.67385
       3310.00       2.66385
       3320.00       2.60602
       3330.00       2.63384
       3340.00       2.63548
       3350.00       2.56116
       3360.00       2.59960
       3370.00       2.61202
       3380.00       2.65447
       3390.00       2.67666
       3400.00       2.65631
       3410.00       2.65661
       3420.00       2.69471
       3430.00       2.65224
       3440.00       2.56811
       3450.00       2.62273
       3460.00       2.61699
       3470.00       2.63144
       3480.00       2.59281
       3490.00       2.60239
       3500.00       2.60525
       3510.00       2.64555
       3520.00       2.63201
       3530.00       2.61374
       3540.00       2.66265
       3550.00       2.62947
       3560.00       2.62209
       3570.00       2.60465
       3580.00       2.60329
       3590.00       2.59604
       3600.00       2.59472
       3610.00       2.59164
       3620.00       2.60147
       3630.00       2.59781
       3640.00       2.56912
       3650.00       2.57137
       3660.00       2.59968
       3670.00       2.63188
       3680.00       2.57979
       3690.00       2.57108
       3700.00       2.59679
       3710.00       2.68522
       3720.00       2.79939
       3730.00       2.88851
       3740.00       3.00947
       3750.00       3.33274
       3760.00       3.47273
       3770.00       3.55856
       3780.00       4.37081
       3790.00       4.12601
       3800.00       3.77315
       3810.00       5.18887
       3820.00       5.56100
       3830.00       4.02203
       3840.00       3.94586
       3850.00       5.76547
       3860.00       6.47004
       3870.00       6.23967
       3880.00       4.68435
       3890.00       3.65261
       3900.00       4.99574
       3910.00       6.33850
       3920.00       6.78745
       3930.00       6.61913
       3940.00       6.58080
       3950.00       6.35482
       3960.00       4.74070
       3970.00       3.70931
       3980.00       5.09454
       3990.00       6.54084
       4000.00       7.10221
       4010.00       7.17966
       4020.00       7.19872
       4030.00       7.22820
       4040.00       7.27328
       4050.00       7.17681
       4060.00       7.09124
       4070.00       6.78733
       4080.00       6.37578
       4090.00       5.00832
       4100.00       3.73493
       4110.00       4.74100
       4120.00       6.19038
       4130.00       6.67845
       4140.00       6.85692
       4150.00       6.92213
       4160.00       6.86472
       4170.00       6.82284
       4180.00       6.77609
       4190.00       6.86111
       4200.00       6.87506
       4210.00       6.80837
       4220.00       6.77214
       4230.00       6.73107
       4240.00       6.72520
       4250.00       6.69940
       4260.00       6.62893
       4270.00       6.56375
       4280.00       6.57814
       4290.00       6.37996
       4300.00       6.24679
       4310.00       6.00111
       4320.00       5.47683
       4330.00       4.12213
       4340.00       3.51618
       4350.00       4.67778
       4360.00       5.84476
       4370.00       6.12732
       4380.00       6.19562
       4390.00       6.16702
       4400.00       6.27828
       4410.00       6.16789
       4420.00       6.21150
       4430.00       6.13048
       4440.00       6.06414
       4450.00       6.02670
       4460.00       5.94663
       4470.00       5.81002
       4480.00       5.75446
       4490.00       5.85496
       4500.00       5.88435
       4510.00       5.80079
       4520.00       5.76920
       4530.00       5.78454
       4540.00       5.76713
       4550.00       5.68922
       4560.00       5.69534
       4570.00       5.75247
       4580.00       5.69825
       4590.00       5.64426
       4600.00       5.68730
       4610.00       5.63817
       4620.00       5.61679
       4630.00       5.57261
       4640.00       5.62913
       4650.00       5.54408
       4660.00       5.54128
       4670.00       5.48856
       4680.00       5.55384
       4690.00       5.53296
       4700.00       5.49863
       4710.00       5.46895
       4720.00       5.56516
       4730.00       5.43238
       4740.00       5.40303
       4750.00       5.40058
       4760.00       5.31352
       4770.00       5.32016
       4780.00       5.25580
       4790.00       5.28024
       4800.00       5.21624
       4810.00       5.17013
       4820.00       5.07144
       4830.00       4.82830
       4840.00       4.45476
       4850.00       3.41876
       4860.00       2.89655
       4870.00       3.61020
       4880.00       4.43997
       4890.00       4.71270
       4900.00       4.84153
       4910.00       4.86621
       4920.00       4.82185
       4930.00       4.85937
       4940.00       4.87099
       4950.00       4.87829
       4960.00       4.86418
       4970.00       4.85012
       4980.00       4.80207
       4990.00       4.81794
       5000.00       4.82102
       5010.00       4.73523
       5020.00       4.73002
       5030.00       4.80070
       5040.00       4.72808
       5050.00       4.65154
       5060.00       4.60464
       5070.00       4.59138
       5080.00       4.56147
       5090.00       4.50253
       5100.00       4.52696
       5110.00       4.50980
       5120.00       4.57967
       5130.00       4.57074
       5140.00       4.56185
       5150.00       4.54064
       5160.00       4.45788
       5170.00       4.43286
       5180.00       4.38337
       5190.00       4.36676
       5200.00       4.38282
       5210.00       4.37848
       5220.00       4.32135
       5230.00       4.28877
       5240.00       4.24417
       5250.00       4.25628
       5260.00       4.25625
       5270.00       4.20794
       5280.00       4.23611
       5290.00       4.22810
       5300.00       4.14012
       5310.00       4.14830
       5320.00       4.09666
       5330.00       4.09693
       5340.00       4.11308
       5350.00       4.13313
       5360.00       4.10564
       5370.00       4.00719
       5380.00       4.01945
       5390.00       3.98446
       5400.00       3.94567
       5410.00       3.96189
       5420.00       3.85836
       5430.00       3.88795
       5440.00       3.83599
       5450.00       3.90558
       5460.00       3.85533
       5470.00       3.85061
       5480.00       3.83739
       5490.00       3.83851
       5500.00       3.77988
       5510.00       3.80957
       5520.00       3.80882
       5530.00       3.77624
       5540.00       3.73039
       5550.00       3.77180
       5560.00       3.71926
       5570.00       3.70535
       5580.00       3.71163
       5590.00       3.66517
       5600.00       3.67528
       5610.00       3.64832
       5620.00       3.67729
       5630.00       3.66172
       5640.00       3.60862
       5650.00       3.59473
       5660.00       3.58538
       5670.00       3.58653
       5680.00       3.54625
       5690.00       3.55120
       5700.00       3.51930
       5710.00       3.52020
       5720.00       3.51886
       5730.00       3.51161
       5740.00       3.46375
       5760.00       3.44179
       5780.00       3.41631
       5800.00       3.39539
       5820.00       3.40594
       5840.00       3.35689
       5860.00       3.37256
       5880.00       3.25473
       5900.00       3.23723
       5920.00       3.22414
       5940.00       3.22792
       5960.00       3.24377
       5980.00       3.25384
       6000.00       3.22568
       6020.00       3.21285
       6040.00       3.20080
       6060.00       3.18184
       6080.00       3.21462
       6100.00       3.19087
       6120.00       3.17317
       6140.00       3.09930
       6160.00       3.10816
       6180.00       3.08164
       6200.00       3.06144
       6220.00       3.01717
       6240.00       3.01667
       6260.00       2.91559
       6280.00       2.92555
       6300.00       2.93746
       6320.00       2.91240
       6340.00       2.89251
       6360.00       2.85942
       6380.00       2.86208
       6400.00       2.84122
       6420.00       2.83170
       6440.00       2.79624
       6460.00       2.74230
       6480.00       2.72369
       6500.00       2.67258
       6520.00       2.57984
       6540.00       2.21472
       6560.00       2.12653
       6580.00       2.48254
       6600.00       2.60832
       6620.00       2.61645
       6640.00       2.59644
       6660.00       2.55744
       6680.00       2.56058
       6700.00       2.52572
       6720.00       2.51190
       6740.00       2.48337
       6760.00       2.45218
       6780.00       2.43745
       6800.00       2.45397
       6820.00       2.46698
       6840.00       2.46349
       6860.00       2.34814
       6880.00       2.28985
       6900.00       2.36771
       6920.00       2.36883
       6940.00       2.32138
       6960.00       2.33359
       6980.00       2.27314
       7000.00       2.27634
       7020.00       2.27771
       7040.00       2.28118
       7060.00       2.27802
       7080.00       2.26020
       7100.00       2.23950
       7120.00       2.22487
       7140.00       2.21211
       7160.00       2.18106
       7180.00       2.15697
       7200.00       2.16865
       7220.00       2.13768
       7240.00       2.07790
       7260.00       2.07480
       7280.00       2.08424
       7300.00       2.07534
       7320.00       2.10558
       7340.00       2.06663
       7360.00       2.08492
       7380.00       2.05083
       7400.00       2.03727
       7420.00       2.03863
       7440.00       2.02489
       7460.00       2.02060
       7480.00       2.00641
       7500.00       1.97449
       7520.00       1.99517
       7540.00       2.03740
       7560.00       2.03846
       7580.00       1.80485
       7600.00       1.48990
       7620.00       1.92698
       7640.00       1.88225
       7660.00       1.91470
       7680.00       1.73415
       7700.00       1.80839
       7720.00       1.84132
       7740.00       1.86341
       7760.00       1.79823
       7780.00       1.81132
       7800.00       1.80640
       7820.00       1.78362
       7840.00       1.81314
       7860.00       1.77076
       7880.00       1.79640
       7900.00       1.76019
       7920.00       1.75842
       7940.00       1.72943
       7960.00       1.73627
       7980.00       1.73085
       8000.00       1.72308
       8020.00       1.72063
       8040.00       1.69737
       8060.00       1.70394
       8080.00       1.70602
       8100.00       1.68296
       8120.00       1.66237
       8140.00       1.64500
       8160.00       1.57862
       8180.00       1.62141
       8200.00       1.65727
       8220.00       1.56503
       8240.00       1.68447
       8260.00       1.63753
       8280.00       1.61104
       8300.00       1.62300
       8320.00       1.57858
       8340.00       1.61293
       8360.00       1.54871
       8380.00       1.63761
       8400.00       1.56481
       8420.00       1.49336
       8440.00       1.56392
       8460.00       1.53993
       8480.00       1.57180
       8500.00       1.61000
       8520.00       1.59353
       8540.00       1.52649
       8560.00       1.57543
       8580.00       1.52877
       8600.00       1.58955
       8620.00       1.57873
       8640.00       1.43914
       8660.00       1.44438
       8680.00       1.58907
       8700.00       1.64268
       8720.00       1.52367
       8740.00       1.37804
       8760.00       1.53438
       8780.00       1.56952
       8800.00       1.66112
       8820.00       1.55231
       8840.00       1.37420
       8860.00       1.33090
       8880.00       1.49550
       8900.00       1.53716
       8920.00       1.54917
       8940.00       1.51914
       8960.00       1.45991
       8980.00       1.33177
       9000.00       1.19642
       9020.00       1.30894
       9040.00       1.54643
       9060.00       1.42835
       9080.00       1.47867
       9100.00       1.51736
       9120.00       1.46824
       9140.00       1.41608
       9160.00       1.39771
       9180.00       1.37920
       9200.00       1.25867
       9220.00       1.16879
       9240.00       1.30737
       9260.00       1.36591
       9280.00       1.29511
       9300.00       1.22280
       9320.00       1.13351
       9340.00       1.12994
       9360.00       1.15947
       9380.00       1.23926
       9400.00       1.29527
       9420.00       1.18967
       9440.00       1.17053
       9460.00       1.22117
       9480.00       1.12712
       9500.00       1.04508
       9520.00      0.979193
       9540.00      0.897582
       9560.00       1.07045
       9580.00       1.26496
       9600.00       1.22279
       9620.00       1.21187
       9640.00       1.26566
       9660.00       1.29333
       9680.00       1.33292
       9700.00       1.21936
       9720.00       1.28774
       9740.00       1.28967
       9760.00       1.30288
       9780.00       1.28353
       9800.00       1.28610
       9820.00       1.22972
       9840.00       1.34637
       9860.00       1.23893
       9880.00       1.23899
       9900.00       1.31915
       9920.00       1.25366
       9940.00       1.19696
       9960.00       1.23436
       9980.00       1.19769
       10000.0       1.11982
       10020.0       1.04141
       10040.0      0.962052
       10060.0       1.08321
       10080.0       1.08401
       10100.0       1.12531
       10120.0       1.18196
       10140.0       1.04331
       10160.0       1.12722
       10180.0       1.19394
       10200.0       1.10742
       10220.0       1.09156
       10240.0       1.13684
       10260.0       1.10425
       10280.0       1.09571
       10300.0       1.07794
       10320.0       1.06886
       10340.0       1.01636
       10360.0       1.00437
       10380.0       1.06085
       10400.0      0.992149
       10420.0       1.00550
       10440.0       1.05374
       10460.0       1.02355
       10480.0       1.01634
       10500.0       1.00087
       10520.0       1.02497
       10540.0      0.958856
       10560.0       1.05762
       10580.0      0.951223
       10600.0      0.943028
       10620.0      0.956424
