       3160.00       0.00000
       3170.00   0.000154384
       3180.00   0.000289893
       3190.00   0.000683432
       3200.00   0.000258573
       3210.00   0.000610537
       3220.00   0.000231987
       3230.00    0.00110979
       3240.00       0.00000
       3250.00   0.000312702
       3260.00   0.000513851
       3270.00    0.00111803
       3280.00   0.000401110
       3290.00   0.000443048
       3300.00   0.000165088
       3310.00   0.000202858
       3320.00   0.000650140
       3330.00   0.000254150
       3340.00   0.000132244
       3350.00   0.000854566
       3360.00       0.00000
       3370.00   0.000389983
       3380.00   0.000129189
       3390.00   0.000578119
       3400.00       0.00000
       3410.00   0.000644057
       3420.00       0.00000
       3430.00   0.000394377
       3440.00   0.000796830
       3450.00   0.000760258
       3460.00   0.000497490
       3470.00   0.000345889
       3480.00   0.000409010
       3490.00   0.000368958
       3500.00   0.000634889
       3510.00   0.000738494
       3520.00   0.000469935
       3530.00   0.000284729
       3540.00   0.000383900
       3550.00   9.68770e-05
       3560.00   0.000881370
       3570.00   0.000397719
       3580.00   0.000101008
       3590.00   0.000615856
       3600.00   0.000104294
       3610.00   0.000891056
       3620.00   0.000721464
       3630.00   0.000329294
       3640.00   0.000801086
       3650.00   0.000717259
       3660.00    0.00119573
       3670.00   0.000434719
       3680.00   0.000868215
       3690.00   0.000213812
       3700.00   0.000210776
       3710.00   0.000312202
       3720.00   0.000821087
       3730.00   0.000619368
       3740.00   0.000414800
       3750.00   0.000312415
       3760.00   0.000731619
       3770.00   0.000741367
       3780.00   0.000620057
       3790.00   0.000714017
       3800.00   0.000799752
       3810.00   0.000584700
       3820.00   0.000742832
       3830.00       0.00000
       3840.00   0.000798707
       3850.00   0.000473074
       3860.00    0.00101201
       3870.00    0.00153876
       3880.00   0.000151911
       3890.00   0.000150586
       3900.00   0.000971142
       3910.00   0.000740402
       3920.00    0.00139441
       3930.00   0.000898768
       3940.00    0.00134810
       3950.00    0.00110954
       3960.00    0.00103962
       3970.00    0.00193270
       3980.00    0.00108149
       3990.00    0.00239106
       4000.00    0.00149435
       4010.00    0.00249251
       4020.00    0.00137382
       4030.00    0.00126454
       4040.00    0.00159728
       4050.00    0.00122773
       4060.00    0.00155117
       4070.00    0.00180273
       4080.00    0.00169802
       4090.00    0.00151003
       4100.00    0.00154269
       4110.00    0.00130477
       4120.00    0.00105663
       4130.00    0.00122410
       4140.00    0.00189896
       4150.00    0.00177640
       4160.00    0.00217397
       4170.00    0.00183833
       4180.00    0.00135503
       4190.00    0.00116367
       4200.00    0.00113242
       4210.00    0.00176272
       4220.00   0.000985842
       4230.00   0.000723579
       4240.00    0.00155839
       4250.00    0.00128170
       4260.00   0.000966406
       4270.00    0.00139691
       4280.00    0.00172735
       4290.00    0.00162436
       4300.00    0.00166238
       4310.00    0.00189221
       4320.00    0.00146963
       4330.00    0.00182855
       4340.00    0.00196616
       4350.00    0.00205972
       4360.00    0.00210633
       4370.00    0.00227117
       4380.00    0.00266680
       4390.00    0.00243290
       4400.00    0.00182649
       4410.00    0.00252495
       4420.00    0.00303828
       4430.00    0.00312773
       4440.00    0.00317425
       4450.00    0.00297850
       4460.00    0.00412449
       4470.00    0.00403389
       4480.00    0.00387969
       4490.00    0.00416859
       4500.00    0.00438314
       4510.00    0.00447113
       4520.00    0.00485738
       4530.00    0.00503193
       4540.00    0.00487449
       4550.00    0.00525424
       4560.00    0.00661858
       4570.00    0.00617403
       4580.00    0.00565353
       4590.00    0.00508654
       4600.00    0.00558486
       4610.00    0.00606887
       4620.00    0.00582410
       4630.00    0.00572391
       4640.00    0.00608541
       4650.00    0.00592341
       4660.00    0.00594222
       4670.00    0.00574378
       4680.00    0.00571955
       4690.00    0.00679603
       4700.00    0.00614910
       4710.00    0.00617911
       4720.00    0.00624900
       4730.00    0.00671194
       4740.00    0.00631117
       4750.00    0.00644660
       4760.00    0.00545297
       4770.00    0.00457787
       4780.00    0.00524139
       4790.00    0.00564223
       4800.00    0.00578639
       4810.00    0.00491933
       4820.00    0.00537203
       4830.00    0.00556075
       4840.00    0.00566631
       4850.00    0.00624735
       4860.00    0.00637121
       4870.00    0.00670857
       4880.00    0.00684675
       4890.00    0.00726757
       4900.00    0.00779516
       4910.00    0.00819524
       4920.00    0.00852546
       4930.00    0.00928847
       4940.00    0.00983743
       4950.00    0.00710318
       4960.00    0.00595791
       4970.00    0.00687053
       4980.00    0.00722892
       4990.00    0.00747936
       5000.00    0.00610749
       5010.00    0.00623351
       5020.00    0.00734131
       5030.00    0.00741153
       5040.00    0.00675151
       5050.00    0.00750683
       5060.00    0.00792465
       5070.00    0.00828151
       5080.00    0.00847724
       5090.00    0.00826683
       5100.00    0.00842891
       5110.00    0.00840009
       5120.00    0.00818697
       5130.00    0.00920040
       5140.00    0.00899607
       5150.00    0.00929912
       5160.00    0.00795000
       5170.00    0.00551703
       5180.00    0.00650693
       5190.00    0.00808194
       5200.00    0.00775703
       5210.00    0.00896515
       5220.00     0.0106992
       5230.00     0.0101586
       5240.00     0.0103434
       5250.00     0.0104143
       5260.00     0.0101844
       5270.00     0.0104345
       5280.00     0.0120468
       5290.00     0.0122210
       5300.00     0.0119274
       5310.00     0.0121631
       5320.00     0.0118378
       5330.00     0.0121148
       5340.00     0.0127955
       5350.00     0.0134527
       5360.00     0.0136756
       5370.00     0.0141971
       5380.00     0.0153278
       5390.00     0.0153513
       5400.00     0.0151674
       5410.00     0.0151523
       5420.00     0.0162084
       5430.00     0.0157792
       5440.00     0.0158016
       5450.00     0.0127811
       5460.00     0.0117085
       5470.00     0.0125349
       5480.00     0.0128273
       5490.00     0.0127912
       5500.00     0.0113983
       5510.00     0.0105296
       5520.00     0.0103015
       5530.00    0.00978960
       5540.00    0.00952194
       5550.00    0.00959049
       5560.00     0.0110476
       5570.00     0.0129088
       5580.00     0.0132617
       5590.00     0.0126875
       5600.00     0.0123313
       5610.00     0.0121772
       5620.00     0.0124455
       5630.00     0.0122843
       5640.00     0.0123356
       5650.00     0.0136050
       5660.00     0.0137292
       5670.00     0.0139887
       5680.00     0.0141611
       5690.00     0.0148615
       5700.00     0.0149091
       5710.00     0.0160834
       5720.00     0.0156762
       5730.00     0.0163812
       5740.00     0.0184364
       5760.00     0.0180931
       5780.00     0.0163847
       5800.00     0.0157012
       5820.00     0.0137604
       5840.00     0.0146594
       5860.00     0.0129861
       5880.00    0.00923543
       5900.00    0.00832805
       5920.00     0.0117534
       5940.00     0.0119163
       5960.00     0.0121111
       5980.00     0.0147724
       6000.00     0.0153410
       6020.00     0.0162311
       6040.00     0.0168027
       6060.00     0.0176706
       6080.00     0.0171753
       6100.00     0.0188389
       6120.00     0.0180231
       6140.00     0.0176226
       6160.00     0.0135686
       6180.00     0.0118044
       6200.00     0.0115746
       6220.00     0.0114924
       6240.00     0.0122177
       6260.00     0.0135753
       6280.00     0.0156594
       6300.00     0.0177968
       6320.00     0.0225878
       6340.00     0.0241714
       6360.00     0.0236555
       6380.00     0.0234279
       6400.00     0.0269830
       6420.00     0.0289798
       6440.00     0.0306927
       6460.00     0.0335860
       6480.00     0.0342055
       6500.00     0.0355637
       6520.00     0.0399066
       6540.00     0.0419128
       6560.00     0.0391621
       6580.00     0.0375230
       6600.00     0.0350778
       6620.00     0.0315170
       6640.00     0.0295470
       6660.00     0.0280615
       6680.00     0.0263546
       6700.00     0.0248874
       6720.00     0.0235956
       6740.00     0.0237435
       6760.00     0.0245527
       6780.00     0.0234590
       6800.00     0.0241820
       6820.00     0.0251982
       6840.00     0.0242144
       6860.00     0.0258160
       6880.00     0.0251919
       6900.00     0.0286060
       6920.00     0.0329807
       6940.00     0.0377535
       6960.00     0.0390419
       6980.00     0.0436998
       7000.00     0.0463227
       7020.00     0.0514914
       7040.00     0.0508781
       7060.00     0.0459786
       7080.00     0.0392989
       7100.00     0.0359570
       7120.00     0.0351487
       7140.00     0.0319449
       7160.00     0.0354115
       7180.00     0.0386931
       7200.00     0.0413057
       7220.00     0.0461803
       7240.00     0.0510667
       7260.00     0.0570629
       7280.00     0.0637660
       7300.00     0.0694934
       7320.00     0.0754380
       7340.00     0.0787391
       7360.00     0.0834573
       7380.00     0.0880836
       7400.00     0.0892917
       7420.00     0.0912097
       7440.00     0.0929199
       7460.00     0.0961961
       7480.00     0.0985571
       7500.00     0.0991336
       7520.00      0.101660
       7540.00      0.105194
       7560.00      0.105563
       7580.00     0.0951346
       7600.00     0.0870248
       7620.00     0.0945434
       7640.00     0.0785769
       7660.00     0.0718521
       7680.00     0.0619111
       7700.00     0.0690263
       7720.00     0.0780072
       7740.00     0.0788810
       7760.00     0.0778304
       7780.00     0.0819636
       7800.00     0.0839594
       7820.00     0.0863385
       7840.00     0.0873405
       7860.00     0.0917456
       7880.00     0.0979923
       7900.00     0.0998690
       7920.00     0.0989987
       7940.00      0.103506
       7960.00      0.107552
       7980.00      0.112716
       8000.00      0.114620
       8020.00      0.118695
       8040.00      0.129013
       8060.00      0.129908
       8080.00      0.134001
       8100.00      0.135311
       8120.00      0.137131
       8140.00      0.136966
       8160.00      0.128916
       8180.00      0.121333
       8200.00      0.132552
       8220.00      0.139207
       8240.00      0.136917
       8260.00      0.145222
       8280.00      0.128653
       8300.00      0.138623
       8320.00      0.140812
       8340.00      0.141313
       8360.00      0.141142
       8380.00      0.140806
       8400.00      0.137140
       8420.00      0.135402
       8440.00      0.131186
       8460.00      0.121947
       8480.00      0.125948
       8500.00      0.124911
       8520.00      0.126835
       8540.00      0.128831
       8560.00      0.130981
       8580.00      0.144942
       8600.00      0.144686
       8620.00      0.134126
       8640.00      0.135840
       8660.00      0.139161
       8680.00      0.139565
       8700.00      0.138923
       8720.00      0.146786
       8740.00      0.150531
       8760.00      0.160328
       8780.00      0.151518
       8800.00      0.157930
       8820.00      0.151148
       8840.00      0.153496
       8860.00      0.151492
       8880.00      0.148867
       8900.00      0.149082
       8920.00      0.147729
       8940.00      0.150293
       8960.00      0.153470
       8980.00      0.154686
       9000.00      0.157296
       9020.00      0.164934
       9040.00      0.171842
       9060.00      0.161812
       9080.00      0.165693
       9100.00      0.168403
       9120.00      0.178080
       9140.00      0.179833
       9160.00      0.176157
       9180.00      0.174859
       9200.00      0.182234
       9220.00      0.175846
       9240.00      0.171604
       9260.00      0.170176
       9280.00      0.161594
       9300.00      0.154779
       9320.00      0.137636
       9340.00      0.156288
       9360.00      0.152367
       9380.00      0.157933
       9400.00      0.175603
       9420.00      0.155109
       9440.00      0.148853
       9460.00      0.174490
       9480.00      0.177073
       9500.00      0.168675
       9520.00      0.175594
       9540.00      0.173173
       9560.00      0.171567
       9580.00      0.172450
       9600.00      0.172455
       9620.00      0.178058
       9640.00      0.172320
       9660.00      0.180869
       9680.00      0.184469
       9700.00      0.185964
       9720.00      0.184286
       9740.00      0.189581
       9760.00      0.184892
       9780.00      0.176790
       9800.00      0.191560
       9820.00      0.199646
       9840.00      0.201159
       9860.00      0.195147
       9880.00      0.190646
       9900.00      0.177261
       9920.00      0.171475
       9940.00      0.181544
       9960.00      0.184691
       9980.00      0.183340
       10000.0      0.187589
       10020.0      0.195452
       10040.0      0.188444
       10060.0      0.193632
       10080.0      0.204419
       10100.0      0.206161
       10120.0      0.195801
       10140.0      0.193897
       10160.0      0.203085
       10180.0      0.201930
       10200.0      0.196048
       10220.0      0.200592
       10240.0      0.193985
       10260.0      0.180040
       10280.0      0.192209
       10300.0      0.191021
       10320.0      0.194989
       10340.0      0.195626
       10360.0      0.200852
       10380.0      0.203362
       10400.0      0.197524
       10420.0      0.206139
       10440.0      0.209027
       10460.0      0.221132
       10480.0      0.209564
       10500.0      0.201838
       10520.0      0.212823
       10540.0      0.211490
       10560.0      0.225396
       10580.0      0.220078
       10600.0      0.213526
       10620.0      0.228601
