       3160.00       12.5127
       3170.00       12.4331
       3180.00       12.2024
       3190.00       12.1004
       3200.00       12.6658
       3210.00       12.9190
       3220.00       12.5950
       3230.00       12.5638
       3240.00       12.8699
       3250.00       12.3693
       3260.00       12.2691
       3270.00       12.1461
       3280.00       11.9155
       3290.00       11.4779
       3300.00       11.5047
       3310.00       11.5237
       3320.00       11.5578
       3330.00       11.5307
       3340.00       11.3745
       3350.00       11.2344
       3360.00       11.5714
       3370.00       11.3712
       3380.00       10.9619
       3390.00       11.1393
       3400.00       11.0319
       3410.00       11.0517
       3420.00       10.9674
       3430.00       10.8392
       3440.00       10.7117
       3450.00       10.4892
       3460.00       10.4736
       3470.00       10.5239
       3480.00       10.5156
       3490.00       10.3399
       3500.00       10.2378
       3510.00       10.1580
       3520.00       10.2518
       3530.00       10.2947
       3540.00       10.1508
       3550.00       10.1222
       3560.00       10.0296
       3570.00       10.1722
       3580.00       9.86717
       3590.00       9.71943
       3600.00       9.78413
       3610.00       9.74296
       3620.00       9.67395
       3630.00       9.53537
       3640.00       9.60685
       3650.00       9.62923
       3660.00       9.44333
       3670.00       9.46604
       3680.00       9.32991
       3690.00       9.27021
       3700.00       9.07357
       3710.00       8.91905
       3720.00       9.20228
       3730.00       9.27973
       3740.00       9.31603
       3750.00       9.67042
       3760.00       9.75276
       3770.00       9.72016
       3780.00       10.2521
       3790.00       10.2116
       3800.00       9.79045
       3810.00       10.3446
       3820.00       10.5369
       3830.00       9.81322
       3840.00       9.64878
       3850.00       10.9166
       3860.00       10.9541
       3870.00       10.5977
       3880.00       9.71948
       3890.00       9.04820
       3900.00       9.96266
       3910.00       10.5282
       3920.00       10.2487
       3930.00       10.1192
       3940.00       10.3578
       3950.00       10.4409
       3960.00       9.45900
       3970.00       8.80829
       3980.00       9.52632
       3990.00       10.4890
       4000.00       10.6976
       4010.00       10.4050
       4020.00       9.95585
       4030.00       10.0194
       4040.00       10.5289
       4050.00       10.4715
       4060.00       10.3457
       4070.00       10.0644
       4080.00       9.82812
       4090.00       9.41913
       4100.00       8.61572
       4110.00       9.02728
       4120.00       9.86214
       4130.00       9.96124
       4140.00       9.67341
       4150.00       9.63787
       4160.00       9.76121
       4170.00       9.78043
       4180.00       9.69020
       4190.00       9.67920
       4200.00       9.68638
       4210.00       9.63321
       4220.00       9.61039
       4230.00       9.41356
       4240.00       9.39735
       4250.00       9.30354
       4260.00       9.25189
       4270.00       9.15291
       4280.00       9.16119
       4290.00       9.05696
       4300.00       8.95912
       4310.00       8.88531
       4320.00       8.65311
       4330.00       7.75926
       4340.00       7.32593
       4350.00       7.99797
       4360.00       8.72517
       4370.00       8.62965
       4380.00       8.42442
       4390.00       8.21433
       4400.00       8.47270
       4410.00       8.39590
       4420.00       8.31371
       4430.00       8.28347
       4440.00       8.18474
       4450.00       8.20630
       4460.00       7.98291
       4470.00       7.66963
       4480.00       7.73754
       4490.00       7.98048
       4500.00       7.87810
       4510.00       7.86063
       4520.00       7.86571
       4530.00       7.78668
       4540.00       7.61850
       4550.00       7.54036
       4560.00       7.51269
       4570.00       7.64629
       4580.00       7.65177
       4590.00       7.56871
       4600.00       7.51913
       4610.00       7.45324
       4620.00       7.54704
       4630.00       7.51429
       4640.00       7.27917
       4650.00       7.23621
       4660.00       7.28608
       4670.00       7.28135
       4680.00       7.22781
       4690.00       7.22323
       4700.00       7.05117
       4710.00       7.06855
       4720.00       7.04819
       4730.00       7.08698
       4740.00       7.06667
       4750.00       7.05179
       4760.00       6.99963
       4770.00       6.96899
       4780.00       7.01285
       4790.00       6.89748
       4800.00       6.87252
       4810.00       6.78432
       4820.00       6.67014
       4830.00       6.65107
       4840.00       6.56388
       4850.00       5.89059
       4860.00       5.50748
       4870.00       5.93419
       4880.00       6.36436
       4890.00       6.40328
       4900.00       6.40058
       4910.00       6.24790
       4920.00       6.14745
       4930.00       6.22255
       4940.00       6.36932
       4950.00       6.34106
       4960.00       6.29755
       4970.00       6.19291
       4980.00       6.20087
       4990.00       6.11211
       5000.00       6.07449
       5010.00       5.97619
       5020.00       5.97440
       5030.00       5.97262
       5040.00       5.93054
       5050.00       5.76291
       5060.00       5.77661
       5070.00       5.71012
       5080.00       5.69888
       5090.00       5.63280
       5100.00       5.52217
       5110.00       5.51633
       5120.00       5.54524
       5130.00       5.50473
       5140.00       5.48908
       5150.00       5.45376
       5160.00       5.47272
       5170.00       5.45231
       5180.00       5.40257
       5190.00       5.39216
       5200.00       5.31342
       5210.00       5.31784
       5220.00       5.24927
       5230.00       5.23438
       5240.00       5.20501
       5250.00       5.18058
       5260.00       5.19004
       5270.00       5.16574
       5280.00       5.11267
       5290.00       5.09340
       5300.00       4.99275
       5310.00       4.98813
       5320.00       4.95489
       5330.00       4.93130
       5340.00       4.87451
       5350.00       4.86065
       5360.00       4.85632
       5370.00       4.80945
       5380.00       4.81939
       5390.00       4.81045
       5400.00       4.81094
       5410.00       4.79736
       5420.00       4.78851
       5430.00       4.78436
       5440.00       4.69621
       5450.00       4.64752
       5460.00       4.67436
       5470.00       4.62356
       5480.00       4.56276
       5490.00       4.57526
       5500.00       4.58264
       5510.00       4.50888
       5520.00       4.51313
       5530.00       4.58166
       5540.00       4.52205
       5550.00       4.49881
       5560.00       4.44367
       5570.00       4.43706
       5580.00       4.42956
       5590.00       4.36667
       5600.00       4.37837
       5610.00       4.38415
       5620.00       4.36415
       5630.00       4.33880
       5640.00       4.31220
       5650.00       4.28524
       5660.00       4.25882
       5670.00       4.23205
       5680.00       4.20582
       5690.00       4.18013
       5700.00       4.15409
       5710.00       4.12902
       5720.00       4.10360
       5730.00       4.07827
       5740.00       4.05303
       5760.00       4.03587
       5780.00       4.01355
       5800.00       3.99490
       5820.00       3.94364
       5840.00       3.89883
       5860.00       3.81792
       5880.00       3.78247
       5900.00       3.78127
       5920.00       3.76464
       5940.00       3.69254
       5960.00       3.66651
       5980.00       3.63259
       6000.00       3.59382
       6020.00       3.58483
       6040.00       3.56791
       6060.00       3.56243
       6080.00       3.52314
       6100.00       3.53573
       6120.00       3.49389
       6140.00       3.43412
       6160.00       3.39782
       6180.00       3.38970
       6200.00       3.37672
       6220.00       3.39566
       6240.00       3.37623
       6260.00       3.32731
       6280.00       3.29165
       6300.00       3.30619
       6320.00       3.27965
       6340.00       3.26170
       6360.00       3.24785
       6380.00       3.20781
       6400.00       3.17557
       6420.00       3.13403
       6440.00       3.12272
       6460.00       3.06627
       6480.00       3.05837
       6500.00       3.02669
       6520.00       2.98820
       6540.00       2.83345
       6560.00       2.76364
       6580.00       2.96172
       6600.00       2.94159
       6620.00       2.92349
       6640.00       2.88868
       6660.00       2.77248
       6680.00       2.76684
       6700.00       2.75403
       6720.00       2.75982
       6740.00       2.71885
       6760.00       2.70104
       6780.00       2.66797
       6800.00       2.67843
       6820.00       2.66312
       6840.00       2.65719
       6860.00       2.53876
       6880.00       2.50923
       6900.00       2.56637
       6920.00       2.57950
       6940.00       2.54902
       6960.00       2.51834
       6980.00       2.50348
       7000.00       2.53261
       7020.00       2.46534
       7040.00       2.42840
       7060.00       2.41360
       7080.00       2.38849
       7100.00       2.41074
       7120.00       2.36545
       7140.00       2.33499
       7160.00       2.32634
       7180.00       2.34497
       7200.00       2.29825
       7220.00       2.26304
       7240.00       2.21400
       7260.00       2.20685
       7280.00       2.18683
       7300.00       2.20728
       7320.00       2.19847
       7340.00       2.12778
       7360.00       2.15651
       7380.00       2.09595
       7400.00       2.07518
       7420.00       2.06480
       7440.00       2.06334
       7460.00       2.03364
       7480.00       2.01632
       7500.00       1.99300
       7520.00       2.04207
       7540.00       2.08953
       7560.00       2.03462
       7580.00       1.77162
       7600.00       1.59888
       7620.00       1.96161
       7640.00       1.99038
       7660.00       1.92054
       7680.00       1.82725
       7700.00       1.86934
       7720.00       1.89410
       7740.00       1.90200
       7760.00       1.87321
       7780.00       1.87786
       7800.00       1.86588
       7820.00       1.86858
       7840.00       1.81717
       7860.00       1.81642
       7880.00       1.77088
       7900.00       1.78183
       7920.00       1.77028
       7940.00       1.72904
       7960.00       1.72788
       7980.00       1.73596
       8000.00       1.71512
       8020.00       1.72477
       8040.00       1.71922
       8060.00       1.67147
       8080.00       1.67865
       8100.00       1.64127
       8120.00       1.67945
       8140.00       1.66908
       8160.00       1.61613
       8180.00       1.60100
       8200.00       1.65966
       8220.00       1.71648
       8240.00       1.67256
       8260.00       1.59441
       8280.00       1.62951
       8300.00       1.49157
       8320.00       1.60062
       8340.00       1.50695
       8360.00       1.52370
       8380.00       1.54491
       8400.00       1.54577
       8420.00       1.51495
       8440.00       1.48639
       8460.00       1.44235
       8480.00       1.44943
       8500.00       1.48337
       8520.00       1.55768
       8540.00       1.43390
       8560.00       1.44864
       8580.00       1.40975
       8600.00       1.42507
       8620.00       1.48540
       8640.00       1.44522
       8660.00       1.38529
       8680.00       1.46519
       8700.00       1.45744
       8720.00       1.46895
       8740.00       1.35808
       8760.00       1.39731
       8780.00       1.49217
       8800.00       1.45242
       8820.00       1.35354
       8840.00       1.34301
       8860.00       1.31389
       8880.00       1.36212
       8900.00       1.33623
       8920.00       1.35032
       8940.00       1.42826
       8960.00       1.35364
       8980.00       1.27343
       9000.00       1.19272
       9020.00       1.29678
       9040.00       1.34251
       9060.00       1.26190
       9080.00       1.22276
       9100.00       1.36770
       9120.00       1.35384
       9140.00       1.20418
       9160.00       1.31633
       9180.00       1.20557
       9200.00       1.16513
       9220.00       1.20254
       9240.00       1.20022
       9260.00       1.19982
       9280.00       1.21283
       9300.00       1.16653
       9320.00       1.13297
       9340.00       1.22217
       9360.00       1.26785
       9380.00       1.31388
       9400.00       1.22220
       9420.00       1.11528
       9440.00       1.18044
       9460.00       1.27807
       9480.00       1.09697
       9500.00       1.13476
       9520.00       1.13931
       9540.00       1.02485
       9560.00       1.07530
       9580.00       1.15682
       9600.00       1.13272
       9620.00       1.08972
       9640.00       1.13066
       9660.00       1.19509
       9680.00       1.14487
       9700.00       1.11057
       9720.00       1.03513
       9740.00       1.10810
       9760.00       1.03141
       9780.00       1.10980
       9800.00       1.11868
       9820.00       1.04528
       9840.00       1.04625
       9860.00       1.05855
       9880.00       1.01734
       9900.00       1.03170
       9920.00       1.07852
       9940.00       1.04084
       9960.00      0.992853
       9980.00       1.00969
       10000.0      0.936822
       10020.0      0.859679
       10040.0      0.836467
       10060.0      0.927195
       10080.0      0.930646
       10100.0      0.952690
       10120.0      0.880795
       10140.0      0.925641
       10160.0      0.941065
       10180.0      0.878099
       10200.0      0.918453
       10220.0      0.939267
       10240.0      0.887089
       10260.0      0.897983
       10280.0      0.852264
       10300.0      0.856773
       10320.0      0.875045
       10340.0      0.858862
       10360.0      0.884168
       10380.0      0.815674
       10400.0      0.831931
       10420.0      0.891994
       10440.0      0.831662
       10460.0      0.857264
       10480.0      0.841331
       10500.0      0.795227
       10520.0      0.739883
       10540.0      0.862081
       10560.0      0.796961
       10580.0      0.834579
       10600.0      0.751548
       10620.0      0.824740
