       3160.00       27.8147
       3170.00       26.2976
       3180.00       27.1798
       3190.00       27.2987
       3200.00       28.4036
       3210.00       27.8983
       3220.00       27.6981
       3230.00       27.2865
       3240.00       27.9153
       3250.00       26.9923
       3260.00       27.4431
       3270.00       26.6527
       3280.00       25.8236
       3290.00       25.6692
       3300.00       26.0374
       3310.00       25.6111
       3320.00       25.5823
       3330.00       25.7010
       3340.00       25.7709
       3350.00       25.3985
       3360.00       25.3706
       3370.00       25.6368
       3380.00       25.2918
       3390.00       25.1435
       3400.00       25.0433
       3410.00       24.8966
       3420.00       24.9177
       3430.00       24.6032
       3440.00       24.3139
       3450.00       24.3624
       3460.00       24.5781
       3470.00       24.6718
       3480.00       24.0498
       3490.00       24.1675
       3500.00       23.7977
       3510.00       23.7096
       3520.00       23.4851
       3530.00       23.5373
       3540.00       23.6397
       3550.00       23.5228
       3560.00       23.0734
       3570.00       22.8913
       3580.00       23.0168
       3590.00       22.9179
       3600.00       22.5940
       3610.00       22.7439
       3620.00       22.4692
       3630.00       22.4810
       3640.00       22.2943
       3650.00       22.1941
       3660.00       22.1554
       3670.00       22.4207
       3680.00       21.9235
       3690.00       21.7843
       3700.00       21.8026
       3710.00       22.1982
       3720.00       23.2511
       3730.00       23.8249
       3740.00       24.9703
       3750.00       26.5450
       3760.00       27.1623
       3770.00       27.4215
       3780.00       30.2042
       3790.00       29.4891
       3800.00       27.7214
       3810.00       31.2306
       3820.00       32.7366
       3830.00       27.6673
       3840.00       27.5720
       3850.00       32.7827
       3860.00       34.1074
       3870.00       33.0743
       3880.00       29.1039
       3890.00       26.0024
       3900.00       29.8466
       3910.00       33.0553
       3920.00       32.5841
       3930.00       32.5239
       3940.00       33.2337
       3950.00       33.1270
       3960.00       28.8763
       3970.00       25.3211
       3980.00       29.2691
       3990.00       32.9738
       4000.00       33.2035
       4010.00       32.8315
       4020.00       31.4630
       4030.00       31.5177
       4040.00       32.6761
       4050.00       32.9918
       4060.00       32.9765
       4070.00       32.4352
       4080.00       31.7217
       4090.00       29.1362
       4100.00       25.4102
       4110.00       27.4318
       4120.00       31.5220
       4130.00       31.6832
       4140.00       31.0250
       4150.00       30.9717
       4160.00       31.1974
       4170.00       31.1868
       4180.00       31.0908
       4190.00       31.0592
       4200.00       30.9640
       4210.00       30.8905
       4220.00       30.9018
       4230.00       30.5968
       4240.00       30.4826
       4250.00       30.3269
       4260.00       29.8998
       4270.00       29.8715
       4280.00       29.9893
       4290.00       29.7115
       4300.00       29.1860
       4310.00       28.8286
       4320.00       28.1631
       4330.00       24.6373
       4340.00       22.1759
       4350.00       25.4057
       4360.00       28.0683
       4370.00       28.4736
       4380.00       27.4922
       4390.00       27.1248
       4400.00       27.5496
       4410.00       27.4872
       4420.00       26.9810
       4430.00       26.4973
       4440.00       26.4778
       4450.00       26.4784
       4460.00       25.8991
       4470.00       24.6439
       4480.00       25.2260
       4490.00       25.5274
       4500.00       25.5697
       4510.00       25.4933
       4520.00       25.2593
       4530.00       25.4004
       4540.00       25.3248
       4550.00       25.1319
       4560.00       25.1942
       4570.00       25.1586
       4580.00       24.8699
       4590.00       24.8352
       4600.00       24.5485
       4610.00       24.5146
       4620.00       24.6353
       4630.00       24.2739
       4640.00       24.1639
       4650.00       23.9585
       4660.00       23.8113
       4670.00       23.7603
       4680.00       23.8049
       4690.00       23.8112
       4700.00       23.8364
       4710.00       23.5586
       4720.00       23.4709
       4730.00       23.7041
       4740.00       23.7858
       4750.00       23.5667
       4760.00       23.4610
       4770.00       23.1126
       4780.00       23.3255
       4790.00       23.0347
       4800.00       22.7823
       4810.00       22.5681
       4820.00       22.4843
       4830.00       22.2900
       4840.00       21.7832
       4850.00       19.6417
       4860.00       17.3200
       4870.00       19.0665
       4880.00       21.1294
       4890.00       21.5422
       4900.00       21.5347
       4910.00       21.4363
       4920.00       20.8126
       4930.00       20.9875
       4940.00       21.5408
       4950.00       21.1550
       4960.00       21.0943
       4970.00       20.9621
       4980.00       20.9559
       4990.00       20.8781
       5000.00       20.6937
       5010.00       20.4387
       5020.00       20.4335
       5030.00       20.4638
       5040.00       20.1578
       5050.00       20.1355
       5060.00       20.0076
       5070.00       19.8977
       5080.00       19.9815
       5090.00       19.6969
       5100.00       19.6408
       5110.00       19.6722
       5120.00       19.7383
       5130.00       19.5433
       5140.00       19.5921
       5150.00       19.4847
       5160.00       19.2568
       5170.00       19.3921
       5180.00       19.1825
       5190.00       19.0596
       5200.00       18.9543
       5210.00       18.6440
       5220.00       18.4887
       5230.00       18.4704
       5240.00       18.1798
       5250.00       18.1452
       5260.00       17.9072
       5270.00       17.8563
       5280.00       17.7211
       5290.00       17.5864
       5300.00       17.6206
       5310.00       17.3522
       5320.00       17.3867
       5330.00       17.1867
       5340.00       16.9875
       5350.00       16.9557
       5360.00       16.9740
       5370.00       16.9756
       5380.00       16.9275
       5390.00       16.8299
       5400.00       16.7657
       5410.00       16.7512
       5420.00       16.7697
       5430.00       16.4595
       5440.00       16.3161
       5450.00       16.4319
       5460.00       16.1436
       5470.00       16.2478
       5480.00       16.2101
       5490.00       16.1399
       5500.00       16.1965
       5510.00       15.9680
       5520.00       15.9617
       5530.00       15.9248
       5540.00       15.8703
       5550.00       15.7710
       5560.00       15.6544
       5570.00       15.6487
       5580.00       15.5567
       5590.00       15.5608
       5600.00       15.4677
       5610.00       15.3161
       5620.00       15.2031
       5630.00       15.2189
       5640.00       15.1508
       5650.00       15.0829
       5660.00       15.0153
       5670.00       14.9479
       5680.00       14.8824
       5690.00       14.8154
       5700.00       14.7503
       5710.00       14.6839
       5720.00       14.6192
       5730.00       14.5548
       5740.00       14.4921
       5760.00       13.7945
       5780.00       14.1002
       5800.00       14.0116
       5820.00       13.9665
       5840.00       13.8805
       5860.00       13.5987
       5880.00       13.3386
       5900.00       13.5156
       5920.00       13.5106
       5940.00       13.1873
       5960.00       13.0922
       5980.00       13.0051
       6000.00       12.9648
       6020.00       12.8387
       6040.00       12.6751
       6060.00       12.5700
       6080.00       12.6225
       6100.00       12.6630
       6120.00       12.5561
       6140.00       12.2638
       6160.00       12.1560
       6180.00       12.0127
       6200.00       11.9063
       6220.00       11.9727
       6240.00       12.0258
       6260.00       11.6911
       6280.00       11.5260
       6300.00       11.6352
       6320.00       11.5504
       6340.00       11.4577
       6360.00       11.3291
       6380.00       11.2754
       6400.00       11.2583
       6420.00       11.1927
       6440.00       10.9903
       6460.00       10.8030
       6480.00       10.7422
       6500.00       10.9122
       6520.00       10.7679
       6540.00       10.3013
       6560.00       9.86196
       6580.00       10.4189
       6600.00       10.8996
       6620.00       10.8761
       6640.00       10.7117
       6660.00       10.2523
       6680.00       10.3257
       6700.00       10.2603
       6720.00       10.1992
       6740.00       10.0935
       6760.00       9.83672
       6780.00       9.68535
       6800.00       9.63457
       6820.00       9.61678
       6840.00       9.92640
       6860.00       9.60751
       6880.00       9.11934
       6900.00       9.42383
       6920.00       9.34891
       6940.00       9.23842
       6960.00       9.33362
       6980.00       9.16631
       7000.00       9.13758
       7020.00       8.89046
       7040.00       8.95516
       7060.00       8.80471
       7080.00       8.80125
       7100.00       8.76641
       7120.00       8.75557
       7140.00       8.61486
       7160.00       8.53848
       7180.00       8.41282
       7200.00       8.21230
       7220.00       8.32298
       7240.00       8.08192
       7260.00       8.05474
       7280.00       8.08897
       7300.00       8.15967
       7320.00       8.24827
       7340.00       8.19420
       7360.00       8.16708
       7380.00       7.93707
       7400.00       8.03494
       7420.00       7.93515
       7440.00       7.91142
       7460.00       7.76586
       7480.00       7.70455
       7500.00       7.68163
       7520.00       7.72881
       7540.00       7.86328
       7560.00       7.85663
       7580.00       7.65469
       7600.00       6.55714
       7620.00       7.32303
       7640.00       7.19412
       7660.00       7.26849
       7680.00       6.69789
       7700.00       6.98515
       7720.00       7.16578
       7740.00       7.15303
       7760.00       7.07252
       7780.00       6.98555
       7800.00       7.02253
       7820.00       7.03195
       7840.00       6.97646
       7860.00       6.85317
       7880.00       6.64561
       7900.00       6.60847
       7920.00       6.53772
       7940.00       6.69088
       7960.00       6.59003
       7980.00       6.57128
       8000.00       6.54816
       8020.00       6.53962
       8040.00       6.70085
       8060.00       6.63553
       8080.00       6.59813
       8100.00       6.32857
       8120.00       6.55794
       8140.00       6.33034
       8160.00       6.08965
       8180.00       6.10965
       8200.00       6.39498
       8220.00       6.08969
       8240.00       5.72310
       8260.00       6.01700
       8280.00       5.97769
       8300.00       6.12986
       8320.00       5.89857
       8340.00       5.88228
       8360.00       5.87995
       8380.00       5.82014
       8400.00       5.97194
       8420.00       5.93763
       8440.00       6.01867
       8460.00       5.76405
       8480.00       5.72732
       8500.00       5.87859
       8520.00       5.86270
       8540.00       5.72677
       8560.00       5.63628
       8580.00       5.63769
       8600.00       5.50012
       8620.00       5.78744
       8640.00       5.62022
       8660.00       5.40228
       8680.00       5.80293
       8700.00       5.94953
       8720.00       5.79268
       8740.00       5.27220
       8760.00       5.55036
       8780.00       5.92580
       8800.00       6.08261
       8820.00       5.82206
       8840.00       5.07635
       8860.00       5.01153
       8880.00       5.45426
       8900.00       5.63543
       8920.00       5.63980
       8940.00       5.45757
       8960.00       5.30402
       8980.00       5.12037
       9000.00       4.39344
       9020.00       4.94241
       9040.00       5.59059
       9060.00       5.33310
       9080.00       5.07773
       9100.00       5.13617
       9120.00       5.13468
       9140.00       5.06392
       9160.00       5.04702
       9180.00       5.10210
       9200.00       4.96012
       9220.00       4.46178
       9240.00       4.66642
       9260.00       4.70065
       9280.00       5.09325
       9300.00       4.76196
       9320.00       4.20335
       9340.00       4.86953
       9360.00       4.34453
       9380.00       4.56825
       9400.00       4.98269
       9420.00       4.41723
       9440.00       4.26330
       9460.00       4.41647
       9480.00       4.27072
       9500.00       4.23074
       9520.00       4.25652
       9540.00       3.90259
       9560.00       4.24991
       9580.00       4.34904
       9600.00       4.24614
       9620.00       4.24566
       9640.00       4.21927
       9660.00       4.17914
       9680.00       4.38889
       9700.00       4.32007
       9720.00       4.30659
       9740.00       4.26753
       9760.00       4.35017
       9780.00       4.28929
       9800.00       4.31421
       9820.00       4.26637
       9840.00       4.11447
       9860.00       4.25449
       9880.00       4.20344
       9900.00       4.02106
       9920.00       4.14513
       9940.00       4.04078
       9960.00       4.07565
       9980.00       4.01475
       10000.0       3.95588
       10020.0       3.93730
       10040.0       3.40885
       10060.0       3.61309
       10080.0       3.89528
       10100.0       3.84164
       10120.0       3.68422
       10140.0       3.74380
       10160.0       3.67761
       10180.0       3.68265
       10200.0       3.83109
       10220.0       3.73021
       10240.0       3.86229
       10260.0       3.67307
       10280.0       3.53056
       10300.0       3.61983
       10320.0       3.55059
       10340.0       3.59720
       10360.0       3.46800
       10380.0       3.47678
       10400.0       3.43236
       10420.0       3.32904
       10440.0       3.32865
       10460.0       3.39306
       10480.0       3.38573
       10500.0       3.27140
       10520.0       3.39660
       10540.0       3.13543
       10560.0       3.21480
       10580.0       3.05781
       10600.0       3.31627
       10620.0       2.99842
