       3160.00       3.92913
       3170.00       4.09963
       3180.00       4.06690
       3190.00       4.08629
       3200.00       4.21033
       3210.00       4.28691
       3220.00       4.19521
       3230.00       4.17245
       3240.00       4.32756
       3250.00       4.22566
       3260.00       4.26956
       3270.00       4.08402
       3280.00       4.04992
       3290.00       4.11194
       3300.00       4.23812
       3310.00       4.12999
       3320.00       4.13418
       3330.00       4.10874
       3340.00       3.97127
       3350.00       4.08421
       3360.00       4.15305
       3370.00       4.00379
       3380.00       4.12731
       3390.00       4.07092
       3400.00       4.13435
       3410.00       4.15693
       3420.00       4.23242
       3430.00       4.19478
       3440.00       4.10577
       3450.00       4.16475
       3460.00       4.19603
       3470.00       4.14529
       3480.00       4.08918
       3490.00       4.06729
       3500.00       4.05454
       3510.00       4.09580
       3520.00       4.17044
       3530.00       4.21003
       3540.00       4.27947
       3550.00       4.31852
       3560.00       4.23991
       3570.00       4.27444
       3580.00       4.13470
       3590.00       4.09242
       3600.00       4.18075
       3610.00       4.20413
       3620.00       4.26007
       3630.00       4.25160
       3640.00       4.24533
       3650.00       4.28449
       3660.00       4.31589
       3670.00       4.26007
       3680.00       4.18525
       3690.00       4.24446
       3700.00       4.26497
       3710.00       4.37892
       3720.00       4.49967
       3730.00       4.91163
       3740.00       5.06301
       3750.00       5.36083
       3760.00       5.73154
       3770.00       6.11807
       3780.00       7.32268
       3790.00       7.42512
       3800.00       6.94578
       3810.00       8.66875
       3820.00       9.17676
       3830.00       7.44849
       3840.00       7.13431
       3850.00       9.71377
       3860.00       11.5360
       3870.00       11.1903
       3880.00       8.97691
       3890.00       7.02740
       3900.00       8.24116
       3910.00       11.0859
       3920.00       12.1241
       3930.00       11.7520
       3940.00       11.7522
       3950.00       11.4828
       3960.00       9.18200
       3970.00       7.13814
       3980.00       8.99811
       3990.00       11.8620
       4000.00       13.0353
       4010.00       13.4159
       4020.00       13.4708
       4030.00       13.3884
       4040.00       13.4822
       4050.00       13.5268
       4060.00       13.2021
       4070.00       12.6560
       4080.00       11.8903
       4090.00       9.54493
       4100.00       7.24754
       4110.00       8.41505
       4120.00       10.9803
       4130.00       12.4340
       4140.00       12.7945
       4150.00       12.9443
       4160.00       12.8563
       4170.00       12.7781
       4180.00       12.6155
       4190.00       12.8207
       4200.00       12.7714
       4210.00       12.9659
       4220.00       12.6828
       4230.00       12.6249
       4240.00       12.5393
       4250.00       12.6119
       4260.00       12.6285
       4270.00       12.5897
       4280.00       12.4682
       4290.00       12.2828
       4300.00       11.6214
       4310.00       11.1643
       4320.00       10.1068
       4330.00       7.79075
       4340.00       6.51777
       4350.00       8.14934
       4360.00       10.3307
       4370.00       11.6518
       4380.00       11.5712
       4390.00       11.5628
       4400.00       11.5275
       4410.00       11.7161
       4420.00       11.8055
       4430.00       11.8234
       4440.00       11.5836
       4450.00       11.4955
       4460.00       11.2310
       4470.00       10.9235
       4480.00       10.7759
       4490.00       10.9012
       4500.00       11.0172
       4510.00       11.1589
       4520.00       10.9597
       4530.00       10.8833
       4540.00       10.7290
       4550.00       10.6794
       4560.00       10.6214
       4570.00       10.8657
       4580.00       10.8937
       4590.00       10.8184
       4600.00       10.8977
       4610.00       10.8912
       4620.00       10.8250
       4630.00       10.7249
       4640.00       10.7953
       4650.00       10.6957
       4660.00       10.4866
       4670.00       10.5739
       4680.00       10.5513
       4690.00       10.7223
       4700.00       10.5568
       4710.00       10.4088
       4720.00       10.3783
       4730.00       10.3647
       4740.00       10.3595
       4750.00       10.2796
       4760.00       10.2248
       4770.00       10.1455
       4780.00       9.93453
       4790.00       9.93026
       4800.00       9.89313
       4810.00       9.71677
       4820.00       9.51659
       4830.00       9.01510
       4840.00       8.27936
       4850.00       6.67652
       4860.00       5.44141
       4870.00       6.33487
       4880.00       7.82436
       4890.00       8.81576
       4900.00       9.15194
       4910.00       9.22166
       4920.00       9.13077
       4930.00       9.24025
       4940.00       9.19759
       4950.00       9.14714
       4960.00       9.02532
       4970.00       9.04684
       4980.00       8.90988
       4990.00       8.88412
       5000.00       8.81902
       5010.00       8.76993
       5020.00       8.69746
       5030.00       8.68801
       5040.00       8.61599
       5050.00       8.56769
       5060.00       8.50399
       5070.00       8.47944
       5080.00       8.36958
       5090.00       8.26790
       5100.00       8.22076
       5110.00       8.27413
       5120.00       8.24257
       5130.00       8.22650
       5140.00       8.17980
       5150.00       8.21753
       5160.00       8.14810
       5170.00       8.09419
       5180.00       8.03288
       5190.00       7.96421
       5200.00       8.00957
       5210.00       7.99420
       5220.00       7.91844
       5230.00       7.81280
       5240.00       7.92585
       5250.00       7.91826
       5260.00       7.75324
       5270.00       7.70860
       5280.00       7.69400
       5290.00       7.70182
       5300.00       7.67985
       5310.00       7.56139
       5320.00       7.53235
       5330.00       7.51082
       5340.00       7.46721
       5350.00       7.50486
       5360.00       7.45407
       5370.00       7.42550
       5380.00       7.44102
       5390.00       7.41990
       5400.00       7.30317
       5410.00       7.27801
       5420.00       7.41521
       5430.00       7.36524
       5440.00       7.28645
       5450.00       7.23545
       5460.00       7.23809
       5470.00       7.16356
       5480.00       7.18288
       5490.00       7.16620
       5500.00       7.21413
       5510.00       7.11943
       5520.00       7.07224
       5530.00       7.04447
       5540.00       7.02606
       5550.00       7.05249
       5560.00       7.04193
       5570.00       7.03779
       5580.00       6.98842
       5590.00       6.91736
       5600.00       6.92050
       5610.00       6.86528
       5620.00       6.80534
       5630.00       6.95368
       5640.00       6.91128
       5650.00       6.87042
       5660.00       6.82902
       5670.00       6.78776
       5680.00       6.74664
       5690.00       6.70706
       5700.00       6.66692
       5710.00       6.62693
       5720.00       6.58776
       5730.00       6.54873
       5740.00       6.50984
       5760.00       6.60775
       5780.00       6.65517
       5800.00       6.58258
       5820.00       6.51523
       5840.00       6.44227
       5860.00       6.35836
       5880.00       6.31124
       5900.00       6.23704
       5920.00       6.20997
       5940.00       6.10805
       5960.00       6.04189
       5980.00       6.04741
       6000.00       6.00885
       6020.00       5.91813
       6040.00       5.92138
       6060.00       5.92462
       6080.00       5.93562
       6100.00       5.87219
       6120.00       5.83045
       6140.00       5.76970
       6160.00       5.73624
       6180.00       5.69981
       6200.00       5.66934
       6220.00       5.65047
       6240.00       5.59949
       6260.00       5.57341
       6280.00       5.50605
       6300.00       5.50860
       6320.00       5.47931
       6340.00       5.38675
       6360.00       5.33571
       6380.00       5.33134
       6400.00       5.24566
       6420.00       5.16236
       6440.00       5.07344
       6460.00       5.04980
       6480.00       5.00865
       6500.00       5.05574
       6520.00       4.75470
       6540.00       4.21247
       6560.00       3.98198
       6580.00       4.44042
       6600.00       4.82795
       6620.00       4.87592
       6640.00       4.84579
       6660.00       4.76076
       6680.00       4.73647
       6700.00       4.74882
       6720.00       4.68832
       6740.00       4.63579
       6760.00       4.59523
       6780.00       4.53456
       6800.00       4.54500
       6820.00       4.51895
       6840.00       4.51785
       6860.00       4.40809
       6880.00       4.32820
       6900.00       4.40711
       6920.00       4.36018
       6940.00       4.37034
       6960.00       4.36175
       6980.00       4.25432
       7000.00       4.21625
       7020.00       4.15592
       7040.00       4.15140
       7060.00       4.26366
       7080.00       4.26387
       7100.00       4.20464
       7120.00       4.27315
       7140.00       4.17390
       7160.00       4.16335
       7180.00       4.22096
       7200.00       4.15446
       7220.00       4.17245
       7240.00       4.06559
       7260.00       4.00821
       7280.00       3.97715
       7300.00       4.01813
       7320.00       4.00391
       7340.00       3.89198
       7360.00       3.90713
       7380.00       3.85432
       7400.00       3.81832
       7420.00       3.87766
       7440.00       3.82059
       7460.00       3.76329
       7480.00       3.83021
       7500.00       3.80738
       7520.00       3.76054
       7540.00       3.84158
       7560.00       3.79542
       7580.00       3.44251
       7600.00       3.02970
       7620.00       3.60456
       7640.00       3.61319
       7660.00       3.51211
       7680.00       3.38228
       7700.00       3.46774
       7720.00       3.52722
       7740.00       3.46001
       7760.00       3.40179
       7780.00       3.42093
       7800.00       3.46171
       7820.00       3.40343
       7840.00       3.39525
       7860.00       3.38762
       7880.00       3.29693
       7900.00       3.33302
       7920.00       3.32759
       7940.00       3.33808
       7960.00       3.32326
       7980.00       3.26254
       8000.00       3.21494
       8020.00       3.25069
       8040.00       3.23770
       8060.00       3.21450
       8080.00       3.20263
       8100.00       3.10221
       8120.00       3.13683
       8140.00       3.17224
       8160.00       3.03735
       8180.00       3.05451
       8200.00       3.13797
       8220.00       2.98351
       8240.00       3.21942
       8260.00       3.05071
       8280.00       2.99476
       8300.00       3.03459
       8320.00       3.04720
       8340.00       2.91410
       8360.00       2.95997
       8380.00       2.88936
       8400.00       3.02475
       8420.00       2.90609
       8440.00       2.86275
       8460.00       2.85412
       8480.00       2.88134
       8500.00       2.96040
       8520.00       2.80763
       8540.00       2.81445
       8560.00       2.94794
       8580.00       2.91027
       8600.00       2.93423
       8620.00       2.94527
       8640.00       2.82935
       8660.00       2.73491
       8680.00       2.98898
       8700.00       2.98256
       8720.00       2.79661
       8740.00       2.72252
       8760.00       2.78474
       8780.00       2.95044
       8800.00       3.08133
       8820.00       2.88295
       8840.00       2.61096
       8860.00       2.55521
       8880.00       2.79152
       8900.00       2.91953
       8920.00       3.08365
       8940.00       3.08161
       8960.00       2.84979
       8980.00       2.64975
       9000.00       2.29021
       9020.00       2.63582
       9040.00       2.82632
       9060.00       2.87624
       9080.00       2.89249
       9100.00       2.95591
       9120.00       2.92608
       9140.00       2.93046
       9160.00       2.82288
       9180.00       2.72693
       9200.00       2.44878
       9220.00       2.31256
       9240.00       2.44842
       9260.00       2.68080
       9280.00       2.87775
       9300.00       2.87962
       9320.00       2.83789
       9340.00       3.15106
       9360.00       2.89192
       9380.00       2.98793
       9400.00       2.89850
       9420.00       2.51678
       9440.00       2.43582
       9460.00       2.69792
       9480.00       2.61068
       9500.00       2.38888
       9520.00       2.26330
       9540.00       2.11593
       9560.00       2.19855
       9580.00       2.51385
       9600.00       2.55052
       9620.00       2.57638
       9640.00       2.60499
       9660.00       2.66778
       9680.00       2.70383
       9700.00       2.44779
       9720.00       2.56894
       9740.00       2.57582
       9760.00       2.59559
       9780.00       2.48261
       9800.00       2.46949
       9820.00       2.47611
       9840.00       2.54082
       9860.00       2.42167
       9880.00       2.36367
       9900.00       2.35491
       9920.00       2.28893
       9940.00       2.29822
       9960.00       2.33162
       9980.00       2.27794
       10000.0       2.16176
       10020.0       1.98701
       10040.0       1.82317
       10060.0       1.88698
       10080.0       2.05774
       10100.0       2.17473
       10120.0       2.05390
       10140.0       2.17509
       10160.0       2.21507
       10180.0       2.22931
       10200.0       2.21682
       10220.0       2.04499
       10240.0       2.10494
       10260.0       2.07239
       10280.0       2.06950
       10300.0       2.02145
       10320.0       2.06683
       10340.0       1.99952
       10360.0       1.98995
       10380.0       1.99599
       10400.0       1.95537
       10420.0       1.97054
       10440.0       1.92672
       10460.0       1.94377
       10480.0       2.00480
       10500.0       1.83269
       10520.0       1.91544
       10540.0       1.91330
       10560.0       1.91864
       10580.0       1.85947
       10600.0       1.76666
       10620.0       1.69871
