       3160.00      0.414073
       3170.00      0.384720
       3180.00      0.413579
       3190.00      0.428409
       3200.00      0.414489
       3210.00      0.420166
       3220.00      0.382393
       3230.00      0.374804
       3240.00      0.380205
       3250.00      0.399338
       3260.00      0.383876
       3270.00      0.383728
       3280.00      0.386479
       3290.00      0.404680
       3300.00      0.420060
       3310.00      0.410682
       3320.00      0.404560
       3330.00      0.402170
       3340.00      0.389582
       3350.00      0.418464
       3360.00      0.411394
       3370.00      0.414487
       3380.00      0.410448
       3390.00      0.407753
       3400.00      0.409185
       3410.00      0.422088
       3420.00      0.410062
       3430.00      0.413595
       3440.00      0.412067
       3450.00      0.421894
       3460.00      0.426655
       3470.00      0.424458
       3480.00      0.417132
       3490.00      0.424749
       3500.00      0.436317
       3510.00      0.457696
       3520.00      0.456237
       3530.00      0.461281
       3540.00      0.462347
       3550.00      0.453956
       3560.00      0.455666
       3570.00      0.452980
       3580.00      0.442030
       3590.00      0.448743
       3600.00      0.467533
       3610.00      0.440525
       3620.00      0.440544
       3630.00      0.442874
       3640.00      0.438584
       3650.00      0.441979
       3660.00      0.443827
       3670.00      0.456483
       3680.00      0.450076
       3690.00      0.448856
       3700.00      0.455502
       3710.00      0.467085
       3720.00      0.470189
       3730.00      0.477623
       3740.00      0.526881
       3750.00      0.562456
       3760.00      0.573750
       3770.00      0.571635
       3780.00      0.665390
       3790.00      0.707454
       3800.00      0.610826
       3810.00      0.730891
       3820.00      0.823833
       3830.00      0.667361
       3840.00      0.610871
       3850.00      0.854160
       3860.00      0.998115
       3870.00      0.996547
       3880.00      0.830549
       3890.00      0.637087
       3900.00      0.743561
       3910.00      0.985208
       3920.00       1.09638
       3930.00      0.971373
       3940.00      0.941658
       3950.00       1.06385
       3960.00      0.912050
       3970.00      0.670025
       3980.00      0.820780
       3990.00       1.15395
       4000.00       1.27576
       4010.00       1.34858
       4020.00       1.38793
       4030.00       1.37407
       4040.00       1.33842
       4050.00       1.30861
       4060.00       1.27701
       4070.00       1.20628
       4080.00       1.12287
       4090.00       1.00091
       4100.00      0.764980
       4110.00      0.798765
       4120.00       1.07479
       4130.00       1.16885
       4140.00       1.24342
       4150.00       1.30214
       4160.00       1.31487
       4170.00       1.28503
       4180.00       1.24089
       4190.00       1.25661
       4200.00       1.24363
       4210.00       1.25436
       4220.00       1.25682
       4230.00       1.29139
       4240.00       1.29745
       4250.00       1.28189
       4260.00       1.32312
       4270.00       1.30378
       4280.00       1.26651
       4290.00       1.27724
       4300.00       1.26218
       4310.00       1.28883
       4320.00       1.29698
       4330.00       1.08891
       4340.00      0.847010
       4350.00      0.947386
       4360.00       1.25289
       4370.00       1.31669
       4380.00       1.24551
       4390.00       1.23006
       4400.00       1.21786
       4410.00       1.24020
       4420.00       1.21298
       4430.00       1.22905
       4440.00       1.22263
       4450.00       1.23345
       4460.00       1.22618
       4470.00       1.25095
       4480.00       1.25315
       4490.00       1.25161
       4500.00       1.28859
       4510.00       1.28821
       4520.00       1.25443
       4530.00       1.24056
       4540.00       1.25507
       4550.00       1.22847
       4560.00       1.23607
       4570.00       1.27252
       4580.00       1.24899
       4590.00       1.21252
       4600.00       1.24842
       4610.00       1.26997
       4620.00       1.25633
       4630.00       1.27777
       4640.00       1.27502
       4650.00       1.25664
       4660.00       1.24435
       4670.00       1.24048
       4680.00       1.26412
       4690.00       1.28527
       4700.00       1.25517
       4710.00       1.25488
       4720.00       1.25815
       4730.00       1.26376
       4740.00       1.25638
       4750.00       1.26433
       4760.00       1.23935
       4770.00       1.25199
       4780.00       1.28681
       4790.00       1.28646
       4800.00       1.25465
       4810.00       1.26716
       4820.00       1.25409
       4830.00       1.19013
       4840.00       1.11315
       4850.00      0.955557
       4860.00      0.717954
       4870.00      0.766886
       4880.00       1.01729
       4890.00       1.10326
       4900.00       1.16970
       4910.00       1.18099
       4920.00       1.13415
       4930.00       1.16032
       4940.00       1.16589
       4950.00       1.17709
       4960.00       1.18036
       4970.00       1.21624
       4980.00       1.18572
       4990.00       1.17102
       5000.00       1.14519
       5010.00       1.12058
       5020.00       1.11612
       5030.00       1.12169
       5040.00       1.15053
       5050.00       1.13828
       5060.00       1.14156
       5070.00       1.12387
       5080.00       1.12386
       5090.00       1.13703
       5100.00       1.11068
       5110.00       1.12711
       5120.00       1.11944
       5130.00       1.11726
       5140.00       1.09986
       5150.00       1.08795
       5160.00       1.09018
       5170.00       1.07985
       5180.00       1.09136
       5190.00       1.06642
       5200.00       1.05501
       5210.00       1.04494
       5220.00       1.04337
       5230.00       1.02662
       5240.00       1.04717
       5250.00       1.05093
       5260.00       1.00609
       5270.00      0.973836
       5280.00      0.998256
       5290.00       1.03548
       5300.00       1.03901
       5310.00       1.01368
       5320.00       1.02071
       5330.00       1.01690
       5340.00       1.00264
       5350.00       1.02094
       5360.00       1.03844
       5370.00       1.01974
       5380.00       1.02024
       5390.00       1.03079
       5400.00      0.996058
       5410.00      0.991530
       5420.00       1.02086
       5430.00       1.05656
       5440.00       1.06901
       5450.00       1.07629
       5460.00       1.06100
       5470.00       1.04577
       5480.00       1.03366
       5490.00       1.04604
       5500.00       1.04108
       5510.00       1.03716
       5520.00       1.03934
       5530.00       1.06577
       5540.00       1.04770
       5550.00       1.04077
       5560.00       1.02884
       5570.00       1.01595
       5580.00       1.01313
       5590.00       1.02132
       5600.00       1.00352
       5610.00       1.03762
       5620.00       1.03378
       5630.00       1.01506
       5640.00       1.00731
       5650.00       1.02433
       5660.00      0.998811
       5670.00       1.00593
       5680.00      0.996278
       5690.00       1.01222
       5700.00      0.990821
       5710.00       1.01259
       5720.00      0.965165
       5730.00       1.01491
       5740.00      0.962387
       5760.00      0.968559
       5780.00      0.956017
       5800.00      0.966025
       5820.00      0.959727
       5840.00      0.956057
       5860.00      0.960905
       5880.00      0.960489
       5900.00      0.948704
       5920.00      0.950221
       5940.00      0.945139
       5960.00      0.937277
       5980.00      0.921612
       6000.00      0.919751
       6020.00      0.909265
       6040.00      0.924307
       6060.00      0.907046
       6080.00      0.909305
       6100.00      0.918515
       6120.00      0.914600
       6140.00      0.899235
       6160.00      0.884515
       6180.00      0.874776
       6200.00      0.891435
       6220.00      0.890906
       6240.00      0.877207
       6260.00      0.875745
       6280.00      0.874647
       6300.00      0.856782
       6320.00      0.861945
       6340.00      0.857462
       6360.00      0.849490
       6380.00      0.848843
       6400.00      0.848113
       6420.00      0.830577
       6440.00      0.812108
       6460.00      0.814787
       6480.00      0.818054
       6500.00      0.817773
       6520.00      0.810033
       6540.00      0.761813
       6560.00      0.642797
       6580.00      0.655800
       6600.00      0.774205
       6620.00      0.807427
       6640.00      0.810637
       6660.00      0.798211
       6680.00      0.802351
       6700.00      0.804295
       6720.00      0.798906
       6740.00      0.793134
       6760.00      0.790953
       6780.00      0.779547
       6800.00      0.775281
       6820.00      0.787192
       6840.00      0.798052
       6860.00      0.773472
       6880.00      0.742940
       6900.00      0.735843
       6920.00      0.746565
       6940.00      0.754565
       6960.00      0.755691
       6980.00      0.737744
       7000.00      0.729725
       7020.00      0.741346
       7040.00      0.738287
       7060.00      0.732631
       7080.00      0.721479
       7100.00      0.721573
       7120.00      0.722531
       7140.00      0.706880
       7160.00      0.735363
       7180.00      0.739156
       7200.00      0.694699
       7220.00      0.692464
       7240.00      0.694336
       7260.00      0.686415
       7280.00      0.682609
       7300.00      0.681199
       7320.00      0.670859
       7340.00      0.672611
       7360.00      0.677165
       7380.00      0.675557
       7400.00      0.673958
       7420.00      0.666263
       7440.00      0.660414
       7460.00      0.663216
       7480.00      0.658676
       7500.00      0.639175
       7520.00      0.631006
       7540.00      0.638603
       7560.00      0.625671
       7580.00      0.672265
       7600.00      0.602365
       7620.00      0.567762
       7640.00      0.621168
       7660.00      0.608670
       7680.00      0.590047
       7700.00      0.627875
       7720.00      0.636606
       7740.00      0.627953
       7760.00      0.627416
       7780.00      0.626162
       7800.00      0.622693
       7820.00      0.618097
       7840.00      0.601186
       7860.00      0.602501
       7880.00      0.597779
       7900.00      0.599026
       7920.00      0.583958
       7940.00      0.591219
       7960.00      0.589383
       7980.00      0.586084
       8000.00      0.582452
       8020.00      0.579047
       8040.00      0.584144
       8060.00      0.574023
       8080.00      0.573640
       8100.00      0.574916
       8120.00      0.586308
       8140.00      0.589883
       8160.00      0.565275
       8180.00      0.554117
       8200.00      0.574315
       8220.00      0.542918
       8240.00      0.548658
       8260.00      0.569601
       8280.00      0.568563
       8300.00      0.572785
       8320.00      0.561999
       8340.00      0.531217
       8360.00      0.541451
       8380.00      0.562779
       8400.00      0.559575
       8420.00      0.547621
       8440.00      0.539433
       8460.00      0.547873
       8480.00      0.551131
       8500.00      0.537993
       8520.00      0.548872
       8540.00      0.531348
       8560.00      0.549900
       8580.00      0.544969
       8600.00      0.533038
       8620.00      0.550029
       8640.00      0.536006
       8660.00      0.484727
       8680.00      0.503130
       8700.00      0.550821
       8720.00      0.560202
       8740.00      0.489503
       8760.00      0.476959
       8780.00      0.545993
       8800.00      0.565276
       8820.00      0.571856
       8840.00      0.521349
       8860.00      0.476436
       8880.00      0.468436
       8900.00      0.532914
       8920.00      0.538928
       8940.00      0.543039
       8960.00      0.563045
       8980.00      0.535576
       9000.00      0.472069
       9020.00      0.447651
       9040.00      0.518970
       9060.00      0.538006
       9080.00      0.511203
       9100.00      0.523905
       9120.00      0.507060
       9140.00      0.518798
       9160.00      0.504601
       9180.00      0.517146
       9200.00      0.503015
       9220.00      0.447583
       9240.00      0.422771
       9260.00      0.467389
       9280.00      0.522902
       9300.00      0.531818
       9320.00      0.538597
       9340.00      0.562888
       9360.00      0.499554
       9380.00      0.512081
       9400.00      0.541032
       9420.00      0.529377
       9440.00      0.490345
       9460.00      0.509820
       9480.00      0.512578
       9500.00      0.492781
       9520.00      0.470777
       9540.00      0.396640
       9560.00      0.392944
       9580.00      0.446640
       9600.00      0.458291
       9620.00      0.476520
       9640.00      0.451459
       9660.00      0.469511
       9680.00      0.454677
       9700.00      0.462502
       9720.00      0.464772
       9740.00      0.474553
       9760.00      0.457768
       9780.00      0.454087
       9800.00      0.451449
       9820.00      0.462032
       9840.00      0.439215
       9860.00      0.447001
       9880.00      0.437889
       9900.00      0.420907
       9920.00      0.448976
       9940.00      0.434177
       9960.00      0.447229
       9980.00      0.448405
       10000.0      0.444936
       10020.0      0.409616
       10040.0      0.339181
       10060.0      0.351292
       10080.0      0.410506
       10100.0      0.416780
       10120.0      0.438224
       10140.0      0.415246
       10160.0      0.416960
       10180.0      0.430752
       10200.0      0.428592
       10220.0      0.444496
       10240.0      0.414686
       10260.0      0.414913
       10280.0      0.411876
       10300.0      0.409664
       10320.0      0.412013
       10340.0      0.417868
       10360.0      0.431202
       10380.0      0.410008
       10400.0      0.407822
       10420.0      0.409401
       10440.0      0.409152
       10460.0      0.413983
       10480.0      0.397346
       10500.0      0.388015
       10520.0      0.397376
       10540.0      0.380123
       10560.0      0.423830
       10580.0      0.400408
       10600.0      0.407776
       10620.0      0.399058
