       3160.00       7.43242
       3170.00       7.88950
       3180.00       7.84992
       3190.00       7.22789
       3200.00       7.42759
       3210.00       6.52854
       3220.00       6.64164
       3230.00       6.79559
       3240.00       6.82640
       3250.00       7.40830
       3260.00       6.77628
       3270.00       6.65090
       3280.00       6.32375
       3290.00       6.62271
       3300.00       6.70431
       3310.00       6.46511
       3320.00       6.23947
       3330.00       6.42426
       3340.00       5.96905
       3350.00       6.47204
       3360.00       6.23709
       3370.00       6.09313
       3380.00       6.02547
       3390.00       6.17002
       3400.00       6.34134
       3410.00       6.50379
       3420.00       6.51224
       3430.00       6.28392
       3440.00       6.06863
       3450.00       6.37392
       3460.00       6.07040
       3470.00       6.23662
       3480.00       6.26112
       3490.00       6.00476
       3500.00       6.39023
       3510.00       6.44276
       3520.00       6.51787
       3530.00       6.50511
       3540.00       6.26495
       3550.00       6.65181
       3560.00       6.29761
       3570.00       6.41531
       3580.00       6.22494
       3590.00       6.27302
       3600.00       6.35252
       3610.00       6.14718
       3620.00       6.23586
       3630.00       6.20205
       3640.00       6.27350
       3650.00       6.45303
       3660.00       6.51423
       3670.00       6.41238
       3680.00       6.36578
       3690.00       6.29033
       3700.00       6.25338
       3710.00       6.65073
       3720.00       6.77896
       3730.00       7.22674
       3740.00       7.41913
       3750.00       7.91471
       3760.00       8.23096
       3770.00       8.60606
       3780.00       10.1757
       3790.00       9.81420
       3800.00       9.35220
       3810.00       11.6560
       3820.00       12.5407
       3830.00       9.61884
       3840.00       9.69864
       3850.00       13.0008
       3860.00       14.8029
       3870.00       14.7854
       3880.00       11.3852
       3890.00       9.38768
       3900.00       11.7449
       3910.00       15.4237
       3920.00       15.9852
       3930.00       15.2171
       3940.00       15.2228
       3950.00       15.3864
       3960.00       11.9262
       3970.00       9.60248
       3980.00       12.4648
       3990.00       16.8853
       4000.00       18.8898
       4010.00       19.3280
       4020.00       19.2132
       4030.00       19.7316
       4040.00       19.4502
       4050.00       19.4353
       4060.00       18.5941
       4070.00       17.4273
       4080.00       15.7037
       4090.00       12.7137
       4100.00       10.2522
       4110.00       12.1114
       4120.00       15.4600
       4130.00       17.2391
       4140.00       18.4131
       4150.00       19.0802
       4160.00       18.8730
       4170.00       18.3128
       4180.00       18.4777
       4190.00       19.0422
       4200.00       19.3164
       4210.00       19.3502
       4220.00       18.8909
       4230.00       18.6242
       4240.00       18.6594
       4250.00       19.0576
       4260.00       19.0758
       4270.00       18.8897
       4280.00       18.3125
       4290.00       17.6598
       4300.00       16.4795
       4310.00       16.7215
       4320.00       14.9074
       4330.00       12.2818
       4340.00       10.6114
       4350.00       13.4548
       4360.00       16.2066
       4370.00       17.3826
       4380.00       16.8373
       4390.00       17.3034
       4400.00       17.0658
       4410.00       17.8336
       4420.00       17.7325
       4430.00       18.1015
       4440.00       17.5317
       4450.00       17.4471
       4460.00       17.4380
       4470.00       17.4891
       4480.00       17.0157
       4490.00       17.0525
       4500.00       16.9997
       4510.00       17.4233
       4520.00       17.3253
       4530.00       17.3019
       4540.00       16.5691
       4550.00       16.5327
       4560.00       16.6436
       4570.00       17.0917
       4580.00       16.8786
       4590.00       16.9588
       4600.00       17.0678
       4610.00       17.1181
       4620.00       17.2844
       4630.00       17.2761
       4640.00       17.0942
       4650.00       16.8265
       4660.00       16.5456
       4670.00       16.6826
       4680.00       16.9768
       4690.00       16.9978
       4700.00       16.4191
       4710.00       16.5410
       4720.00       16.2927
       4730.00       16.3575
       4740.00       16.4363
       4750.00       16.1756
       4760.00       16.1416
       4770.00       16.1219
       4780.00       16.1303
       4790.00       16.0125
       4800.00       15.7974
       4810.00       15.3461
       4820.00       14.6460
       4830.00       14.1016
       4840.00       12.8926
       4850.00       10.1763
       4860.00       8.61998
       4870.00       10.5451
       4880.00       12.4596
       4890.00       13.6459
       4900.00       14.3932
       4910.00       14.4185
       4920.00       14.4847
       4930.00       14.3872
       4940.00       14.7656
       4950.00       15.0476
       4960.00       14.9090
       4970.00       14.8115
       4980.00       14.6605
       4990.00       14.6580
       5000.00       14.6153
       5010.00       14.5191
       5020.00       14.3164
       5030.00       14.4481
       5040.00       14.4194
       5050.00       14.3510
       5060.00       14.4022
       5070.00       14.1620
       5080.00       14.1606
       5090.00       14.0273
       5100.00       14.0261
       5110.00       13.9986
       5120.00       13.9058
       5130.00       13.9179
       5140.00       13.6167
       5150.00       13.8248
       5160.00       13.4728
       5170.00       13.3689
       5180.00       13.4208
       5190.00       13.2398
       5200.00       13.3563
       5210.00       13.3178
       5220.00       13.1637
       5230.00       13.1386
       5240.00       13.1647
       5250.00       13.2419
       5260.00       12.9871
       5270.00       12.8096
       5280.00       13.0268
       5290.00       12.8246
       5300.00       12.8004
       5310.00       12.7131
       5320.00       12.6766
       5330.00       12.7662
       5340.00       12.6794
       5350.00       12.7435
       5360.00       12.4017
       5370.00       12.4549
       5380.00       12.3619
       5390.00       12.4112
       5400.00       12.2863
       5410.00       12.1730
       5420.00       12.3771
       5430.00       12.4445
       5440.00       12.3279
       5450.00       12.3866
       5460.00       12.2606
       5470.00       12.1793
       5480.00       12.3922
       5490.00       12.3208
       5500.00       12.3960
       5510.00       12.2030
       5520.00       12.3146
       5530.00       12.2074
       5540.00       12.2217
       5550.00       12.2601
       5560.00       12.2018
       5570.00       12.2040
       5580.00       12.0980
       5590.00       12.0523
       5600.00       11.9014
       5610.00       11.8742
       5620.00       12.1313
       5630.00       11.8725
       5640.00       11.8396
       5650.00       11.8044
       5660.00       11.7705
       5670.00       11.7379
       5680.00       11.7031
       5690.00       11.6707
       5700.00       11.6361
       5710.00       11.6040
       5720.00       11.5708
       5730.00       11.5377
       5740.00       11.5047
       5760.00       11.1992
       5780.00       11.2103
       5800.00       11.1057
       5820.00       10.9880
       5840.00       10.9515
       5860.00       10.8741
       5880.00       10.7846
       5900.00       10.8367
       5920.00       10.7627
       5940.00       10.6915
       5960.00       10.6027
       5980.00       10.5582
       6000.00       10.4794
       6020.00       10.4357
       6040.00       10.3967
       6060.00       10.3314
       6080.00       10.4122
       6100.00       10.2944
       6120.00       10.2575
       6140.00       9.97054
       6160.00       9.95451
       6180.00       9.94944
       6200.00       9.87405
       6220.00       9.83690
       6240.00       9.81075
       6260.00       9.65828
       6280.00       9.62004
       6300.00       9.58204
       6320.00       9.56021
       6340.00       9.49936
       6360.00       9.47054
       6380.00       9.40930
       6400.00       9.35054
       6420.00       9.31514
       6440.00       9.15075
       6460.00       9.16293
       6480.00       9.10462
       6500.00       9.09313
       6520.00       8.64841
       6540.00       7.41224
       6560.00       7.25052
       6580.00       8.37374
       6600.00       9.00822
       6620.00       9.26584
       6640.00       9.17629
       6660.00       9.00868
       6680.00       9.09723
       6700.00       9.10112
       6720.00       9.04308
       6740.00       8.97742
       6760.00       8.84663
       6780.00       8.76807
       6800.00       8.79064
       6820.00       8.69796
       6840.00       8.85107
       6860.00       8.34009
       6880.00       8.44556
       6900.00       8.48041
       6920.00       8.56838
       6940.00       8.49438
       6960.00       8.40730
       6980.00       8.33514
       7000.00       8.30462
       7020.00       8.22742
       7040.00       8.28698
       7060.00       8.18081
       7080.00       8.17950
       7100.00       8.05344
       7120.00       7.98935
       7140.00       7.88896
       7160.00       8.05624
       7180.00       7.97492
       7200.00       7.83068
       7220.00       7.71512
       7240.00       7.85786
       7260.00       7.62177
       7280.00       7.64508
       7300.00       7.70227
       7320.00       7.63814
       7340.00       7.54144
       7360.00       7.37598
       7380.00       7.28234
       7400.00       7.23909
       7420.00       7.22771
       7440.00       7.26420
       7460.00       7.13139
       7480.00       7.19575
       7500.00       7.03699
       7520.00       7.18425
       7540.00       7.32806
       7560.00       7.25719
       7580.00       6.39968
       7600.00       5.93607
       7620.00       7.06795
       7640.00       6.83601
       7660.00       7.05645
       7680.00       6.30674
       7700.00       6.46117
       7720.00       6.72606
       7740.00       6.56649
       7760.00       6.48731
       7780.00       6.58017
       7800.00       6.61148
       7820.00       6.54137
       7840.00       6.50242
       7860.00       6.54223
       7880.00       6.47368
       7900.00       6.24493
       7920.00       6.19103
       7940.00       6.31404
       7960.00       6.15992
       7980.00       6.19494
       8000.00       6.13248
       8020.00       6.22512
       8040.00       6.23050
       8060.00       6.14594
       8080.00       6.07924
       8100.00       5.89191
       8120.00       5.99227
       8140.00       6.11274
       8160.00       6.00401
       8180.00       5.96226
       8200.00       5.62611
       8220.00       5.96917
       8240.00       5.82438
       8260.00       5.79240
       8280.00       5.85378
       8300.00       5.70304
       8320.00       5.51270
       8340.00       5.79638
       8360.00       5.43656
       8380.00       5.53089
       8400.00       5.93073
       8420.00       5.81463
       8440.00       5.51939
       8460.00       5.49603
       8480.00       5.52897
       8500.00       5.78832
       8520.00       5.50774
       8540.00       5.33533
       8560.00       5.66544
       8580.00       5.56073
       8600.00       5.67576
       8620.00       5.50145
       8640.00       5.15319
       8660.00       4.92743
       8680.00       5.67293
       8700.00       5.86583
       8720.00       5.47991
       8740.00       5.26622
       8760.00       5.29862
       8780.00       5.98205
       8800.00       6.06987
       8820.00       5.50984
       8840.00       5.13453
       8860.00       5.25245
       8880.00       5.38798
       8900.00       5.87048
       8920.00       5.61282
       8940.00       5.85547
       8960.00       5.76227
       8980.00       5.15910
       9000.00       4.59887
       9020.00       4.83343
       9040.00       5.69866
       9060.00       5.39499
       9080.00       5.68611
       9100.00       5.74736
       9120.00       5.53903
       9140.00       5.74864
       9160.00       5.52217
       9180.00       5.36833
       9200.00       4.88985
       9220.00       4.45493
       9240.00       4.74885
       9260.00       5.08064
       9280.00       5.34085
       9300.00       5.58985
       9320.00       5.40433
       9340.00       5.67655
       9360.00       5.44934
       9380.00       5.48065
       9400.00       5.71599
       9420.00       5.13681
       9440.00       5.17356
       9460.00       5.39954
       9480.00       4.89832
       9500.00       4.90920
       9520.00       4.54786
       9540.00       3.95169
       9560.00       4.48180
       9580.00       4.95926
       9600.00       4.96571
       9620.00       5.21557
       9640.00       4.98687
       9660.00       4.92444
       9680.00       5.01132
       9700.00       4.81835
       9720.00       4.80844
       9740.00       5.14235
       9760.00       5.15657
       9780.00       5.11103
       9800.00       4.82397
       9820.00       4.89477
       9840.00       4.84323
       9860.00       4.74221
       9880.00       4.76453
       9900.00       4.37939
       9920.00       4.62694
       9940.00       4.67231
       9960.00       4.55917
       9980.00       4.51440
       10000.0       4.50135
       10020.0       4.07581
       10040.0       3.60584
       10060.0       3.83881
       10080.0       4.17537
       10100.0       4.47007
       10120.0       4.52157
       10140.0       4.38559
       10160.0       4.37168
       10180.0       4.56545
       10200.0       4.51111
       10220.0       4.51410
       10240.0       4.34342
       10260.0       4.01513
       10280.0       4.27103
       10300.0       4.22821
       10320.0       4.21482
       10340.0       4.13203
       10360.0       4.29829
       10380.0       4.03465
       10400.0       4.09980
       10420.0       4.09709
       10440.0       4.10788
       10460.0       3.63235
       10480.0       4.25932
       10500.0       3.73035
       10520.0       3.87061
       10540.0       3.94730
       10560.0       4.11331
       10580.0       3.94189
       10600.0       3.68883
       10620.0       3.61996
