       3160.00       22.8320
       3170.00       21.6387
       3180.00       20.1613
       3190.00       18.9839
       3200.00       18.9935
       3210.00       19.8010
       3220.00       18.3751
       3230.00       17.0127
       3240.00       18.0981
       3250.00       19.5029
       3260.00       17.9261
       3270.00       17.5877
       3280.00       17.2716
       3290.00       18.2861
       3300.00       19.1138
       3310.00       18.3757
       3320.00       17.5290
       3330.00       16.7802
       3340.00       16.6308
       3350.00       16.7921
       3360.00       16.7355
       3370.00       15.8342
       3380.00       16.7475
       3390.00       16.7307
       3400.00       16.5257
       3410.00       17.5908
       3420.00       16.2999
       3430.00       16.7351
       3440.00       16.8020
       3450.00       16.7981
       3460.00       17.1132
       3470.00       16.8540
       3480.00       16.0506
       3490.00       16.0109
       3500.00       15.6182
       3510.00       16.5235
       3520.00       16.8968
       3530.00       16.8114
       3540.00       17.4874
       3550.00       17.5874
       3560.00       17.0108
       3570.00       17.2105
       3580.00       16.0031
       3590.00       16.6227
       3600.00       17.3370
       3610.00       17.4357
       3620.00       18.1011
       3630.00       18.3371
       3640.00       17.8197
       3650.00       18.4181
       3660.00       18.5005
       3670.00       18.7268
       3680.00       18.1839
       3690.00       18.7090
       3700.00       18.9866
       3710.00       19.1199
       3720.00       20.4573
       3730.00       21.7993
       3740.00       21.3101
       3750.00       23.0607
       3760.00       24.0269
       3770.00       25.7200
       3780.00       30.2076
       3790.00       28.8056
       3800.00       27.9687
       3810.00       33.5856
       3820.00       33.1683
       3830.00       27.6920
       3840.00       28.7007
       3850.00       37.5317
       3860.00       42.2847
       3870.00       39.5056
       3880.00       31.9725
       3890.00       29.2626
       3900.00       34.4522
       3910.00       41.6875
       3920.00       41.4066
       3930.00       35.4195
       3940.00       37.6214
       3950.00       41.8354
       3960.00       33.5790
       3970.00       28.7897
       3980.00       36.4944
       3990.00       45.6655
       4000.00       48.8354
       4010.00       51.7142
       4020.00       51.2890
       4030.00       50.0496
       4040.00       49.7727
       4050.00       50.6038
       4060.00       48.2986
       4070.00       46.0427
       4080.00       43.1431
       4090.00       37.0621
       4100.00       32.9332
       4110.00       37.5693
       4120.00       43.2762
       4130.00       46.5071
       4140.00       48.1492
       4150.00       49.3419
       4160.00       49.3082
       4170.00       48.7346
       4180.00       48.2694
       4190.00       49.1395
       4200.00       49.2749
       4210.00       51.3184
       4220.00       48.9367
       4230.00       49.8544
       4240.00       50.0545
       4250.00       50.7315
       4260.00       52.9134
       4270.00       52.3242
       4280.00       50.3449
       4290.00       47.2067
       4300.00       44.7968
       4310.00       44.2933
       4320.00       42.5247
       4330.00       35.6707
       4340.00       31.7224
       4350.00       40.0186
       4360.00       45.4867
       4370.00       48.5452
       4380.00       46.5946
       4390.00       47.2931
       4400.00       48.2945
       4410.00       48.0949
       4420.00       50.0490
       4430.00       49.6220
       4440.00       48.1677
       4450.00       47.5634
       4460.00       46.3528
       4470.00       48.0865
       4480.00       48.0925
       4490.00       49.2195
       4500.00       50.6801
       4510.00       49.9314
       4520.00       48.4777
       4530.00       49.8084
       4540.00       49.1638
       4550.00       49.3468
       4560.00       50.0617
       4570.00       51.4980
       4580.00       52.1569
       4590.00       51.6103
       4600.00       51.7381
       4610.00       52.2006
       4620.00       50.6540
       4630.00       51.3075
       4640.00       50.8163
       4650.00       50.8020
       4660.00       49.7928
       4670.00       49.4498
       4680.00       49.7687
       4690.00       50.8865
       4700.00       48.3356
       4710.00       48.8424
       4720.00       49.5808
       4730.00       49.2893
       4740.00       50.4429
       4750.00       50.0113
       4760.00       48.4221
       4770.00       48.5520
       4780.00       48.3118
       4790.00       48.5336
       4800.00       48.0645
       4810.00       47.6433
       4820.00       46.4910
       4830.00       44.6989
       4840.00       41.6188
       4850.00       35.1465
       4860.00       29.9863
       4870.00       34.6576
       4880.00       41.1374
       4890.00       43.9022
       4900.00       46.4078
       4910.00       46.0435
       4920.00       45.2768
       4930.00       45.4537
       4940.00       45.5851
       4950.00       46.6972
       4960.00       46.4250
       4970.00       46.4649
       4980.00       44.9530
       4990.00       45.0399
       5000.00       44.1550
       5010.00       44.5075
       5020.00       43.8251
       5030.00       44.4183
       5040.00       44.9435
       5050.00       45.7725
       5060.00       46.5983
       5070.00       45.4613
       5080.00       44.1550
       5090.00       43.5911
       5100.00       43.3758
       5110.00       43.9822
       5120.00       43.3357
       5130.00       42.5497
       5140.00       42.9351
       5150.00       43.6834
       5160.00       41.9216
       5170.00       42.3871
       5180.00       41.4955
       5190.00       41.2921
       5200.00       41.1830
       5210.00       42.2566
       5220.00       42.9285
       5230.00       42.1034
       5240.00       42.3011
       5250.00       42.2206
       5260.00       40.4488
       5270.00       40.0537
       5280.00       40.8392
       5290.00       42.2769
       5300.00       41.8223
       5310.00       41.5772
       5320.00       40.1545
       5330.00       40.9656
       5340.00       40.1901
       5350.00       40.8619
       5360.00       40.7651
       5370.00       40.1629
       5380.00       41.2004
       5390.00       40.7881
       5400.00       39.6005
       5410.00       39.4171
       5420.00       39.2303
       5430.00       40.2680
       5440.00       40.5187
       5450.00       40.9953
       5460.00       40.6371
       5470.00       40.5629
       5480.00       40.0537
       5490.00       41.5009
       5500.00       39.9924
       5510.00       40.4287
       5520.00       40.7554
       5530.00       41.3204
       5540.00       42.0429
       5550.00       41.8876
       5560.00       41.3754
       5570.00       40.8652
       5580.00       39.8819
       5590.00       39.5341
       5600.00       39.2388
       5610.00       40.0228
       5620.00       39.1502
       5630.00       39.7630
       5640.00       39.5751
       5650.00       40.0521
       5660.00       38.7487
       5670.00       38.3961
       5680.00       39.1798
       5690.00       39.5765
       5700.00       39.0036
       5710.00       38.7806
       5720.00       38.2265
       5730.00       38.8379
       5740.00       38.8472
       5760.00       38.1910
       5780.00       38.2346
       5800.00       38.1408
       5820.00       39.0718
       5840.00       38.2576
       5860.00       38.7675
       5880.00       36.8596
       5900.00       37.0603
       5920.00       37.1961
       5940.00       38.0967
       5960.00       38.2281
       5980.00       37.2511
       6000.00       36.9430
       6020.00       36.7836
       6040.00       36.8446
       6060.00       36.3769
       6080.00       35.6980
       6100.00       36.3374
       6120.00       35.3492
       6140.00       34.3603
       6160.00       34.3312
       6180.00       35.0418
       6200.00       34.5014
       6220.00       34.8129
       6240.00       33.3462
       6260.00       33.1374
       6280.00       33.1795
       6300.00       33.9433
       6320.00       34.2690
       6340.00       34.0425
       6360.00       34.0431
       6380.00       33.8533
       6400.00       34.5996
       6420.00       33.7799
       6440.00       33.0580
       6460.00       33.1641
       6480.00       32.8505
       6500.00       32.9260
       6520.00       31.9582
       6540.00       28.5387
       6560.00       27.5127
       6580.00       31.2876
       6600.00       31.9990
       6620.00       32.6193
       6640.00       32.4280
       6660.00       32.6455
       6680.00       32.7725
       6700.00       32.2134
       6720.00       31.7824
       6740.00       31.5112
       6760.00       32.0516
       6780.00       31.8300
       6800.00       31.0059
       6820.00       31.9703
       6840.00       32.8580
       6860.00       31.2142
       6880.00       30.6068
       6900.00       32.1243
       6920.00       31.8082
       6940.00       31.6370
       6960.00       30.8482
       6980.00       30.2253
       7000.00       30.6183
       7020.00       30.8833
       7040.00       31.6737
       7060.00       30.6052
       7080.00       30.9490
       7100.00       30.5509
       7120.00       30.7628
       7140.00       29.9747
       7160.00       30.2394
       7180.00       30.6594
       7200.00       29.5838
       7220.00       29.5600
       7240.00       28.8746
       7260.00       29.3333
       7280.00       28.9373
       7300.00       29.5354
       7320.00       28.3720
       7340.00       28.0901
       7360.00       28.1908
       7380.00       28.4584
       7400.00       28.7306
       7420.00       28.1176
       7440.00       28.0806
       7460.00       27.8070
       7480.00       28.0337
       7500.00       27.6145
       7520.00       27.4559
       7540.00       28.2381
       7560.00       28.0992
       7580.00       27.8211
       7600.00       24.4828
       7620.00       30.9722
       7640.00       28.2846
       7660.00       27.6891
       7680.00       23.5694
       7700.00       24.5806
       7720.00       25.3548
       7740.00       25.9025
       7760.00       26.0776
       7780.00       25.1706
       7800.00       25.4797
       7820.00       25.4230
       7840.00       25.6426
       7860.00       25.3554
       7880.00       24.6074
       7900.00       25.1208
       7920.00       25.0741
       7940.00       24.8552
       7960.00       24.9065
       7980.00       24.8192
       8000.00       24.6109
       8020.00       25.1111
       8040.00       24.1589
       8060.00       24.2743
       8080.00       24.1541
       8100.00       24.2989
       8120.00       25.2369
       8140.00       24.7273
       8160.00       23.6170
       8180.00       23.6699
       8200.00       24.0941
       8220.00       22.7839
       8240.00       23.5484
       8260.00       23.6598
       8280.00       24.2399
       8300.00       22.9952
       8320.00       22.3986
       8340.00       23.1972
       8360.00       22.7615
       8380.00       23.4053
       8400.00       22.2326
       8420.00       22.7199
       8440.00       22.2658
       8460.00       22.3854
       8480.00       22.2597
       8500.00       22.4905
       8520.00       21.9039
       8540.00       21.9999
       8560.00       23.3284
       8580.00       23.2894
       8600.00       22.5986
       8620.00       22.7793
       8640.00       22.0570
       8660.00       20.7391
       8680.00       21.9198
       8700.00       23.1585
       8720.00       22.6750
       8740.00       22.2998
       8760.00       21.8406
       8780.00       23.0406
       8800.00       22.7800
       8820.00       22.7784
       8840.00       21.7278
       8860.00       20.6198
       8880.00       21.6548
       8900.00       22.6530
       8920.00       22.9685
       8940.00       23.6530
       8960.00       22.8881
       8980.00       22.0554
       9000.00       19.6343
       9020.00       20.5233
       9040.00       22.5537
       9060.00       21.4585
       9080.00       21.0295
       9100.00       22.7786
       9120.00       21.9468
       9140.00       21.8432
       9160.00       21.4147
       9180.00       21.6326
       9200.00       21.6455
       9220.00       19.0053
       9240.00       19.7479
       9260.00       20.8329
       9280.00       24.6469
       9300.00       24.7125
       9320.00       23.6883
       9340.00       27.1832
       9360.00       23.6814
       9380.00       22.5482
       9400.00       24.1913
       9420.00       21.2150
       9440.00       20.9502
       9460.00       22.4322
       9480.00       21.4906
       9500.00       20.3113
       9520.00       20.9968
       9540.00       20.0340
       9560.00       20.9413
       9580.00       20.4390
       9600.00       19.7157
       9620.00       19.6035
       9640.00       20.0003
       9660.00       19.7212
       9680.00       19.6417
       9700.00       19.4032
       9720.00       19.6880
       9740.00       19.2396
       9760.00       19.1187
       9780.00       19.6101
       9800.00       19.0993
       9820.00       19.6809
       9840.00       18.5684
       9860.00       18.9987
       9880.00       19.5681
       9900.00       19.2253
       9920.00       19.7941
       9940.00       18.9480
       9960.00       19.1183
       9980.00       19.4804
       10000.0       18.2161
       10020.0       17.9418
       10040.0       15.5290
       10060.0       17.1199
       10080.0       17.5656
       10100.0       17.6336
       10120.0       17.5922
       10140.0       17.9015
       10160.0       18.1314
       10180.0       18.0567
       10200.0       17.4217
       10220.0       17.8283
       10240.0       17.3968
       10260.0       17.4597
       10280.0       17.9519
       10300.0       17.4884
       10320.0       17.6128
       10340.0       17.1666
       10360.0       17.4340
       10380.0       17.4153
       10400.0       17.2374
       10420.0       17.1916
       10440.0       16.3678
       10460.0       16.6573
       10480.0       16.4760
       10500.0       16.9261
       10520.0       16.4091
       10540.0       16.4597
       10560.0       16.2633
       10580.0       15.7568
       10600.0       15.4980
       10620.0       15.5478
