       3160.00      0.585633
       3170.00      0.587119
       3180.00      0.581950
       3190.00      0.573247
       3200.00      0.578821
       3210.00      0.585879
       3220.00      0.537870
       3230.00      0.528153
       3240.00      0.501689
       3250.00      0.511399
       3260.00      0.573154
       3270.00      0.557980
       3280.00      0.542650
       3290.00      0.552611
       3300.00      0.585170
       3310.00      0.573090
       3320.00      0.570629
       3330.00      0.574529
       3340.00      0.567942
       3350.00      0.585898
       3360.00      0.578833
       3370.00      0.569157
       3380.00      0.558095
       3390.00      0.579464
       3400.00      0.577521
       3410.00      0.589174
       3420.00      0.600047
       3430.00      0.611566
       3440.00      0.595613
       3450.00      0.613910
       3460.00      0.626230
       3470.00      0.614354
       3480.00      0.617726
       3490.00      0.611532
       3500.00      0.614661
       3510.00      0.645095
       3520.00      0.643724
       3530.00      0.636145
       3540.00      0.653403
       3550.00      0.665070
       3560.00      0.657723
       3570.00      0.641310
       3580.00      0.638838
       3590.00      0.648378
       3600.00      0.659671
       3610.00      0.646362
       3620.00      0.647046
       3630.00      0.646607
       3640.00      0.647510
       3650.00      0.660654
       3660.00      0.657517
       3670.00      0.667684
       3680.00      0.658140
       3690.00      0.663625
       3700.00      0.689508
       3710.00      0.732558
       3720.00      0.775158
       3730.00      0.804892
       3740.00      0.898791
       3750.00      0.921101
       3760.00      0.984794
       3770.00      0.971619
       3780.00       1.12407
       3790.00       1.21031
       3800.00       1.05784
       3810.00       1.24108
       3820.00       1.39293
       3830.00       1.12425
       3840.00       1.01804
       3850.00       1.32381
       3860.00       1.55283
       3870.00       1.57528
       3880.00       1.36280
       3890.00       1.06032
       3900.00       1.20431
       3910.00       1.57351
       3920.00       1.73308
       3930.00       1.60231
       3940.00       1.57576
       3950.00       1.72670
       3960.00       1.51567
       3970.00       1.13292
       3980.00       1.32917
       3990.00       1.77947
       4000.00       1.91684
       4010.00       1.91165
       4020.00       1.93823
       4030.00       1.91830
       4040.00       1.89927
       4050.00       1.90742
       4060.00       1.91574
       4070.00       1.84653
       4080.00       1.78264
       4090.00       1.61931
       4100.00       1.26787
       4110.00       1.31442
       4120.00       1.69491
       4130.00       1.83997
       4140.00       1.85614
       4150.00       1.89162
       4160.00       1.86910
       4170.00       1.82681
       4180.00       1.80824
       4190.00       1.84330
       4200.00       1.84414
       4210.00       1.84092
       4220.00       1.86275
       4230.00       1.83990
       4240.00       1.85281
       4250.00       1.86050
       4260.00       1.86357
       4270.00       1.83808
       4280.00       1.82011
       4290.00       1.79257
       4300.00       1.71317
       4310.00       1.68770
       4320.00       1.63563
       4330.00       1.28236
       4340.00       1.10431
       4350.00       1.12587
       4360.00       1.63517
       4370.00       1.75417
       4380.00       1.76111
       4390.00       1.75951
       4400.00       1.74775
       4410.00       1.75282
       4420.00       1.75823
       4430.00       1.76876
       4440.00       1.75379
       4450.00       1.74309
       4460.00       1.73991
       4470.00       1.74547
       4480.00       1.73686
       4490.00       1.71815
       4500.00       1.73492
       4510.00       1.75558
       4520.00       1.75440
       4530.00       1.72307
       4540.00       1.75580
       4550.00       1.72765
       4560.00       1.72635
       4570.00       1.74854
       4580.00       1.74011
       4590.00       1.73100
       4600.00       1.74721
       4610.00       1.76175
       4620.00       1.73472
       4630.00       1.74063
       4640.00       1.75159
       4650.00       1.72824
       4660.00       1.72733
       4670.00       1.73477
       4680.00       1.75225
       4690.00       1.75544
       4700.00       1.75344
       4710.00       1.75661
       4720.00       1.76322
       4730.00       1.75606
       4740.00       1.75407
       4750.00       1.75038
       4760.00       1.72450
       4770.00       1.71407
       4780.00       1.71559
       4790.00       1.73237
       4800.00       1.72876
       4810.00       1.69644
       4820.00       1.68297
       4830.00       1.67343
       4840.00       1.62094
       4850.00       1.44868
       4860.00       1.19034
       4870.00       1.24831
       4880.00       1.55686
       4890.00       1.62015
       4900.00       1.65500
       4910.00       1.66354
       4920.00       1.62184
       4930.00       1.61871
       4940.00       1.61626
       4950.00       1.63270
       4960.00       1.62531
       4970.00       1.62122
       4980.00       1.61552
       4990.00       1.62270
       5000.00       1.62710
       5010.00       1.60341
       5020.00       1.59811
       5030.00       1.59057
       5040.00       1.60112
       5050.00       1.55756
       5060.00       1.58130
       5070.00       1.57931
       5080.00       1.58052
       5090.00       1.59561
       5100.00       1.55902
       5110.00       1.58301
       5120.00       1.57499
       5130.00       1.54800
       5140.00       1.54657
       5150.00       1.56172
       5160.00       1.56184
       5170.00       1.52439
       5180.00       1.53165
       5190.00       1.54013
       5200.00       1.53889
       5210.00       1.53905
       5220.00       1.54249
       5230.00       1.51732
       5240.00       1.50449
       5250.00       1.52980
       5260.00       1.50464
       5270.00       1.46740
       5280.00       1.48971
       5290.00       1.50917
       5300.00       1.49758
       5310.00       1.50119
       5320.00       1.48844
       5330.00       1.46796
       5340.00       1.49245
       5350.00       1.50440
       5360.00       1.49871
       5370.00       1.49895
       5380.00       1.50386
       5390.00       1.51088
       5400.00       1.48806
       5410.00       1.48531
       5420.00       1.50701
       5430.00       1.50124
       5440.00       1.49848
       5450.00       1.49424
       5460.00       1.48853
       5470.00       1.49769
       5480.00       1.50831
       5490.00       1.49372
       5500.00       1.51612
       5510.00       1.50010
       5520.00       1.49738
       5530.00       1.50643
       5540.00       1.49784
       5550.00       1.50246
       5560.00       1.49391
       5570.00       1.49123
       5580.00       1.47400
       5590.00       1.47717
       5600.00       1.47889
       5610.00       1.46177
       5620.00       1.47073
       5630.00       1.46812
       5640.00       1.47849
       5650.00       1.47156
       5660.00       1.47470
       5670.00       1.46923
       5680.00       1.48095
       5690.00       1.47407
       5700.00       1.46863
       5710.00       1.47033
       5720.00       1.44929
       5730.00       1.47229
       5740.00       1.46689
       5760.00       1.45897
       5780.00       1.45111
       5800.00       1.44191
       5820.00       1.43276
       5840.00       1.42368
       5860.00       1.41466
       5880.00       1.40708
       5900.00       1.39818
       5920.00       1.38934
       5940.00       1.38056
       5960.00       1.37183
       5980.00       1.36453
       6000.00       1.35998
       6020.00       1.35006
       6040.00       1.34546
       6060.00       1.33686
       6080.00       1.30907
       6100.00       1.33076
       6120.00       1.32800
       6140.00       1.29230
       6160.00       1.28455
       6180.00       1.29025
       6200.00       1.30628
       6220.00       1.30495
       6240.00       1.29334
       6260.00       1.29960
       6280.00       1.28381
       6300.00       1.28928
       6320.00       1.29112
       6340.00       1.28576
       6360.00       1.26920
       6380.00       1.27516
       6400.00       1.28641
       6420.00       1.26405
       6440.00       1.24864
       6460.00       1.25194
       6480.00       1.23967
       6500.00       1.22836
       6520.00       1.22309
       6540.00       1.19997
       6560.00       1.07774
       6580.00       1.08324
       6600.00       1.21184
       6620.00       1.23752
       6640.00       1.23624
       6660.00       1.23619
       6680.00       1.22762
       6700.00       1.25671
       6720.00       1.24087
       6740.00       1.24202
       6760.00       1.27681
       6780.00       1.27425
       6800.00       1.24898
       6820.00       1.25486
       6840.00       1.30228
       6860.00       1.24754
       6880.00       1.20139
       6900.00       1.19908
       6920.00       1.23555
       6940.00       1.23433
       6960.00       1.23195
       6980.00       1.21561
       7000.00       1.20749
       7020.00       1.21679
       7040.00       1.22257
       7060.00       1.16730
       7080.00       1.16515
       7100.00       1.16072
       7120.00       1.13772
       7140.00       1.13123
       7160.00       1.16235
       7180.00       1.17722
       7200.00       1.11458
       7220.00       1.09832
       7240.00       1.09787
       7260.00       1.08902
       7280.00       1.10121
       7300.00       1.09731
       7320.00       1.08987
       7340.00       1.07737
       7360.00       1.09675
       7380.00       1.10898
       7400.00       1.10598
       7420.00       1.09095
       7440.00       1.07502
       7460.00       1.08303
       7480.00       1.06275
       7500.00       1.06490
       7520.00       1.03624
       7540.00       1.02562
       7560.00       1.00840
       7580.00       1.10223
       7600.00      0.995816
       7620.00      0.944566
       7640.00       1.01135
       7660.00       1.00001
       7680.00      0.950838
       7700.00       1.02943
       7720.00       1.03877
       7740.00       1.04270
       7760.00       1.03268
       7780.00       1.01613
       7800.00       1.00081
       7820.00       1.02320
       7840.00       0.00000
       7860.00       0.00000
       7880.00       0.00000
       7900.00       0.00000
       7920.00       0.00000
       7940.00       0.00000
       7960.00       0.00000
       7980.00       0.00000
       8000.00       0.00000
       8020.00       0.00000
       8040.00       0.00000
       8060.00       0.00000
       8080.00       0.00000
       8100.00       0.00000
       8120.00       0.00000
       8140.00      0.987065
       8160.00      0.968710
       8180.00      0.957797
       8200.00      0.970130
       8220.00      0.945523
       8240.00      0.952894
       8260.00      0.962591
       8280.00      0.936708
       8300.00      0.935234
       8320.00      0.909444
       8340.00      0.909797
       8360.00      0.952049
       8380.00      0.939399
       8400.00      0.944516
       8420.00      0.956172
       8440.00      0.931277
       8460.00      0.941083
       8480.00      0.957170
       8500.00      0.934551
       8520.00      0.933884
       8540.00      0.929888
       8560.00      0.958953
       8580.00      0.938436
       8600.00      0.926898
       8620.00      0.939833
       8640.00      0.952896
       8660.00      0.880777
       8680.00      0.877811
       8700.00      0.936982
       8720.00      0.987959
       8740.00      0.902100
       8760.00      0.887979
       8780.00      0.951587
       8800.00      0.959583
       8820.00      0.964779
       8840.00      0.923982
       8860.00      0.851172
       8880.00      0.850994
       8900.00      0.918666
       8920.00      0.920251
       8940.00      0.933647
       8960.00      0.938819
       8980.00      0.935823
       9000.00      0.838744
       9020.00      0.811475
       9040.00      0.887267
       9060.00      0.904237
       9080.00      0.851404
       9100.00      0.861947
       9120.00      0.866206
       9140.00      0.876137
       9160.00      0.857898
       9180.00      0.892417
       9200.00      0.893127
       9220.00      0.831600
       9240.00      0.761105
       9260.00      0.813351
       9280.00      0.876669
       9300.00      0.916732
       9320.00      0.904300
       9340.00      0.954574
       9360.00      0.845124
       9380.00      0.838384
       9400.00      0.896604
       9420.00      0.888661
       9440.00      0.862671
       9460.00      0.879749
       9480.00      0.853373
       9500.00      0.888021
       9520.00      0.859691
       9540.00      0.754806
       9560.00      0.770229
       9580.00      0.820881
       9600.00      0.804863
       9620.00      0.825494
       9640.00      0.779603
       9660.00      0.789011
       9680.00      0.747331
       9700.00      0.766570
       9720.00      0.775946
       9740.00      0.783198
       9760.00      0.782925
       9780.00      0.782404
       9800.00      0.799218
       9820.00      0.758113
       9840.00      0.777138
       9860.00      0.761549
       9880.00      0.775637
       9900.00      0.774234
       9920.00      0.778244
       9940.00      0.770710
       9960.00      0.771610
       9980.00      0.768761
       10000.0      0.783803
       10020.0      0.770883
       10040.0      0.692931
       10060.0      0.683636
       10080.0      0.732188
       10100.0      0.732509
       10120.0      0.728491
       10140.0      0.772500
       10160.0      0.766500
       10180.0      0.766351
       10200.0      0.745885
       10220.0      0.732815
       10240.0      0.739241
       10260.0      0.742790
       10280.0      0.745298
       10300.0      0.728464
       10320.0      0.719571
       10340.0      0.731384
       10360.0      0.740328
       10380.0      0.743521
       10400.0      0.748186
       10420.0      0.735753
       10440.0      0.704138
       10460.0      0.689272
       10480.0      0.688732
       10500.0      0.707622
       10520.0      0.715780
       10540.0      0.700310
       10560.0      0.720149
       10580.0      0.707188
       10600.0      0.700563
       10620.0      0.697560
