       3160.00      0.121145
       3170.00      0.128573
       3180.00      0.132002
       3190.00      0.127061
       3200.00      0.140380
       3210.00      0.128957
       3220.00      0.126635
       3230.00      0.117532
       3240.00      0.122785
       3250.00      0.132622
       3260.00      0.140558
       3270.00      0.150453
       3280.00      0.145190
       3290.00      0.154099
       3300.00      0.158918
       3310.00      0.153111
       3320.00      0.152537
       3330.00      0.149431
       3340.00      0.150725
       3350.00      0.154306
       3360.00      0.146590
       3370.00      0.142482
       3380.00      0.143669
       3390.00      0.153205
       3400.00      0.161360
       3410.00      0.159402
       3420.00      0.156632
       3430.00      0.160769
       3440.00      0.151251
       3450.00      0.150758
       3460.00      0.157857
       3470.00      0.156321
       3480.00      0.155063
       3490.00      0.149084
       3500.00      0.158465
       3510.00      0.172388
       3520.00      0.162307
       3530.00      0.164663
       3540.00      0.179987
       3550.00      0.182439
       3560.00      0.174919
       3570.00      0.162082
       3580.00      0.145860
       3590.00      0.158201
       3600.00      0.171777
       3610.00      0.159559
       3620.00      0.163937
       3630.00      0.165655
       3640.00      0.164427
       3650.00      0.176156
       3660.00      0.186334
       3670.00      0.186950
       3680.00      0.178848
       3690.00      0.185378
       3700.00      0.184421
       3710.00      0.186249
       3720.00      0.184488
       3730.00      0.172780
       3740.00      0.171215
       3750.00      0.183462
       3760.00      0.189559
       3770.00      0.198609
       3780.00      0.217485
       3790.00      0.204984
       3800.00      0.196300
       3810.00      0.219218
       3820.00      0.195469
       3830.00      0.154801
       3840.00      0.167782
       3850.00      0.206953
       3860.00      0.219294
       3870.00      0.217952
       3880.00      0.194863
       3890.00      0.190601
       3900.00      0.211322
       3910.00      0.233327
       3920.00      0.227517
       3930.00      0.156064
       3940.00      0.163904
       3950.00      0.235428
       3960.00      0.199547
       3970.00      0.167201
       3980.00      0.247509
       3990.00      0.293897
       4000.00      0.308589
       4010.00      0.312731
       4020.00      0.323571
       4030.00      0.315880
       4040.00      0.309573
       4050.00      0.305521
       4060.00      0.305045
       4070.00      0.298950
       4080.00      0.304607
       4090.00      0.297947
       4100.00      0.275170
       4110.00      0.296040
       4120.00      0.330513
       4130.00      0.329667
       4140.00      0.329822
       4150.00      0.323740
       4160.00      0.325982
       4170.00      0.318678
       4180.00      0.310198
       4190.00      0.319888
       4200.00      0.320153
       4210.00      0.328303
       4220.00      0.321659
       4230.00      0.314203
       4240.00      0.321867
       4250.00      0.331171
       4260.00      0.330878
       4270.00      0.327248
       4280.00      0.315615
       4290.00      0.299665
       4300.00      0.283919
       4310.00      0.303714
       4320.00      0.334402
       4330.00      0.309892
       4340.00      0.299670
       4350.00      0.322523
       4360.00      0.353661
       4370.00      0.353066
       4380.00      0.334360
       4390.00      0.324925
       4400.00      0.331221
       4410.00      0.340082
       4420.00      0.345550
       4430.00      0.344050
       4440.00      0.345345
       4450.00      0.332346
       4460.00      0.325335
       4470.00      0.345336
       4480.00      0.348458
       4490.00      0.347933
       4500.00      0.361081
       4510.00      0.364564
       4520.00      0.343922
       4530.00      0.338360
       4540.00      0.343068
       4550.00      0.347220
       4560.00      0.352834
       4570.00      0.355427
       4580.00      0.354651
       4590.00      0.346155
       4600.00      0.353884
       4610.00      0.358731
       4620.00      0.366683
       4630.00      0.364190
       4640.00      0.356209
       4650.00      0.357783
       4660.00      0.352708
       4670.00      0.349704
       4680.00      0.362583
       4690.00      0.362650
       4700.00      0.350744
       4710.00      0.357247
       4720.00      0.367061
       4730.00      0.362518
       4740.00      0.364681
       4750.00      0.366006
       4760.00      0.359681
       4770.00      0.367578
       4780.00      0.372224
       4790.00      0.369606
       4800.00      0.372236
       4810.00      0.373100
       4820.00      0.371976
       4830.00      0.362507
       4840.00      0.357611
       4850.00      0.324853
       4860.00      0.297478
       4870.00      0.326561
       4880.00      0.352220
       4890.00      0.356870
       4900.00      0.362343
       4910.00      0.350641
       4920.00      0.347298
       4930.00      0.348838
       4940.00      0.350904
       4950.00      0.356485
       4960.00      0.351871
       4970.00      0.357541
       4980.00      0.349629
       4990.00      0.349154
       5000.00      0.344217
       5010.00      0.338101
       5020.00      0.337204
       5030.00      0.342873
       5040.00      0.343532
       5050.00      0.345117
       5060.00      0.348216
       5070.00      0.339649
       5080.00      0.342673
       5090.00      0.346311
       5100.00      0.340741
       5110.00      0.346571
       5120.00      0.342011
       5130.00      0.334799
       5140.00      0.333856
       5150.00      0.339909
       5160.00      0.325947
       5170.00      0.314178
       5180.00      0.319655
       5190.00      0.322834
       5200.00      0.329788
       5210.00      0.335851
       5220.00      0.331470
       5230.00      0.332737
       5240.00      0.338331
       5250.00      0.341616
       5260.00      0.325384
       5270.00      0.321919
       5280.00      0.340137
       5290.00      0.346656
       5300.00      0.344657
       5310.00      0.350402
       5320.00      0.335817
       5330.00      0.335327
       5340.00      0.339687
       5350.00      0.346800
       5360.00      0.345733
       5370.00      0.341352
       5380.00      0.344971
       5390.00      0.341617
       5400.00      0.333308
       5410.00      0.335257
       5420.00      0.350211
       5430.00      0.342416
       5440.00      0.351682
       5450.00      0.353790
       5460.00      0.349020
       5470.00      0.346324
       5480.00      0.343296
       5490.00      0.344379
       5500.00      0.346140
       5510.00      0.347214
       5520.00      0.348284
       5530.00      0.345958
       5540.00      0.350412
       5550.00      0.352147
       5560.00      0.349827
       5570.00      0.342464
       5580.00      0.341178
       5590.00      0.338219
       5600.00      0.338285
       5610.00      0.341694
       5620.00      0.343422
       5630.00      0.346810
       5640.00      0.346195
       5650.00      0.343590
       5660.00      0.337681
       5670.00      0.342709
       5680.00      0.343096
       5690.00      0.342823
       5700.00      0.342551
       5710.00      0.340637
       5720.00      0.342665
       5730.00      0.354833
       5740.00      0.354214
       5760.00      0.353636
       5780.00      0.352737
       5800.00      0.351520
       5820.00      0.350635
       5840.00      0.349755
       5860.00      0.348881
       5880.00      0.348014
       5900.00      0.347152
       5920.00      0.345979
       5940.00      0.345130
       5960.00      0.344287
       5980.00      0.343449
       6000.00      0.336990
       6020.00      0.335558
       6040.00      0.335379
       6060.00      0.335820
       6080.00      0.336874
       6100.00      0.336077
       6120.00      0.331301
       6140.00      0.323196
       6160.00      0.323365
       6180.00      0.322925
       6200.00      0.326421
       6220.00      0.322356
       6240.00      0.318919
       6260.00      0.321195
       6280.00      0.321069
       6300.00      0.319752
       6320.00      0.322598
       6340.00      0.323651
       6360.00      0.322633
       6380.00      0.317800
       6400.00      0.313290
       6420.00      0.310561
       6440.00      0.312509
       6460.00      0.312703
       6480.00      0.307396
       6500.00      0.308182
       6520.00      0.310113
       6540.00      0.299414
       6560.00      0.279916
       6580.00      0.289612
       6600.00      0.307775
       6620.00      0.308545
       6640.00      0.306768
       6660.00      0.302468
       6680.00      0.301562
       6700.00      0.304021
       6720.00      0.302000
       6740.00      0.303052
       6760.00      0.301045
       6780.00      0.301817
       6800.00      0.302585
       6820.00      0.303072
       6840.00      0.309590
       6860.00      0.292556
       6880.00      0.282164
       6900.00      0.294122
       6920.00      0.295711
       6940.00      0.293237
       6960.00      0.291317
       6980.00      0.288064
       7000.00      0.287776
       7020.00      0.284552
       7040.00      0.290937
       7060.00      0.295958
       7080.00      0.293267
       7100.00      0.292705
       7120.00      0.292410
       7140.00      0.290540
       7160.00      0.296801
       7180.00      0.293624
       7200.00      0.286556
       7220.00      0.286022
       7240.00      0.283677
       7260.00      0.282896
       7280.00      0.281346
       7300.00      0.281603
       7320.00      0.281089
       7340.00      0.278535
       7360.00      0.280071
       7380.00      0.278296
       7400.00      0.277037
       7420.00      0.275784
       7440.00      0.277816
       7460.00      0.277071
       7480.00      0.273572
       7500.00      0.270092
       7520.00      0.264635
       7540.00      0.263186
       7560.00      0.257528
       7580.00      0.245614
       7600.00      0.222214
       7620.00      0.243119
       7640.00      0.251149
       7660.00      0.271306
       7680.00      0.251062
       7700.00      0.260397
       7720.00      0.262152
       7740.00      0.262444
       7760.00      0.259109
       7780.00      0.264952
       7800.00      0.268841
       7820.00      0.265755
       7840.00      0.268666
       7860.00      0.267744
       7880.00      0.264684
       7900.00      0.265201
       7920.00      0.260268
       7940.00      0.258195
       7960.00      0.262731
       7980.00      0.260427
       8000.00      0.257666
       8020.00      0.256322
       8040.00      0.260116
       8060.00      0.255515
       8080.00      0.255811
       8100.00      0.252169
       8120.00      0.263328
       8140.00      0.265446
       8160.00      0.255831
       8180.00      0.250161
       8200.00      0.257557
       8220.00      0.249857
       8240.00      0.252892
       8260.00      0.253643
       8280.00      0.255295
       8300.00      0.250160
       8320.00      0.247530
       8340.00      0.243338
       8360.00      0.250833
       8380.00      0.250458
       8400.00      0.245842
       8420.00      0.249045
       8440.00      0.254233
       8460.00      0.244986
       8480.00      0.241311
       8500.00      0.240082
       8520.00      0.232473
       8540.00      0.229952
       8560.00      0.228319
       8580.00      0.245494
       8600.00      0.234673
       8620.00      0.240003
       8640.00      0.229027
       8660.00      0.223734
       8680.00      0.237048
       8700.00      0.231113
       8720.00      0.237251
       8740.00      0.238639
       8760.00      0.234669
       8780.00      0.236057
       8800.00      0.229552
       8820.00      0.237751
       8840.00      0.227877
       8860.00      0.225669
       8880.00      0.235088
       8900.00      0.223180
       8920.00      0.230459
       8940.00      0.220922
       8960.00      0.231105
       8980.00      0.228293
       9000.00      0.214656
       9020.00      0.228944
       9040.00      0.228438
       9060.00      0.226277
       9080.00      0.212765
       9100.00      0.218893
       9120.00      0.217385
       9140.00      0.218961
       9160.00      0.219097
       9180.00      0.219846
       9200.00      0.223649
       9220.00      0.208110
       9240.00      0.213953
       9260.00      0.209439
       9280.00      0.213435
       9300.00      0.215396
       9320.00      0.210506
       9340.00      0.238170
       9360.00      0.221630
       9380.00      0.223757
       9400.00      0.236450
       9420.00      0.210263
       9440.00      0.203062
       9460.00      0.226623
       9480.00      0.216648
       9500.00      0.211453
       9520.00      0.219678
       9540.00      0.216268
       9560.00      0.209734
       9580.00      0.215170
       9600.00      0.208274
       9620.00      0.211155
       9640.00      0.209550
       9660.00      0.217659
       9680.00      0.212947
       9700.00      0.212314
       9720.00      0.201071
       9740.00      0.205665
       9760.00      0.206781
       9780.00      0.211345
       9800.00      0.206512
       9820.00      0.207237
       9840.00      0.209294
       9860.00      0.201070
       9880.00      0.194778
       9900.00      0.206320
       9920.00      0.209686
       9940.00      0.205112
       9960.00      0.204512
       9980.00      0.204666
       10000.0      0.204632
       10020.0      0.211337
       10040.0      0.188124
       10060.0      0.200615
       10080.0      0.200775
       10100.0      0.199820
       10120.0      0.199055
       10140.0      0.193298
       10160.0      0.194764
       10180.0      0.194565
       10200.0      0.194551
       10220.0      0.190867
       10240.0      0.196173
       10260.0      0.185918
       10280.0      0.194132
       10300.0      0.190842
       10320.0      0.192289
       10340.0      0.195182
       10360.0      0.197159
       10380.0      0.194611
       10400.0      0.193155
       10420.0      0.198004
       10440.0      0.201218
       10460.0      0.187564
       10480.0      0.185595
       10500.0      0.184170
       10520.0      0.179719
       10540.0      0.177954
       10560.0      0.185788
       10580.0      0.180473
       10600.0      0.189333
       10620.0      0.175572
