       3160.00       6.83971
       3170.00       7.30628
       3180.00       6.46328
       3190.00       6.24540
       3200.00       6.72511
       3210.00       6.80682
       3220.00       6.01812
       3230.00       5.79766
       3240.00       5.62720
       3250.00       5.98241
       3260.00       6.50684
       3270.00       6.69507
       3280.00       5.98885
       3290.00       6.43009
       3300.00       6.40409
       3310.00       5.86315
       3320.00       6.10442
       3330.00       6.11621
       3340.00       6.12364
       3350.00       6.05189
       3360.00       5.79935
       3370.00       5.73537
       3380.00       5.96215
       3390.00       6.15166
       3400.00       6.07878
       3410.00       6.02734
       3420.00       6.23176
       3430.00       6.17808
       3440.00       5.99769
       3450.00       5.74358
       3460.00       5.89676
       3470.00       5.74764
       3480.00       5.71671
       3490.00       5.75781
       3500.00       5.95013
       3510.00       6.29240
       3520.00       5.69856
       3530.00       6.11874
       3540.00       6.42930
       3550.00       6.51411
       3560.00       6.20201
       3570.00       5.99601
       3580.00       5.76514
       3590.00       5.95661
       3600.00       5.87639
       3610.00       5.81844
       3620.00       5.96464
       3630.00       6.07254
       3640.00       6.18772
       3650.00       6.62219
       3660.00       6.67261
       3670.00       6.67785
       3680.00       6.57405
       3690.00       6.88628
       3700.00       6.85798
       3710.00       6.93219
       3720.00       7.12539
       3730.00       7.00257
       3740.00       6.85359
       3750.00       7.38742
       3760.00       7.62689
       3770.00       8.09312
       3780.00       8.90750
       3790.00       8.61937
       3800.00       8.65701
       3810.00       9.90160
       3820.00       9.52874
       3830.00       7.95698
       3840.00       8.51460
       3850.00       10.7217
       3860.00       11.4270
       3870.00       11.3900
       3880.00       9.62511
       3890.00       8.39042
       3900.00       10.1727
       3910.00       11.0775
       3920.00       10.3493
       3930.00       8.53288
       3940.00       9.16761
       3950.00       10.4484
       3960.00       9.05257
       3970.00       8.28089
       3980.00       11.4028
       3990.00       13.3385
       4000.00       13.8371
       4010.00       14.0920
       4020.00       14.2155
       4030.00       14.4789
       4040.00       14.0742
       4050.00       13.8838
       4060.00       13.7543
       4070.00       13.1555
       4080.00       12.7194
       4090.00       11.5358
       4100.00       10.5746
       4110.00       11.5006
       4120.00       13.0550
       4130.00       13.7693
       4140.00       14.6081
       4150.00       14.5643
       4160.00       14.3502
       4170.00       14.1766
       4180.00       14.1376
       4190.00       14.5005
       4200.00       14.5837
       4210.00       14.4673
       4220.00       14.4025
       4230.00       14.2719
       4240.00       14.3194
       4250.00       14.5351
       4260.00       14.5447
       4270.00       14.4134
       4280.00       14.3010
       4290.00       14.0105
       4300.00       13.1982
       4310.00       13.4169
       4320.00       13.3477
       4330.00       11.7981
       4340.00       10.6600
       4350.00       12.6348
       4360.00       14.5200
       4370.00       14.5590
       4380.00       14.5486
       4390.00       14.3376
       4400.00       14.2708
       4410.00       14.4139
       4420.00       14.4477
       4430.00       14.3763
       4440.00       14.3197
       4450.00       14.2859
       4460.00       13.9921
       4470.00       14.4688
       4480.00       14.3102
       4490.00       14.5767
       4500.00       14.9805
       4510.00       15.1141
       4520.00       14.2723
       4530.00       14.1396
       4540.00       14.4162
       4550.00       14.1830
       4560.00       14.2760
       4570.00       14.6021
       4580.00       14.4217
       4590.00       14.2466
       4600.00       14.5957
       4610.00       15.0022
       4620.00       15.0333
       4630.00       15.3196
       4640.00       15.0813
       4650.00       14.8254
       4660.00       14.5999
       4670.00       14.7205
       4680.00       15.0059
       4690.00       14.7784
       4700.00       14.7378
       4710.00       14.6214
       4720.00       14.5236
       4730.00       14.6383
       4740.00       14.7495
       4750.00       14.5978
       4760.00       14.4753
       4770.00       14.7363
       4780.00       14.8419
       4790.00       14.6419
       4800.00       14.7621
       4810.00       14.7076
       4820.00       14.3575
       4830.00       14.3352
       4840.00       13.6395
       4850.00       11.8271
       4860.00       10.6692
       4870.00       11.5814
       4880.00       12.6205
       4890.00       13.4957
       4900.00       13.9345
       4910.00       13.6785
       4920.00       13.6274
       4930.00       13.9529
       4940.00       14.0929
       4950.00       14.3973
       4960.00       14.3480
       4970.00       14.2269
       4980.00       13.8732
       4990.00       13.9344
       5000.00       13.9209
       5010.00       13.3926
       5020.00       13.8155
       5030.00       13.9247
       5040.00       13.6484
       5050.00       13.8356
       5060.00       14.0503
       5070.00       13.5902
       5080.00       13.7933
       5090.00       13.7479
       5100.00       13.8586
       5110.00       13.8343
       5120.00       13.6716
       5130.00       13.4899
       5140.00       13.4107
       5150.00       13.6212
       5160.00       13.4545
       5170.00       12.7551
       5180.00       13.3085
       5190.00       13.1669
       5200.00       13.2146
       5210.00       13.2484
       5220.00       13.3026
       5230.00       12.8402
       5240.00       13.1944
       5250.00       13.4490
       5260.00       12.9263
       5270.00       12.8107
       5280.00       13.1203
       5290.00       13.5180
       5300.00       13.2248
       5310.00       13.2701
       5320.00       13.2896
       5330.00       12.9044
       5340.00       13.2331
       5350.00       13.1655
       5360.00       12.9057
       5370.00       13.0391
       5380.00       13.1680
       5390.00       12.9389
       5400.00       12.7836
       5410.00       12.9798
       5420.00       13.3365
       5430.00       13.2855
       5440.00       13.3533
       5450.00       13.2762
       5460.00       13.2388
       5470.00       13.4110
       5480.00       13.3604
       5490.00       13.2839
       5500.00       13.4812
       5510.00       13.2487
       5520.00       13.0170
       5530.00       13.1489
       5540.00       13.0735
       5550.00       13.1274
       5560.00       13.1295
       5570.00       13.3246
       5580.00       13.3264
       5590.00       12.9309
       5600.00       12.6571
       5610.00       12.9103
       5620.00       13.1168
       5630.00       13.0045
       5640.00       12.9941
       5650.00       12.8823
       5660.00       12.6950
       5670.00       12.9127
       5680.00       12.7260
       5690.00       12.5614
       5700.00       13.0458
       5710.00       12.7093
       5720.00       12.8499
       5730.00       13.0651
       5740.00       12.8301
       5760.00       12.7980
       5780.00       12.8529
       5800.00       12.7715
       5820.00       12.9984
       5840.00       13.0766
       5860.00       12.6652
       5880.00       12.6830
       5900.00       12.5793
       5920.00       12.5005
       5940.00       12.2534
       5960.00       12.3806
       5980.00       12.3871
       6000.00       12.3219
       6020.00       12.3405
       6040.00       12.2522
       6060.00       12.3891
       6080.00       12.6311
       6100.00       12.6249
       6120.00       12.2559
       6140.00       11.9126
       6160.00       11.7460
       6180.00       11.9978
       6200.00       11.8435
       6220.00       11.8861
       6240.00       11.7217
       6260.00       11.5126
       6280.00       11.3641
       6300.00       11.5305
       6320.00       11.5280
       6340.00       11.4803
       6360.00       11.5907
       6380.00       11.5431
       6400.00       11.5854
       6420.00       11.7167
       6440.00       11.6358
       6460.00       11.5110
       6480.00       11.2876
       6500.00       11.3851
       6520.00       11.2403
       6540.00       10.8171
       6560.00       9.98906
       6580.00       10.9092
       6600.00       11.7010
       6620.00       11.5467
       6640.00       11.3716
       6660.00       11.3052
       6680.00       11.4966
       6700.00       11.3019
       6720.00       11.4495
       6740.00       11.5537
       6760.00       11.5407
       6780.00       11.5700
       6800.00       11.7467
       6820.00       11.7963
       6840.00       11.8770
       6860.00       11.2993
       6880.00       11.1103
       6900.00       11.4519
       6920.00       11.6258
       6940.00       11.3239
       6960.00       11.3017
       6980.00       10.9203
       7000.00       10.6947
       7020.00       10.8785
       7040.00       10.9087
       7060.00       10.7966
       7080.00       10.9179
       7100.00       10.7963
       7120.00       10.6855
       7140.00       10.7559
       7160.00       11.0160
       7180.00       11.1350
       7200.00       10.7857
       7220.00       10.6665
       7240.00       10.4589
       7260.00       10.3906
       7280.00       10.3621
       7300.00       10.4907
       7320.00       10.5208
       7340.00       10.1993
       7360.00       9.93797
       7380.00       10.0469
       7400.00       10.0682
       7420.00       10.0024
       7440.00       9.99480
       7460.00       10.1313
       7480.00       9.98924
       7500.00       10.0104
       7520.00       10.2219
       7540.00       10.3943
       7560.00       10.2057
       7580.00       9.98032
       7600.00       9.10475
       7620.00       11.0091
       7640.00       10.5114
       7660.00       9.95090
       7680.00       8.97913
       7700.00       9.18468
       7720.00       9.34462
       7740.00       9.53336
       7760.00       9.41647
       7780.00       9.42910
       7800.00       9.51513
       7820.00       9.49996
       7840.00       9.43917
       7860.00       9.38781
       7880.00       9.52763
       7900.00       9.20425
       7920.00       9.31669
       7940.00       9.20300
       7960.00       9.21588
       7980.00       9.19278
       8000.00       9.19666
       8020.00       8.92987
       8040.00       9.04398
       8060.00       8.99487
       8080.00       8.62151
       8100.00       8.61437
       8120.00       8.86665
       8140.00       8.83607
       8160.00       8.66779
       8180.00       8.78410
       8200.00       8.96361
       8220.00       8.81979
       8240.00       8.88533
       8260.00       9.23675
       8280.00       8.91162
       8300.00       9.01961
       8320.00       8.68795
       8340.00       8.69289
       8360.00       8.54955
       8380.00       8.80527
       8400.00       8.75019
       8420.00       8.61030
       8440.00       8.22660
       8460.00       8.16990
       8480.00       8.12866
       8500.00       8.36575
       8520.00       8.23933
       8540.00       8.18228
       8560.00       8.01085
       8580.00       8.72526
       8600.00       9.01319
       8620.00       8.92579
       8640.00       8.74759
       8660.00       8.19961
       8680.00       8.65776
       8700.00       9.02487
       8720.00       8.79878
       8740.00       8.49177
       8760.00       8.62776
       8780.00       8.34701
       8800.00       8.46643
       8820.00       8.91020
       8840.00       8.30656
       8860.00       7.68705
       8880.00       7.97791
       8900.00       8.45179
       8920.00       8.68182
       8940.00       8.43802
       8960.00       8.65905
       8980.00       8.17706
       9000.00       7.86517
       9020.00       7.95813
       9040.00       8.51902
       9060.00       8.25509
       9080.00       7.95288
       9100.00       7.95902
       9120.00       8.11438
       9140.00       7.85364
       9160.00       7.81616
       9180.00       7.75777
       9200.00       7.95037
       9220.00       7.52754
       9240.00       7.98574
       9260.00       7.83697
       9280.00       9.20191
       9300.00       8.21923
       9320.00       8.95488
       9340.00       9.69505
       9360.00       8.65638
       9380.00       8.50045
       9400.00       9.16065
       9420.00       7.81793
       9440.00       7.67995
       9460.00       8.45886
       9480.00       8.25209
       9500.00       7.97832
       9520.00       7.87126
       9540.00       7.29982
       9560.00       8.13807
       9580.00       8.00144
       9600.00       7.76089
       9620.00       7.52880
       9640.00       7.52061
       9660.00       7.60886
       9680.00       7.72636
       9700.00       7.40762
       9720.00       7.39975
       9740.00       7.29115
       9760.00       7.30777
       9780.00       7.31040
       9800.00       7.11712
       9820.00       7.26020
       9840.00       7.25564
       9860.00       6.96628
       9880.00       7.28717
       9900.00       6.93885
       9920.00       7.56832
       9940.00       7.09688
       9960.00       7.19267
       9980.00       7.20697
       10000.0       7.53643
       10020.0       6.94155
       10040.0       6.53028
       10060.0       6.79004
       10080.0       6.59321
       10100.0       6.86671
       10120.0       6.78872
       10140.0       7.02119
       10160.0       7.17095
       10180.0       6.51507
       10200.0       6.78113
       10220.0       6.91225
       10240.0       6.68608
       10260.0       6.57738
       10280.0       6.78201
       10300.0       6.43291
       10320.0       6.77169
       10340.0       6.57084
       10360.0       7.05326
       10380.0       6.28808
       10400.0       6.79675
       10420.0       6.43651
       10440.0       6.62043
       10460.0       6.58654
       10480.0       6.59175
       10500.0       6.56486
       10520.0       6.69675
       10540.0       6.44751
       10560.0       6.68088
       10580.0       6.07171
       10600.0       6.18056
       10620.0       6.22963
