       3160.00      0.494422
       3170.00      0.518490
       3180.00      0.529869
       3190.00      0.506750
       3200.00      0.551945
       3210.00      0.546711
       3220.00      0.488946
       3230.00      0.475555
       3240.00      0.472927
       3250.00      0.506190
       3260.00      0.563015
       3270.00      0.597870
       3280.00      0.552473
       3290.00      0.568627
       3300.00      0.620700
       3310.00      0.600871
       3320.00      0.594983
       3330.00      0.589130
       3340.00      0.589393
       3350.00      0.605373
       3360.00      0.588348
       3370.00      0.560040
       3380.00      0.577077
       3390.00      0.602002
       3400.00      0.624790
       3410.00      0.628251
       3420.00      0.617617
       3430.00      0.636431
       3440.00      0.590628
       3450.00      0.585864
       3460.00      0.606346
       3470.00      0.598529
       3480.00      0.593134
       3490.00      0.581520
       3500.00      0.610162
       3510.00      0.630926
       3520.00      0.609687
       3530.00      0.623729
       3540.00      0.667866
       3550.00      0.678486
       3560.00      0.668339
       3570.00      0.620955
       3580.00      0.584340
       3590.00      0.607228
       3600.00      0.664675
       3610.00      0.641579
       3620.00      0.633781
       3630.00      0.634522
       3640.00      0.647658
       3650.00      0.669996
       3660.00      0.718314
       3670.00      0.719841
       3680.00      0.697853
       3690.00      0.710639
       3700.00      0.727829
       3710.00      0.740263
       3720.00      0.738071
       3730.00      0.690111
       3740.00      0.716223
       3750.00      0.750219
       3760.00      0.782835
       3770.00      0.780958
       3780.00      0.860084
       3790.00      0.860395
       3800.00      0.798943
       3810.00      0.889640
       3820.00      0.864271
       3830.00      0.691144
       3840.00      0.697963
       3850.00      0.886649
       3860.00      0.965226
       3870.00      0.949709
       3880.00      0.850325
       3890.00      0.790707
       3900.00      0.859273
       3910.00       1.00021
       3920.00      0.992285
       3930.00      0.706671
       3940.00      0.688076
       3950.00      0.984939
       3960.00      0.893552
       3970.00      0.704666
       3980.00      0.990934
       3990.00       1.21355
       4000.00       1.28179
       4010.00       1.30580
       4020.00       1.34128
       4030.00       1.31835
       4040.00       1.27357
       4050.00       1.29568
       4060.00       1.27934
       4070.00       1.26548
       4080.00       1.25647
       4090.00       1.24200
       4100.00       1.09880
       4110.00       1.16403
       4120.00       1.32899
       4130.00       1.34599
       4140.00       1.37708
       4150.00       1.35999
       4160.00       1.35708
       4170.00       1.32821
       4180.00       1.29696
       4190.00       1.33228
       4200.00       1.34290
       4210.00       1.36097
       4220.00       1.33582
       4230.00       1.32093
       4240.00       1.34070
       4250.00       1.32870
       4260.00       1.34465
       4270.00       1.32406
       4280.00       1.26771
       4290.00       1.19585
       4300.00       1.13429
       4310.00       1.14963
       4320.00       1.22724
       4330.00       1.10332
       4340.00       1.06195
       4350.00       1.11520
       4360.00       1.38679
       4370.00       1.49619
       4380.00       1.32292
       4390.00       1.33773
       4400.00       1.41042
       4410.00       1.38931
       4420.00       1.44420
       4430.00       1.44451
       4440.00       1.42093
       4450.00       1.39441
       4460.00       1.34692
       4470.00       1.39423
       4480.00       1.40656
       4490.00       1.40845
       4500.00       1.46634
       4510.00       1.48260
       4520.00       1.41225
       4530.00       1.37775
       4540.00       1.39874
       4550.00       1.40459
       4560.00       1.43022
       4570.00       1.47170
       4580.00       1.44089
       4590.00       1.41366
       4600.00       1.45065
       4610.00       1.46349
       4620.00       1.48833
       4630.00       1.47927
       4640.00       1.45549
       4650.00       1.45916
       4660.00       1.43681
       4670.00       1.43615
       4680.00       1.47070
       4690.00       1.48328
       4700.00       1.44411
       4710.00       1.44536
       4720.00       1.48883
       4730.00       1.48775
       4740.00       1.49302
       4750.00       1.49289
       4760.00       1.45372
       4770.00       1.47938
       4780.00       1.51295
       4790.00       1.50853
       4800.00       1.51197
       4810.00       1.51681
       4820.00       1.49992
       4830.00       1.46754
       4840.00       1.43078
       4850.00       1.31197
       4860.00       1.17214
       4870.00       1.25252
       4880.00       1.39701
       4890.00       1.43400
       4900.00       1.46285
       4910.00       1.42724
       4920.00       1.39834
       4930.00       1.40207
       4940.00       1.41766
       4950.00       1.43865
       4960.00       1.43545
       4970.00       1.45072
       4980.00       1.41518
       4990.00       1.40405
       5000.00       1.39688
       5010.00       1.34965
       5020.00       1.36090
       5030.00       1.38795
       5040.00       1.37938
       5050.00       1.38365
       5060.00       1.39860
       5070.00       1.38056
       5080.00       1.37799
       5090.00       1.39716
       5100.00       1.38439
       5110.00       1.40641
       5120.00       1.38692
       5130.00       1.36295
       5140.00       1.36952
       5150.00       1.37738
       5160.00       1.33826
       5170.00       1.30570
       5180.00       1.31393
       5190.00       1.31444
       5200.00       1.34330
       5210.00       1.37162
       5220.00       1.36208
       5230.00       1.35185
       5240.00       1.36807
       5250.00       1.39212
       5260.00       1.32269
       5270.00       1.29120
       5280.00       1.36270
       5290.00       1.38927
       5300.00       1.39658
       5310.00       1.40302
       5320.00       1.35980
       5330.00       1.34144
       5340.00       1.35386
       5350.00       1.38367
       5360.00       1.38516
       5370.00       1.37838
       5380.00       1.38840
       5390.00       1.37452
       5400.00       1.34843
       5410.00       1.35567
       5420.00       1.40869
       5430.00       1.40332
       5440.00       1.42702
       5450.00       1.42026
       5460.00       1.41766
       5470.00       1.41369
       5480.00       1.38503
       5490.00       1.39621
       5500.00       1.39230
       5510.00       1.39797
       5520.00       1.41860
       5530.00       1.41331
       5540.00       1.41348
       5550.00       1.42584
       5560.00       1.41380
       5570.00       1.40046
       5580.00       1.39256
       5590.00       1.38065
       5600.00       1.37281
       5610.00       1.39182
       5620.00       1.39068
       5630.00       1.39756
       5640.00       1.39242
       5650.00       1.39395
       5660.00       1.37155
       5670.00       1.37709
       5680.00       1.37467
       5690.00       1.38547
       5700.00       1.35664
       5710.00       1.36744
       5720.00       1.35585
       5730.00       1.41781
       5740.00       1.35505
       5760.00       1.33468
       5780.00       1.33787
       5800.00       1.34233
       5820.00       1.35065
       5840.00       1.32155
       5860.00       1.32217
       5880.00       1.30104
       5900.00       1.31193
       5920.00       1.33800
       5940.00       1.34995
       5960.00       1.34037
       5980.00       1.35224
       6000.00       1.34021
       6020.00       1.31827
       6040.00       1.35749
       6060.00       1.35425
       6080.00       1.36093
       6100.00       1.36264
       6120.00       1.33852
       6140.00       1.31701
       6160.00       1.30296
       6180.00       1.30361
       6200.00       1.31639
       6220.00       1.31337
       6240.00       1.29590
       6260.00       1.30258
       6280.00       1.31999
       6300.00       1.31341
       6320.00       1.30568
       6340.00       1.29444
       6360.00       1.29747
       6380.00       1.28987
       6400.00       1.28584
       6420.00       1.26660
       6440.00       1.27201
       6460.00       1.26691
       6480.00       1.25371
       6500.00       1.24638
       6520.00       1.25871
       6540.00       1.22265
       6560.00       1.11492
       6580.00       1.15006
       6600.00       1.23661
       6620.00       1.24765
       6640.00       1.24502
       6660.00       1.23225
       6680.00       1.23081
       6700.00       1.23500
       6720.00       1.23132
       6740.00       1.22097
       6760.00       1.24963
       6780.00       1.23152
       6800.00       1.24449
       6820.00       1.23202
       6840.00       1.26361
       6860.00       1.19632
       6880.00       1.15676
       6900.00       1.18503
       6920.00       1.19900
       6940.00       1.18795
       6960.00       1.19751
       6980.00       1.17360
       7000.00       1.17562
       7020.00       1.17013
       7040.00       1.18604
       7060.00       1.19227
       7080.00       1.18359
       7100.00       1.17390
       7120.00       1.17482
       7140.00       1.17259
       7160.00       1.19453
       7180.00       1.19120
       7200.00       1.14714
       7220.00       1.14605
       7240.00       1.13769
       7260.00       1.13766
       7280.00       1.12524
       7300.00       1.12319
       7320.00       1.11703
       7340.00       1.12116
       7360.00       1.12527
       7380.00       1.11101
       7400.00       1.11207
       7420.00       1.10401
       7440.00       1.10306
       7460.00       1.10111
       7480.00       1.09314
       7500.00       1.07418
       7520.00       1.06332
       7540.00       1.04853
       7560.00       1.03381
       7580.00       1.02711
       7600.00      0.906530
       7620.00      0.937320
       7640.00      0.989511
       7660.00       1.04781
       7680.00      0.995131
       7700.00       1.04628
       7720.00       1.05136
       7740.00       1.04573
       7760.00       1.03625
       7780.00       1.05776
       7800.00       1.06565
       7820.00       1.05619
       7840.00       1.05638
       7860.00       1.04890
       7880.00       1.04624
       7900.00       1.05026
       7920.00       1.02196
       7940.00       1.01844
       7960.00       1.03856
       7980.00       1.04162
       8000.00       1.01832
       8020.00       1.02516
       8040.00       1.02074
       8060.00       1.01821
       8080.00       1.01383
       8100.00       1.00575
       8120.00       1.03940
       8140.00       1.03038
       8160.00       1.00758
       8180.00      0.972008
       8200.00       1.00174
       8220.00       1.01395
       8240.00       1.02336
       8260.00       1.00175
       8280.00       1.01296
       8300.00      0.992394
       8320.00      0.974638
       8340.00      0.963281
       8360.00      0.997868
       8380.00       1.00536
       8400.00      0.994012
       8420.00      0.988971
       8440.00      0.993757
       8460.00      0.969179
       8480.00      0.976651
       8500.00      0.945149
       8520.00      0.936750
       8540.00      0.910774
       8560.00      0.945554
       8580.00      0.948610
       8600.00      0.941156
       8620.00      0.976497
       8640.00      0.913292
       8660.00      0.893811
       8680.00      0.911683
       8700.00      0.922557
       8720.00      0.909226
       8740.00      0.890793
       8760.00      0.873303
       8780.00      0.941567
       8800.00      0.922331
       8820.00      0.910005
       8840.00      0.881567
       8860.00      0.905048
       8880.00      0.907245
       8900.00      0.884921
       8920.00      0.913296
       8940.00      0.894424
       8960.00      0.920133
       8980.00      0.897142
       9000.00      0.855029
       9020.00      0.878152
       9040.00      0.929464
       9060.00      0.880917
       9080.00      0.835070
       9100.00      0.870432
       9120.00      0.859450
       9140.00      0.864154
       9160.00      0.878691
       9180.00      0.870221
       9200.00      0.870783
       9220.00      0.824837
       9240.00      0.821423
       9260.00      0.833459
       9280.00      0.884351
       9300.00      0.833919
       9320.00      0.787415
       9340.00      0.881892
       9360.00      0.847057
       9380.00      0.890962
       9400.00      0.933079
       9420.00      0.791833
       9440.00      0.799239
       9460.00      0.867524
       9480.00      0.812530
       9500.00      0.853578
       9520.00      0.864427
       9540.00      0.820825
       9560.00      0.827763
       9580.00      0.851946
       9600.00      0.831366
       9620.00      0.849968
       9640.00      0.821674
       9660.00      0.856571
       9680.00      0.849362
       9700.00      0.818917
       9720.00      0.824971
       9740.00      0.838723
       9760.00      0.801552
       9780.00      0.843754
       9800.00      0.852778
       9820.00      0.837253
       9840.00      0.817969
       9860.00      0.811732
       9880.00      0.824555
       9900.00      0.825928
       9920.00      0.815922
       9940.00      0.830929
       9960.00      0.816421
       9980.00      0.826845
       10000.0      0.834970
       10020.0      0.786008
       10040.0      0.779947
       10060.0      0.765685
       10080.0      0.794016
       10100.0      0.790209
       10120.0      0.822839
       10140.0      0.795994
       10160.0      0.787023
       10180.0      0.785477
       10200.0      0.784674
       10220.0      0.792707
       10240.0      0.750022
       10260.0      0.731770
       10280.0      0.788812
       10300.0      0.767562
       10320.0      0.771906
       10340.0      0.760955
       10360.0      0.760938
       10380.0      0.765270
       10400.0      0.792006
       10420.0      0.750060
       10440.0      0.755107
       10460.0      0.740000
       10480.0      0.737152
       10500.0      0.728584
       10520.0      0.743645
       10540.0      0.715827
       10560.0      0.735129
       10580.0      0.704660
       10600.0      0.738032
       10620.0      0.743017
