380.000 0.000
381.000 0.000
382.000 0.000
383.000 0.000
384.000 0.000
385.000 0.000
386.000 0.000
387.000 0.000
388.000 0.001
389.000 0.006
390.000 0.006
391.000 0.005
392.000 0.005
393.000 0.005
394.000 0.006
395.000 0.006
396.000 0.008
397.000 0.010
398.000 0.014
399.000 0.021
400.000 0.032
401.000 0.049
402.000 0.071
403.000 0.096
404.000 0.123
405.000 0.148
406.000 0.169
407.000 0.186
408.000 0.198
409.000 0.208
410.000 0.216
411.000 0.223
412.000 0.231
413.000 0.240
414.000 0.248
415.000 0.257
416.000 0.265
417.000 0.272
418.000 0.278
419.000 0.284
420.000 0.288
421.000 0.293
422.000 0.297
423.000 0.303
424.000 0.308
425.000 0.315
426.000 0.322
427.000 0.328
428.000 0.335
429.000 0.342
430.000 0.350
431.000 0.358
432.000 0.367
433.000 0.375
434.000 0.382
435.000 0.389
436.000 0.396
437.000 0.402
438.000 0.408
439.000 0.411
440.000 0.416
441.000 0.421
442.000 0.426
443.000 0.430
444.000 0.433
445.000 0.437
446.000 0.442
447.000 0.446
448.000 0.449
449.000 0.453
450.000 0.458
451.000 0.462
452.000 0.467
453.000 0.470
454.000 0.473
455.000 0.476
456.000 0.480
457.000 0.484
458.000 0.488
459.000 0.491
460.000 0.494
461.000 0.497
462.000 0.500
463.000 0.503
464.000 0.507
465.000 0.511
466.000 0.515
467.000 0.517
468.000 0.518
469.000 0.516
470.000 0.512
471.000 0.511
472.000 0.511
473.000 0.509
474.000 0.506
475.000 0.504
476.000 0.503
477.000 0.505
478.000 0.510
479.000 0.518
480.000 0.526
481.000 0.533
482.000 0.538
483.000 0.540
484.000 0.542
485.000 0.542
486.000 0.542
487.000 0.543
488.000 0.546
489.000 0.547
490.000 0.550
491.000 0.552
492.000 0.553
493.000 0.554
494.000 0.555
495.000 0.557
496.000 0.559
497.000 0.561
498.000 0.562
499.000 0.561
500.000 0.559
501.000 0.559
502.000 0.561
503.000 0.564
504.000 0.567
505.000 0.571
506.000 0.573
507.000 0.574
508.000 0.575
509.000 0.577
510.000 0.580
511.000 0.581
512.000 0.583
513.000 0.583
514.000 0.582
515.000 0.582
516.000 0.582
517.000 0.583
518.000 0.586
519.000 0.590
520.000 0.594
521.000 0.598
522.000 0.602
523.000 0.606
524.000 0.609
525.000 0.612
526.000 0.615
527.000 0.617
528.000 0.619
529.000 0.621
530.000 0.623
531.000 0.625
532.000 0.627
533.000 0.629
534.000 0.631
535.000 0.633
536.000 0.635
537.000 0.637
538.000 0.639
539.000 0.640
540.000 0.641
541.000 0.644
542.000 0.647
543.000 0.649
544.000 0.651
545.000 0.654
546.000 0.656
547.000 0.657
548.000 0.658
549.000 0.660
550.000 0.662
551.000 0.665
552.000 0.668
553.000 0.670
554.000 0.672
555.000 0.673
556.000 0.674
557.000 0.674
558.000 0.675
559.000 0.678
560.000 0.680
561.000 0.682
562.000 0.683
563.000 0.685
564.000 0.686
565.000 0.688
566.000 0.690
567.000 0.692
568.000 0.695
569.000 0.696
570.000 0.698
571.000 0.700
572.000 0.700
573.000 0.701
574.000 0.702
575.000 0.704
576.000 0.707
577.000 0.709
578.000 0.712
579.000 0.715
580.000 0.719
581.000 0.722
582.000 0.725
583.000 0.727
584.000 0.728
585.000 0.729
586.000 0.729
587.000 0.730
588.000 0.731
589.000 0.731
590.000 0.733
591.000 0.738
592.000 0.740
593.000 0.742
594.000 0.742
595.000 0.742
596.000 0.744
597.000 0.743
598.000 0.744
599.000 0.747
600.000 0.751
601.000 0.755
602.000 0.758
603.000 0.761
604.000 0.764
605.000 0.765
606.000 0.766
607.000 0.766
608.000 0.768
609.000 0.771
610.000 0.775
611.000 0.779
612.000 0.782
613.000 0.785
614.000 0.787
615.000 0.788
616.000 0.789
617.000 0.789
618.000 0.791
619.000 0.792
620.000 0.794
621.000 0.797
622.000 0.800
623.000 0.802
624.000 0.804
625.000 0.806
626.000 0.808
627.000 0.810
628.000 0.791
629.000 0.805
630.000 0.804
631.000 0.811
632.000 0.814
633.000 0.817
634.000 0.821
635.000 0.824
636.000 0.828
637.000 0.831
638.000 0.835
639.000 0.838
640.000 0.838
641.000 0.838
642.000 0.836
643.000 0.835
644.000 0.835
645.000 0.835
646.000 0.836
647.000 0.838
648.000 0.842
649.000 0.846
650.000 0.852
651.000 0.856
652.000 0.854
653.000 0.858
654.000 0.858
655.000 0.854
656.000 0.853
657.000 0.852
658.000 0.854
659.000 0.857
660.000 0.861
661.000 0.866
662.000 0.871
663.000 0.875
664.000 0.878
665.000 0.879
666.000 0.878
667.000 0.876
668.000 0.875
669.000 0.873
670.000 0.872
671.000 0.872
672.000 0.873
673.000 0.875
674.000 0.879
675.000 0.883
676.000 0.888
677.000 0.892
678.000 0.896
679.000 0.898
680.000 0.900
681.000 0.899
682.000 0.898
683.000 0.896
684.000 0.895
685.000 0.894
686.000 0.894
687.000 0.728
688.000 0.791
689.000 0.804
690.000 0.817
691.000 0.853
692.000 0.873
693.000 0.888
694.000 0.895
695.000 0.903
696.000 0.903
697.000 0.912
698.000 0.911
699.000 0.905
700.000 0.904
701.000 0.902
702.000 0.903
703.000 0.904
704.000 0.908
705.000 0.911
706.000 0.914
707.000 0.916
708.000 0.917
709.000 0.919
710.000 0.918
711.000 0.917
712.000 0.916
713.000 0.914
714.000 0.912
715.000 0.910
716.000 0.908
717.000 0.891
718.000 0.879
719.000 0.862
720.000 0.872
721.000 0.890
722.000 0.914
723.000 0.898
724.000 0.886
725.000 0.885
726.000 0.894
727.000 0.887
728.000 0.887
729.000 0.888
730.000 0.899
731.000 0.889
732.000 0.900
733.000 0.908
734.000 0.910
735.000 0.912
736.000 0.915
737.000 0.916
738.000 0.921
739.000 0.920
740.000 0.922
741.000 0.922
742.000 0.922
743.000 0.921
744.000 0.920
745.000 0.920
746.000 0.920
747.000 0.920
748.000 0.921
749.000 0.922
750.000 0.923
751.000 0.924
752.000 0.924
753.000 0.925
754.000 0.925
755.000 0.925
756.000 0.926
757.000 0.925
758.000 0.925
759.000 0.923
760.000 0.438
761.000 0.356
762.000 0.703
763.000 0.489
764.000 0.602
765.000 0.684
766.000 0.778
767.000 0.832
768.000 0.883
769.000 0.893
770.000 0.906
771.000 0.910
772.000 0.910
773.000 0.909
774.000 0.910
775.000 0.911
776.000 0.913
777.000 0.915
778.000 0.917
779.000 0.918
780.000 0.919
781.000 0.919
782.000 0.918
783.000 0.917
784.000 0.915
785.000 0.913
786.000 0.911
787.000 0.908
788.000 0.906
789.000 0.905
790.000 0.904
791.000 0.907
792.000 0.908
793.000 0.909
794.000 0.913
795.000 0.915
796.000 0.912
797.000 0.914
798.000 0.916
799.000 0.914
800.000 0.911
801.000 0.907
802.000 0.903
803.000 0.900
804.000 0.895
805.000 0.884
806.000 0.868
807.000 0.840
808.000 0.804
809.000 0.758
810.000 0.704
811.000 0.644
812.000 0.578
813.000 0.512
814.000 0.442
815.000 0.384
816.000 0.325
817.000 0.280
818.000 0.238
819.000 0.206
820.000 0.172
821.000 0.149
822.000 0.123
823.000 0.094
824.000 0.082
825.000 0.066
826.000 0.053
827.000 0.042
828.000 0.033
829.000 0.027
830.000 0.021
831.000 0.017
832.000 0.014
833.000 0.012
834.000 0.010
835.000 0.008
836.000 0.007
837.000 0.006
838.000 0.006
839.000 0.005
840.000 0.004
841.000 0.004
842.000 0.004
843.000 0.004
844.000 0.003
845.000 0.003
846.000 0.003
847.000 0.003
848.000 0.002
849.000 0.002
850.000 0.002
851.000 0.002
852.000 0.001
853.000 0.001
854.000 0.001
855.000 0.001
856.000 0.001
857.000 0.001
858.000 0.001
859.000 0.001
860.000 0.000
861.000 0.000
862.000 0.000
863.000 0.000
864.000 0.000
865.000 0.000
866.000 0.000
867.000 0.000
868.000 0.000
869.000 0.000
870.000 0.000
871.000 0.000
872.000 0.000
873.000 0.000
874.000 0.000
875.000 0.000
876.000 0.000
877.000 0.000
878.000 0.000
879.000 0.000
880.000 0.000
881.000 0.000
882.000 0.000
883.000 0.000
884.000 0.000
885.000 0.000
886.000 0.000
887.000 0.000
888.000 0.000
889.000 0.000
890.000 0.000
891.000 0.000
892.000 0.000
893.000 0.000
894.000 0.000
895.000 0.000
896.000 0.000
897.000 0.000
898.000 0.000
899.000 0.000
900.000 0.000
901.000 0.000
902.000 0.000
903.000 0.000
904.000 0.000
905.000 0.000
906.000 0.000
907.000 0.000
908.000 0.000
909.000 0.000
910.000 0.000
911.000 0.000
912.000 0.000
913.000 0.000
914.000 0.000
915.000 0.000
916.000 0.000
917.000 0.000
918.000 0.000
919.000 0.000
920.000 0.000
921.000 0.000
922.000 0.000
923.000 0.000
924.000 0.000
925.000 0.000
926.000 0.000
927.000 0.000
928.000 0.000
929.000 0.000
930.000 0.000
931.000 0.000
932.000 0.000
933.000 0.000
934.000 0.000
935.000 0.000
936.000 0.000
937.000 0.000
938.000 0.000
939.000 0.000
940.000 0.000
941.000 0.000
942.000 0.000
943.000 0.000
944.000 0.000
945.000 0.000
946.000 0.000
947.000 0.000
948.000 0.000
949.000 0.000
950.000 0.000
951.000 0.000
952.000 0.000
953.000 0.000
954.000 0.000
955.000 0.000
956.000 0.000
957.000 0.000
958.000 0.000
959.000 0.000
960.000 0.000
961.000 0.000
962.000 0.000
963.000 0.000
964.000 0.000
965.000 0.000
966.000 0.000
967.000 0.000
968.000 0.000
969.000 0.000
970.000 0.000
971.000 0.000
972.000 0.000
973.000 0.000
974.000 0.000
975.000 0.000
976.000 0.000
977.000 0.000
978.000 0.000
979.000 0.000
980.000 0.000
981.000 0.000
982.000 0.000
983.000 0.000
984.000 0.000
985.000 0.000
986.000 0.000
987.000 0.000
988.000 0.000
989.000 0.000
990.000 0.000
991.000 0.000
992.000 0.000
993.000 0.000
994.000 0.000
995.000 0.000
996.000 0.000
997.000 0.000
998.000 0.000
999.000 0.000
1000.000 0.000
1001.000 0.000
1002.000 0.000
1003.000 0.000
1004.000 0.000
1005.000 0.000
1006.000 0.000
1007.000 0.000
1008.000 0.000
1009.000 0.000
1010.000 0.000
1011.000 0.000
1012.000 0.000
1013.000 0.000
1014.000 0.000
1015.000 0.000
1016.000 0.000
1017.000 0.000
1018.000 0.000
1019.000 0.000
1020.000 0.000
1021.000 0.000
1022.000 0.000
1023.000 0.000
1024.000 0.000
1025.000 0.000
1026.000 0.000
1027.000 0.000
1028.000 0.000
1029.000 0.000
1030.000 0.000
1031.000 0.000
1032.000 0.000
1033.000 0.000
1034.000 0.000
1035.000 0.000
1036.000 0.000
1037.000 0.000
1038.000 0.000
1039.000 0.000
1040.000 0.000
1041.000 0.000
1042.000 0.000
1043.000 0.000
1044.000 0.000
1045.000 0.000
1046.000 0.000
1047.000 0.000
1048.000 0.000
1049.000 0.000
1050.000 0.000
1051.000 0.000
1052.000 0.000
1053.000 0.000
1054.000 0.000
1055.000 0.000
1056.000 0.000
1057.000 0.000
1058.000 0.000
1059.000 0.000
1060.000 0.000
1061.000 0.000
1062.000 0.000
1063.000 0.000
1064.000 0.000
1065.000 0.000
1066.000 0.000
1067.000 0.000
1068.000 0.000
1069.000 0.000
1070.000 0.000
1071.000 0.000
1072.000 0.000
1073.000 0.000
1074.000 0.000
1075.000 0.000
1076.000 0.000
1077.000 0.000
1078.000 0.000
1079.000 0.000
1080.000 0.000
1081.000 0.000
1082.000 0.000
1083.000 0.000
1084.000 0.000
1085.000 0.000
1086.000 0.000
1087.000 0.000
1088.000 0.000
1089.000 0.000
1090.000 0.000
1091.000 0.000
1092.000 0.000
1093.000 0.000
1094.000 0.000
1095.000 0.000
1096.000 0.000
1097.000 0.000
1098.000 0.000
1099.000 0.000
1100.000 0.000
