380.000 0.000
381.000 0.000
382.000 0.000
383.000 0.000
384.000 0.000
385.000 0.000
386.000 0.000
387.000 0.000
388.000 0.000
389.000 0.000
390.000 0.001
391.000 0.001
392.000 0.001
393.000 0.002
394.000 0.004
395.000 0.007
396.000 0.012
397.000 0.021
398.000 0.035
399.000 0.053
400.000 0.073
401.000 0.096
402.000 0.118
403.000 0.135
404.000 0.147
405.000 0.157
406.000 0.163
407.000 0.167
408.000 0.171
409.000 0.175
410.000 0.181
411.000 0.186
412.000 0.192
413.000 0.199
414.000 0.204
415.000 0.206
416.000 0.208
417.000 0.211
418.000 0.217
419.000 0.225
420.000 0.233
421.000 0.240
422.000 0.246
423.000 0.249
424.000 0.250
425.000 0.250
426.000 0.253
427.000 0.259
428.000 0.268
429.000 0.277
430.000 0.286
431.000 0.295
432.000 0.300
433.000 0.302
434.000 0.302
435.000 0.304
436.000 0.309
437.000 0.316
438.000 0.323
439.000 0.330
440.000 0.336
441.000 0.340
442.000 0.341
443.000 0.342
444.000 0.344
445.000 0.348
446.000 0.354
447.000 0.361
448.000 0.368
449.000 0.374
450.000 0.380
451.000 0.386
452.000 0.392
453.000 0.396
454.000 0.398
455.000 0.398
456.000 0.394
457.000 0.388
458.000 0.384
459.000 0.382
460.000 0.384
461.000 0.388
462.000 0.393
463.000 0.396
464.000 0.396
465.000 0.396
466.000 0.397
467.000 0.397
468.000 0.399
469.000 0.400
470.000 0.401
471.000 0.402
472.000 0.403
473.000 0.405
474.000 0.408
475.000 0.413
476.000 0.418
477.000 0.424
478.000 0.431
479.000 0.437
480.000 0.441
481.000 0.444
482.000 0.446
483.000 0.448
484.000 0.451
485.000 0.453
486.000 0.456
487.000 0.458
488.000 0.460
489.000 0.460
490.000 0.459
491.000 0.455
492.000 0.451
493.000 0.450
494.000 0.453
495.000 0.459
496.000 0.463
497.000 0.467
498.000 0.471
499.000 0.472
500.000 0.471
501.000 0.468
502.000 0.466
503.000 0.463
504.000 0.459
505.000 0.457
506.000 0.456
507.000 0.455
508.000 0.456
509.000 0.456
510.000 0.457
511.000 0.458
512.000 0.459
513.000 0.461
514.000 0.465
515.000 0.469
516.000 0.473
517.000 0.475
518.000 0.476
519.000 0.475
520.000 0.473
521.000 0.472
522.000 0.473
523.000 0.473
524.000 0.474
525.000 0.473
526.000 0.472
527.000 0.474
528.000 0.477
529.000 0.483
530.000 0.489
531.000 0.495
532.000 0.498
533.000 0.500
534.000 0.501
535.000 0.502
536.000 0.502
537.000 0.502
538.000 0.502
539.000 0.502
540.000 0.501
541.000 0.500
542.000 0.496
543.000 0.493
544.000 0.489
545.000 0.486
546.000 0.481
547.000 0.467
548.000 0.438
549.000 0.390
550.000 0.323
551.000 0.248
552.000 0.175
553.000 0.113
554.000 0.068
555.000 0.041
556.000 0.025
557.000 0.015
558.000 0.009
559.000 0.006
560.000 0.003
561.000 0.002
562.000 0.002
563.000 0.001
564.000 0.001
565.000 0.001
566.000 0.001
567.000 0.000
568.000 0.000
569.000 0.000
570.000 0.000
571.000 0.000
572.000 0.000
573.000 0.000
574.000 0.000
575.000 0.000
576.000 0.000
577.000 0.000
578.000 0.000
579.000 0.000
580.000 0.000
581.000 0.000
582.000 0.000
583.000 0.000
584.000 0.000
585.000 0.000
586.000 0.000
587.000 0.000
588.000 0.000
589.000 0.000
590.000 0.000
591.000 0.000
592.000 0.000
593.000 0.000
594.000 0.000
595.000 0.000
596.000 0.000
597.000 0.000
598.000 0.000
599.000 0.000
600.000 0.000
601.000 0.000
602.000 0.000
603.000 0.000
604.000 0.000
605.000 0.000
606.000 0.000
607.000 0.000
608.000 0.000
609.000 0.000
610.000 0.000
611.000 0.000
612.000 0.000
613.000 0.000
614.000 0.000
615.000 0.000
616.000 0.000
617.000 0.000
618.000 0.000
619.000 0.000
620.000 0.000
621.000 0.000
622.000 0.000
623.000 0.000
624.000 0.000
625.000 0.000
626.000 0.000
627.000 0.000
628.000 0.000
629.000 0.000
630.000 0.000
631.000 0.000
632.000 0.000
633.000 0.000
634.000 0.000
635.000 0.000
636.000 0.000
637.000 0.000
638.000 0.000
639.000 0.000
640.000 0.000
641.000 0.000
642.000 0.000
643.000 0.000
644.000 0.000
645.000 0.000
646.000 0.000
647.000 0.000
648.000 0.000
649.000 0.000
650.000 0.000
651.000 0.000
652.000 0.000
653.000 0.000
654.000 0.000
655.000 0.000
656.000 0.000
657.000 0.000
658.000 0.000
659.000 0.000
660.000 0.000
661.000 0.000
662.000 0.000
663.000 0.000
664.000 0.000
665.000 0.000
666.000 0.000
667.000 0.000
668.000 0.000
669.000 0.000
670.000 0.000
671.000 0.000
672.000 0.000
673.000 0.000
674.000 0.000
675.000 0.000
676.000 0.000
677.000 0.000
678.000 0.000
679.000 0.000
680.000 0.000
681.000 0.000
682.000 0.000
683.000 0.000
684.000 0.000
685.000 0.000
686.000 0.000
687.000 0.000
688.000 0.000
689.000 0.000
690.000 0.000
691.000 0.000
692.000 0.000
693.000 0.000
694.000 0.000
695.000 0.000
696.000 0.000
697.000 0.000
698.000 0.000
699.000 0.000
700.000 0.000
701.000 0.000
702.000 0.000
703.000 0.000
704.000 0.000
705.000 0.000
706.000 0.000
707.000 0.000
708.000 0.000
709.000 0.000
710.000 0.000
711.000 0.000
712.000 0.000
713.000 0.000
714.000 0.000
715.000 0.000
716.000 0.000
717.000 0.000
718.000 0.000
719.000 0.000
720.000 0.000
721.000 0.000
722.000 0.000
723.000 0.000
724.000 0.000
725.000 0.000
726.000 0.000
727.000 0.000
728.000 0.000
729.000 0.000
730.000 0.000
731.000 0.000
732.000 0.000
733.000 0.000
734.000 0.000
735.000 0.000
736.000 0.000
737.000 0.000
738.000 0.000
739.000 0.000
740.000 0.000
741.000 0.000
742.000 0.000
743.000 0.000
744.000 0.000
745.000 0.000
746.000 0.000
747.000 0.000
748.000 0.000
749.000 0.000
750.000 0.000
751.000 0.000
752.000 0.000
753.000 0.000
754.000 0.000
755.000 0.000
756.000 0.000
757.000 0.000
758.000 0.000
759.000 0.000
760.000 0.000
761.000 0.000
762.000 0.000
763.000 0.000
764.000 0.000
765.000 0.000
766.000 0.000
767.000 0.000
768.000 0.000
769.000 0.000
770.000 0.000
771.000 0.000
772.000 0.000
773.000 0.000
774.000 0.000
775.000 0.000
776.000 0.000
777.000 0.000
778.000 0.000
779.000 0.000
780.000 0.000
781.000 0.000
782.000 0.000
783.000 0.000
784.000 0.000
785.000 0.000
786.000 0.000
787.000 0.000
788.000 0.000
789.000 0.000
790.000 0.000
791.000 0.000
792.000 0.000
793.000 0.000
794.000 0.000
795.000 0.000
796.000 0.000
797.000 0.000
798.000 0.000
799.000 0.000
800.000 0.000
801.000 0.000
802.000 0.000
803.000 0.000
804.000 0.000
805.000 0.000
806.000 0.000
807.000 0.000
808.000 0.000
809.000 0.000
810.000 0.000
811.000 0.000
812.000 0.000
813.000 0.000
814.000 0.000
815.000 0.000
816.000 0.000
817.000 0.000
818.000 0.000
819.000 0.000
820.000 0.000
821.000 0.000
822.000 0.000
823.000 0.000
824.000 0.000
825.000 0.000
826.000 0.000
827.000 0.000
828.000 0.000
829.000 0.000
830.000 0.000
831.000 0.000
832.000 0.000
833.000 0.000
834.000 0.000
835.000 0.000
836.000 0.000
837.000 0.000
838.000 0.000
839.000 0.000
840.000 0.000
841.000 0.000
842.000 0.000
843.000 0.000
844.000 0.000
845.000 0.000
846.000 0.000
847.000 0.000
848.000 0.000
849.000 0.000
850.000 0.000
851.000 0.000
852.000 0.000
853.000 0.000
854.000 0.000
855.000 0.000
856.000 0.000
857.000 0.000
858.000 0.000
859.000 0.000
860.000 0.000
861.000 0.000
862.000 0.000
863.000 0.000
864.000 0.000
865.000 0.000
866.000 0.000
867.000 0.000
868.000 0.000
869.000 0.000
870.000 0.000
871.000 0.000
872.000 0.000
873.000 0.000
874.000 0.000
875.000 0.000
876.000 0.000
877.000 0.000
878.000 0.000
879.000 0.000
880.000 0.000
881.000 0.000
882.000 0.000
883.000 0.000
884.000 0.000
885.000 0.000
886.000 0.000
887.000 0.000
888.000 0.000
889.000 0.000
890.000 0.000
891.000 0.000
892.000 0.000
893.000 0.000
894.000 0.000
895.000 0.000
896.000 0.000
897.000 0.000
898.000 0.000
899.000 0.000
900.000 0.000
901.000 0.000
902.000 0.000
903.000 0.000
904.000 0.000
905.000 0.000
906.000 0.000
907.000 0.000
908.000 0.000
909.000 0.000
910.000 0.000
911.000 0.000
912.000 0.000
913.000 0.000
914.000 0.000
915.000 0.000
916.000 0.000
917.000 0.000
918.000 0.000
919.000 0.000
920.000 0.000
921.000 0.000
922.000 0.000
923.000 0.000
924.000 0.000
925.000 0.000
926.000 0.000
927.000 0.000
928.000 0.000
929.000 0.000
930.000 0.000
931.000 0.000
932.000 0.000
933.000 0.000
934.000 0.000
935.000 0.000
936.000 0.000
937.000 0.000
938.000 0.000
939.000 0.000
940.000 0.000
941.000 0.000
942.000 0.000
943.000 0.000
944.000 0.000
945.000 0.000
946.000 0.000
947.000 0.000
948.000 0.000
949.000 0.000
950.000 0.000
951.000 0.000
952.000 0.000
953.000 0.000
954.000 0.000
955.000 0.000
956.000 0.000
957.000 0.000
958.000 0.000
959.000 0.000
960.000 0.000
961.000 0.000
962.000 0.000
963.000 0.000
964.000 0.000
965.000 0.000
966.000 0.000
967.000 0.000
968.000 0.000
969.000 0.000
970.000 0.000
971.000 0.000
972.000 0.000
973.000 0.000
974.000 0.000
975.000 0.000
976.000 0.000
977.000 0.000
978.000 0.000
979.000 0.000
980.000 0.000
981.000 0.000
982.000 0.000
983.000 0.000
984.000 0.000
985.000 0.000
986.000 0.000
987.000 0.000
988.000 0.000
989.000 0.000
990.000 0.000
991.000 0.000
992.000 0.000
993.000 0.000
994.000 0.000
995.000 0.000
996.000 0.000
997.000 0.000
998.000 0.000
999.000 0.000
1000.000 0.000
1001.000 0.000
1002.000 0.000
1003.000 0.000
1004.000 0.000
1005.000 0.000
1006.000 0.000
1007.000 0.000
1008.000 0.000
1009.000 0.000
1010.000 0.000
1011.000 0.000
1012.000 0.000
1013.000 0.000
1014.000 0.000
1015.000 0.000
1016.000 0.000
1017.000 0.000
1018.000 0.000
1019.000 0.000
1020.000 0.000
1021.000 0.000
1022.000 0.000
1023.000 0.000
1024.000 0.000
1025.000 0.000
1026.000 0.000
1027.000 0.000
1028.000 0.000
1029.000 0.000
1030.000 0.000
1031.000 0.000
1032.000 0.000
1033.000 0.000
1034.000 0.000
1035.000 0.000
1036.000 0.000
1037.000 0.000
1038.000 0.000
1039.000 0.000
1040.000 0.000
1041.000 0.000
1042.000 0.000
1043.000 0.000
1044.000 0.000
1045.000 0.000
1046.000 0.000
1047.000 0.000
1048.000 0.000
1049.000 0.000
1050.000 0.000
1051.000 0.000
1052.000 0.000
1053.000 0.000
1054.000 0.000
1055.000 0.000
1056.000 0.000
1057.000 0.000
1058.000 0.000
1059.000 0.000
1060.000 0.000
1061.000 0.000
1062.000 0.000
1063.000 0.000
1064.000 0.000
1065.000 0.000
1066.000 0.000
1067.000 0.000
1068.000 0.000
1069.000 0.000
1070.000 0.000
1071.000 0.000
1072.000 0.000
1073.000 0.000
1074.000 0.000
1075.000 0.000
1076.000 0.000
1077.000 0.000
1078.000 0.000
1079.000 0.000
1080.000 0.000
1081.000 0.000
1082.000 0.000
1083.000 0.000
1084.000 0.000
1085.000 0.000
1086.000 0.000
1087.000 0.000
1088.000 0.000
1089.000 0.000
1090.000 0.000
1091.000 0.000
1092.000 0.000
1093.000 0.000
1094.000 0.000
1095.000 0.000
1096.000 0.000
1097.000 0.000
1098.000 0.000
1099.000 0.000
1100.000 0.000
