       3160.00     0.0333247
       3170.00     0.0357887
       3180.00     0.0308518
       3190.00     0.0232207
       3200.00     0.0236483
       3210.00     0.0192969
       3220.00     0.0173959
       3230.00     0.0163921
       3240.00     0.0152922
       3250.00     0.0148110
       3260.00     0.0178215
       3270.00     0.0170488
       3280.00     0.0177100
       3290.00     0.0243772
       3300.00     0.0272333
       3310.00     0.0250682
       3320.00     0.0223970
       3330.00     0.0250513
       3340.00     0.0285517
       3350.00     0.0285230
       3360.00     0.0272431
       3370.00     0.0258246
       3380.00     0.0281297
       3390.00     0.0285775
       3400.00     0.0305546
       3410.00     0.0285210
       3420.00     0.0340863
       3430.00     0.0353398
       3440.00     0.0292082
       3450.00     0.0321430
       3460.00     0.0343765
       3470.00     0.0332131
       3480.00     0.0342334
       3490.00     0.0346780
       3500.00     0.0370140
       3510.00     0.0403081
       3520.00     0.0330373
       3530.00     0.0433794
       3540.00     0.0537166
       3550.00     0.0497773
       3560.00     0.0427744
       3570.00     0.0334765
       3580.00     0.0273518
       3590.00     0.0354530
       3600.00     0.0391688
       3610.00     0.0398998
       3620.00     0.0510646
       3630.00     0.0576285
       3640.00     0.0524750
       3650.00     0.0604002
       3660.00     0.0691359
       3670.00     0.0683024
       3680.00     0.0608342
       3690.00     0.0669570
       3700.00     0.0641654
       3710.00     0.0567177
       3720.00     0.0556742
       3730.00     0.0471467
       3740.00     0.0425389
       3750.00     0.0486377
       3760.00     0.0602703
       3770.00     0.0738004
       3780.00     0.0795677
       3790.00     0.0697879
       3800.00     0.0739903
       3810.00     0.0717580
       3820.00     0.0556051
       3830.00     0.0547923
       3840.00     0.0658458
       3850.00     0.0670523
       3860.00     0.0688412
       3870.00     0.0663387
       3880.00     0.0690233
       3890.00     0.0751511
       3900.00     0.0836999
       3910.00     0.0861985
       3920.00     0.0714354
       3930.00     0.0537836
       3940.00     0.0614346
       3950.00     0.0876032
       3960.00     0.0736792
       3970.00     0.0754735
       3980.00      0.125560
       3990.00      0.158426
       4000.00      0.169228
       4010.00      0.193107
       4020.00      0.199835
       4030.00      0.190081
       4040.00      0.202690
       4050.00      0.216944
       4060.00      0.219698
       4070.00      0.212039
       4080.00      0.247194
       4090.00      0.269280
       4100.00      0.252917
       4110.00      0.255528
       4120.00      0.257436
       4130.00      0.255666
       4140.00      0.251846
       4150.00      0.278166
       4160.00      0.287969
       4170.00      0.275015
       4180.00      0.286591
       4190.00      0.283873
       4200.00      0.283422
       4210.00      0.290847
       4220.00      0.224339
       4230.00      0.220003
       4240.00      0.315144
       4250.00      0.319305
       4260.00      0.320334
       4270.00      0.337769
       4280.00      0.313527
       4290.00      0.321405
       4300.00      0.325502
       4310.00      0.404506
       4320.00      0.462976
       4330.00      0.473280
       4340.00      0.513429
       4350.00      0.520304
       4360.00      0.549518
       4370.00      0.538509
       4380.00      0.480849
       4390.00      0.490108
       4400.00      0.512669
       4410.00      0.514513
       4420.00      0.560485
       4430.00      0.578886
       4440.00      0.614055
       4450.00      0.599055
       4460.00      0.573931
       4470.00      0.647644
       4480.00      0.703483
       4490.00      0.697487
       4500.00      0.732975
       4510.00      0.751508
       4520.00      0.714228
       4530.00      0.666242
       4540.00      0.710039
       4550.00      0.764049
       4560.00      0.845651
       4570.00      0.880271
       4580.00      0.856019
       4590.00      0.822587
       4600.00      0.840356
       4610.00      0.954597
       4620.00      0.965444
       4630.00      0.861296
       4640.00      0.782497
       4650.00      0.838856
       4660.00      0.881560
       4670.00      0.837494
       4680.00      0.858772
       4690.00      0.906007
       4700.00      0.948810
       4710.00      0.942774
       4720.00      0.970471
       4730.00      0.993045
       4740.00       1.03091
       4750.00       1.03572
       4760.00      0.894673
       4770.00      0.814576
       4780.00      0.848731
       4790.00      0.918527
       4800.00      0.936540
       4810.00      0.911755
       4820.00      0.943067
       4830.00      0.958564
       4840.00      0.983389
       4850.00      0.966132
       4860.00      0.947581
       4870.00      0.985110
       4880.00       1.01511
       4890.00       1.07346
       4900.00       1.15920
       4910.00       1.18693
       4920.00       1.25092
       4930.00       1.27739
       4940.00       1.34286
       4950.00       1.20852
       4960.00      0.981554
       4970.00      0.962430
       4980.00       1.02021
       4990.00       1.01342
       5000.00      0.989801
       5010.00      0.932631
       5020.00      0.978123
       5030.00       1.06523
       5040.00       1.13527
       5050.00       1.18853
       5060.00       1.21294
       5070.00       1.19934
       5080.00       1.17480
       5090.00       1.19761
       5100.00       1.18820
       5110.00       1.21256
       5120.00       1.21260
       5130.00       1.21707
       5140.00       1.26002
       5150.00       1.23532
       5160.00       1.18999
       5170.00      0.945165
       5180.00      0.830541
       5190.00      0.980570
       5200.00      0.996714
       5210.00       1.05915
       5220.00       1.23545
       5230.00       1.33485
       5240.00       1.35200
       5250.00       1.31461
       5260.00       1.28115
       5270.00       1.30531
       5280.00       1.49206
       5290.00       1.56066
       5300.00       1.59739
       5310.00       1.63629
       5320.00       1.59548
       5330.00       1.54771
       5340.00       1.58400
       5350.00       1.69893
       5360.00       1.80035
       5370.00       1.75538
       5380.00       1.79014
       5390.00       1.75871
       5400.00       1.65900
       5410.00       1.72980
       5420.00       1.92544
       5430.00       1.87481
       5440.00       1.86788
       5450.00       1.66515
       5460.00       1.45484
       5470.00       1.51381
       5480.00       1.60367
       5490.00       1.67337
       5500.00       1.65983
       5510.00       1.60818
       5520.00       1.73101
       5530.00       1.82892
       5540.00       1.86493
       5550.00       1.91447
       5560.00       1.85822
       5570.00       1.83449
       5580.00       1.85326
       5590.00       1.80929
       5600.00       1.71474
       5610.00       1.70831
       5620.00       1.71369
       5630.00       1.64084
       5640.00       1.69082
       5650.00       1.73309
       5660.00       1.82037
       5670.00       1.78376
       5680.00       1.89233
       5690.00       1.97554
       5700.00       1.99202
       5710.00       1.95038
       5720.00       2.02975
       5730.00       2.04769
       5740.00       2.15631
       5760.00       2.17020
       5780.00       2.18399
       5800.00       2.31034
       5820.00       2.33007
       5840.00       2.24749
       5860.00       2.04590
       5880.00       1.81024
       5900.00       1.68212
       5920.00       1.75642
       5940.00       1.86370
       5960.00       1.95278
       5980.00       2.04602
       6000.00       2.15600
       6020.00       2.29670
       6040.00       2.50390
       6060.00       2.63315
       6080.00       2.66187
       6100.00       2.65469
       6120.00       2.70173
       6140.00       2.72531
       6160.00       2.36442
       6180.00       1.94303
       6200.00       1.89552
       6220.00       1.77524
       6240.00       1.72705
       6260.00       1.89248
       6280.00       2.08249
       6300.00       2.30887
       6320.00       2.58176
       6340.00       2.71851
       6360.00       2.78739
       6380.00       2.88849
       6400.00       3.06590
       6420.00       3.11683
       6440.00       3.21155
       6460.00       3.30862
       6480.00       3.17565
       6500.00       3.01728
       6520.00       3.21136
       6540.00       3.27250
       6560.00       3.25097
       6580.00       3.27995
       6600.00       3.35897
       6620.00       3.30733
       6640.00       3.20895
       6660.00       3.09693
       6680.00       2.96858
       6700.00       2.88057
       6720.00       2.81703
       6740.00       2.75950
       6760.00       2.89142
       6780.00       2.95832
       6800.00       3.02760
       6820.00       3.22007
       6840.00       3.44186
       6860.00       3.39041
       6880.00       3.46727
       6900.00       3.72211
       6920.00       3.92757
       6940.00       4.02132
       6960.00       4.20842
       6980.00       4.32932
       7000.00       4.42247
       7020.00       4.56636
       7040.00       4.54531
       7060.00       4.03614
       7080.00       3.47098
       7100.00       3.29715
       7120.00       3.11099
       7140.00       2.95903
       7160.00       3.23910
       7180.00       3.48991
       7200.00       3.48284
       7220.00       3.73683
       7240.00       4.07444
       7260.00       4.28235
       7280.00       4.53856
       7300.00       4.74277
       7320.00       4.92774
       7340.00       5.07559
       7360.00       5.25351
       7380.00       5.44074
       7400.00       5.56424
       7420.00       5.56839
       7440.00       5.65907
       7460.00       5.72895
       7480.00       5.73262
       7500.00       5.78047
       7520.00       5.94139
       7540.00       5.95201
       7560.00       5.96633
       7580.00       6.09676
       7600.00       5.28947
       7620.00       5.04816
       7640.00       5.25186
       7660.00       5.04900
       7680.00       4.68073
       7700.00       4.95636
       7720.00       5.10667
       7740.00       5.22072
       7760.00       5.21580
       7780.00       5.21457
       7800.00       5.35296
       7820.00       5.43130
       7840.00       5.41382
       7860.00       5.47475
       7880.00       5.57021
       7900.00       5.48059
       7920.00       5.45121
       7940.00       5.48638
       7960.00       5.65343
       7980.00       5.70453
       8000.00       5.85954
       8020.00       5.86854
       8040.00       5.96702
       8060.00       6.01331
       8080.00       6.03476
       8100.00       6.01050
       8120.00       6.16830
       8140.00       6.32998
       8160.00       6.21466
       8180.00       6.15663
       8200.00       6.27905
       8220.00       6.30985
       8240.00       6.33361
       8260.00       6.56019
       8280.00       6.44484
       8300.00       6.25930
       8320.00       6.15548
       8340.00       6.07145
       8360.00       6.18493
       8380.00       6.16678
       8400.00       6.22537
       8420.00       6.28707
       8440.00       6.15211
       8460.00       6.09055
       8480.00       6.10187
       8500.00       5.99393
       8520.00       5.96763
       8540.00       5.72523
       8560.00       6.06255
       8580.00       6.50536
       8600.00       6.58273
       8620.00       6.68500
       8640.00       6.55883
       8660.00       6.17735
       8680.00       6.20675
       8700.00       6.59632
       8720.00       6.85161
       8740.00       6.91177
       8760.00       6.89707
       8780.00       6.95686
       8800.00       7.02607
       8820.00       6.95108
       8840.00       7.16461
       8860.00       7.12171
       8880.00       6.96384
       8900.00       6.98968
       8920.00       7.05576
       8940.00       7.04845
       8960.00       7.22190
       8980.00       7.28913
       9000.00       7.05618
       9020.00       7.22006
       9040.00       7.72158
       9060.00       7.58538
       9080.00       7.27352
       9100.00       7.26690
       9120.00       7.30703
       9140.00       7.10351
       9160.00       6.93086
       9180.00       7.04161
       9200.00       7.20438
       9220.00       7.21956
       9240.00       7.01228
       9260.00       6.90101
       9280.00       7.07798
       9300.00       6.88354
       9320.00       6.76818
       9340.00       7.00818
       9360.00       6.23338
       9380.00       6.65623
       9400.00       7.42284
       9420.00       6.71040
       9440.00       6.42934
       9460.00       6.71807
       9480.00       6.87571
       9500.00       6.98086
       9520.00       7.17608
       9540.00       7.15806
       9560.00       7.21639
       9580.00       7.06491
       9600.00       7.13108
       9620.00       7.26195
       9640.00       7.18401
       9660.00       7.11031
       9680.00       7.26976
       9700.00       7.15519
       9720.00       7.17554
       9740.00       7.17053
       9760.00       7.18786
       9780.00       7.09957
       9800.00       7.24742
       9820.00       7.32138
       9840.00       7.41333
       9860.00       7.44535
       9880.00       7.52325
       9900.00       7.47458
       9920.00       7.40032
       9940.00       7.30350
       9960.00       7.40483
       9980.00       7.49057
       10000.0       7.48222
       10020.0       7.47201
       10040.0       7.38072
       10060.0       7.41688
       10080.0       7.43317
       10100.0       7.47752
       10120.0       7.58720
       10140.0       7.42001
       10160.0       7.50327
       10180.0       7.50713
       10200.0       7.52676
       10220.0       7.56671
       10240.0       7.63793
       10260.0       7.60828
       10280.0       7.62848
       10300.0       7.63941
       10320.0       7.59799
       10340.0       7.56773
       10360.0       7.65915
       10380.0       7.65169
       10400.0       7.77083
       10420.0       7.76682
       10440.0       7.78460
       10460.0       7.71087
       10480.0       7.77386
       10500.0       7.70314
       10520.0       7.78031
       10540.0       7.79430
       10560.0       7.82079
       10580.0       7.70934
       10600.0       7.76448
       10620.0       7.84438
