       3160.00       12.4352
       3170.00       12.2178
       3180.00       12.8227
       3190.00       12.5955
       3200.00       11.8669
       3210.00       11.2656
       3220.00       11.5980
       3230.00       12.3372
       3240.00       11.8815
       3250.00       11.8614
       3260.00       12.4623
       3270.00       12.2711
       3280.00       12.2044
       3290.00       12.3487
       3300.00       12.7471
       3310.00       12.2547
       3320.00       11.6016
       3330.00       11.8836
       3340.00       11.5577
       3350.00       11.5932
       3360.00       11.8821
       3370.00       11.3030
       3380.00       11.2822
       3390.00       12.0001
       3400.00       11.9115
       3410.00       11.5735
       3420.00       12.1285
       3430.00       11.6303
       3440.00       11.3146
       3450.00       11.3436
       3460.00       11.4063
       3470.00       10.9589
       3480.00       10.9948
       3490.00       10.9724
       3500.00       10.8802
       3510.00       10.9554
       3520.00       11.0545
       3530.00       11.3703
       3540.00       11.1666
       3550.00       11.0661
       3560.00       11.2774
       3570.00       10.9653
       3580.00       10.9853
       3590.00       11.1476
       3600.00       10.9923
       3610.00       10.9648
       3620.00       10.9316
       3630.00       10.7253
       3640.00       10.9096
       3650.00       10.9322
       3660.00       10.8849
       3670.00       10.8726
       3680.00       10.5304
       3690.00       10.9870
       3700.00       10.8248
       3710.00       11.7635
       3720.00       12.8890
       3730.00       13.4029
       3740.00       14.2986
       3750.00       15.9340
       3760.00       17.0308
       3770.00       17.4718
       3780.00       22.1131
       3790.00       21.4897
       3800.00       19.3190
       3810.00       26.3800
       3820.00       28.2271
       3830.00       20.0217
       3840.00       20.0001
       3850.00       29.1142
       3860.00       32.7928
       3870.00       32.1849
       3880.00       24.4733
       3890.00       18.6529
       3900.00       26.0034
       3910.00       32.7549
       3920.00       34.9274
       3930.00       33.6456
       3940.00       33.7766
       3950.00       33.4483
       3960.00       25.6901
       3970.00       18.8219
       3980.00       27.0388
       3990.00       34.2078
       4000.00       35.5074
       4010.00       35.8440
       4020.00       35.2778
       4030.00       35.2431
       4040.00       35.4987
       4050.00       35.2269
       4060.00       35.2189
       4070.00       34.1376
       4080.00       32.1997
       4090.00       25.3581
       4100.00       18.7240
       4110.00       22.9249
       4120.00       30.3613
       4130.00       33.1256
       4140.00       33.8177
       4150.00       34.1727
       4160.00       33.8600
       4170.00       33.4722
       4180.00       33.0098
       4190.00       33.8210
       4200.00       34.0449
       4210.00       33.9641
       4220.00       33.8836
       4230.00       33.1738
       4240.00       33.5227
       4250.00       32.8672
       4260.00       33.2903
       4270.00       32.7881
       4280.00       32.8858
       4290.00       32.2627
       4300.00       31.6673
       4310.00       30.6050
       4320.00       28.1418
       4330.00       20.0425
       4340.00       16.2745
       4350.00       21.5155
       4360.00       28.9344
       4370.00       30.4530
       4380.00       31.0646
       4390.00       30.3385
       4400.00       30.8508
       4410.00       30.4667
       4420.00       30.5183
       4430.00       30.6659
       4440.00       30.4528
       4450.00       29.9534
       4460.00       29.7668
       4470.00       28.7468
       4480.00       27.8978
       4490.00       28.2865
       4500.00       28.4604
       4510.00       28.5391
       4520.00       28.6881
       4530.00       28.5777
       4540.00       28.3035
       4550.00       27.7496
       4560.00       28.0158
       4570.00       27.6281
       4580.00       27.9633
       4590.00       27.6934
       4600.00       27.7954
       4610.00       27.6426
       4620.00       27.4675
       4630.00       27.2011
       4640.00       27.1884
       4650.00       27.1757
       4660.00       26.5001
       4670.00       26.6030
       4680.00       27.2292
       4690.00       26.7395
       4700.00       26.8639
       4710.00       26.6259
       4720.00       26.8404
       4730.00       26.2656
       4740.00       26.4125
       4750.00       26.4241
       4760.00       26.3462
       4770.00       25.9113
       4780.00       26.1023
       4790.00       25.9143
       4800.00       25.4386
       4810.00       25.5407
       4820.00       24.7583
       4830.00       24.3761
       4840.00       22.8508
       4850.00       17.5114
       4860.00       14.4302
       4870.00       16.9997
       4880.00       21.8775
       4890.00       23.5759
       4900.00       24.3540
       4910.00       24.5215
       4920.00       24.2984
       4930.00       24.2275
       4940.00       24.8039
       4950.00       24.5170
       4960.00       24.3817
       4970.00       24.1611
       4980.00       23.7061
       4990.00       23.6799
       5000.00       23.4834
       5010.00       23.4152
       5020.00       23.1988
       5030.00       23.2586
       5040.00       22.9376
       5050.00       22.9133
       5060.00       22.7206
       5070.00       22.6968
       5080.00       22.4634
       5090.00       22.1262
       5100.00       22.2499
       5110.00       21.9562
       5120.00       22.0382
       5130.00       21.6213
       5140.00       21.9109
       5150.00       21.9098
       5160.00       21.9086
       5170.00       21.7014
       5180.00       21.4743
       5190.00       21.4740
       5200.00       21.4737
       5210.00       21.4939
       5220.00       21.2486
       5230.00       21.0042
       5240.00       20.9845
       5250.00       21.0460
       5260.00       20.9654
       5270.00       20.8043
       5280.00       20.6640
       5290.00       21.0278
       5300.00       20.7067
       5310.00       20.6476
       5320.00       20.3685
       5330.00       20.3702
       5340.00       20.5516
       5350.00       20.5132
       5360.00       20.4550
       5370.00       20.0399
       5380.00       20.1809
       5390.00       20.1830
       5400.00       19.9878
       5410.00       19.9312
       5420.00       19.8157
       5430.00       19.8577
       5440.00       19.5745
       5450.00       19.5464
       5460.00       19.1378
       5470.00       19.1184
       5480.00       19.2566
       5490.00       19.2079
       5500.00       19.1149
       5510.00       18.8056
       5520.00       18.8468
       5530.00       18.9187
       5540.00       18.8711
       5550.00       18.8563
       5560.00       18.9144
       5570.00       18.9225
       5580.00       18.7244
       5590.00       18.7938
       5600.00       18.8344
       5610.00       18.6508
       5620.00       18.7636
       5630.00       18.6338
       5640.00       18.5629
       5650.00       18.4943
       5660.00       18.4258
       5670.00       18.3576
       5680.00       18.2897
       5690.00       18.2219
       5700.00       18.1563
       5710.00       18.0891
       5720.00       18.0220
       5730.00       17.9553
       5740.00       17.8906
       5760.00       17.8617
       5780.00       17.9382
       5800.00       17.8157
       5820.00       17.7051
       5840.00       17.5842
       5860.00       17.2878
       5880.00       16.9971
       5900.00       17.0406
       5920.00       17.0856
       5940.00       16.9420
       5960.00       16.7779
       5980.00       16.7040
       6000.00       16.5808
       6020.00       16.3859
       6040.00       16.1270
       6060.00       16.2689
       6080.00       16.2803
       6100.00       16.1972
       6120.00       16.0833
       6140.00       15.8453
       6160.00       15.7108
       6180.00       15.5703
       6200.00       15.4410
       6220.00       15.4702
       6240.00       15.4991
       6260.00       15.2283
       6280.00       14.9627
       6300.00       14.8661
       6320.00       14.7887
       6340.00       14.6379
       6360.00       14.5315
       6380.00       14.4893
       6400.00       14.5090
       6420.00       14.1783
       6440.00       13.9655
       6460.00       13.8382
       6480.00       13.7379
       6500.00       13.8891
       6520.00       13.5213
       6540.00       11.5281
       6560.00       10.8401
       6580.00       12.3470
       6600.00       13.4623
       6620.00       13.6582
       6640.00       13.4839
       6660.00       13.3554
       6680.00       13.2022
       6700.00       13.2137
       6720.00       13.1585
       6740.00       13.0910
       6760.00       13.0601
       6780.00       12.7764
       6800.00       12.8971
       6820.00       12.9437
       6840.00       13.0787
       6860.00       12.5187
       6880.00       12.4049
       6900.00       12.5187
       6920.00       12.5272
       6940.00       12.2439
       6960.00       12.3098
       6980.00       11.9738
       7000.00       12.0598
       7020.00       12.0361
       7040.00       11.9777
       7060.00       11.9649
       7080.00       11.9582
       7100.00       11.8224
       7120.00       11.6949
       7140.00       11.5607
       7160.00       11.5507
       7180.00       11.6744
       7200.00       11.4673
       7220.00       11.3146
       7240.00       11.1862
       7260.00       11.1510
       7280.00       10.9330
       7300.00       11.0081
       7320.00       11.0596
       7340.00       10.9365
       7360.00       10.9010
       7380.00       10.8108
       7400.00       10.9141
       7420.00       10.7640
       7440.00       10.7494
       7460.00       10.6420
       7480.00       10.5851
       7500.00       10.5071
       7520.00       10.6138
       7540.00       10.8725
       7560.00       10.9791
       7580.00       10.3850
       7600.00       8.65710
       7620.00       10.5710
       7640.00       10.1445
       7660.00       10.1597
       7680.00       9.06915
       7700.00       9.64614
       7720.00       9.73156
       7740.00       9.72707
       7760.00       9.76653
       7780.00       9.66884
       7800.00       9.81480
       7820.00       9.67524
       7840.00       9.65056
       7860.00       9.28576
       7880.00       9.13779
       7900.00       9.10656
       7920.00       9.07281
       7940.00       9.14254
       7960.00       9.29626
       7980.00       9.11808
       8000.00       8.85955
       8020.00       8.80025
       8040.00       8.92679
       8060.00       9.12276
       8080.00       8.97886
       8100.00       8.73438
       8120.00       9.03960
       8140.00       9.00430
       8160.00       8.65319
       8180.00       8.65808
       8200.00       8.86305
       8220.00       8.55892
       8240.00       8.33384
       8260.00       8.71225
       8280.00       8.68734
       8300.00       8.48284
       8320.00       8.70833
       8340.00       8.52264
       8360.00       8.05490
       8380.00       8.37643
       8400.00       8.74589
       8420.00       8.30626
       8440.00       8.52518
       8460.00       8.16120
       8480.00       8.43219
       8500.00       8.27196
       8520.00       8.32883
       8540.00       8.21949
       8560.00       8.54259
       8580.00       7.86078
       8600.00       8.07418
       8620.00       8.18400
       8640.00       8.02693
       8660.00       7.49411
       8680.00       8.41835
       8700.00       8.49697
       8720.00       8.10847
       8740.00       7.33408
       8760.00       7.92671
       8780.00       8.59430
       8800.00       8.97554
       8820.00       8.67009
       8840.00       7.67056
       8860.00       7.03271
       8880.00       7.92278
       8900.00       8.69152
       8920.00       8.71265
       8940.00       8.72653
       8960.00       7.88177
       8980.00       7.57115
       9000.00       6.64866
       9020.00       6.75086
       9040.00       8.06425
       9060.00       8.05115
       9080.00       7.77878
       9100.00       8.21247
       9120.00       8.17343
       9140.00       8.12640
       9160.00       8.31919
       9180.00       8.04456
       9200.00       7.59740
       9220.00       6.35596
       9240.00       6.85419
       9260.00       7.40665
       9280.00       7.97395
       9300.00       7.85140
       9320.00       7.84712
       9340.00       7.69571
       9360.00       7.43111
       9380.00       7.23011
       9400.00       7.79054
       9420.00       6.66779
       9440.00       6.39745
       9460.00       7.32890
       9480.00       7.41122
       9500.00       6.96942
       9520.00       6.42875
       9540.00       5.76079
       9560.00       6.01177
       9580.00       7.10586
       9600.00       6.83800
       9620.00       6.88027
       9640.00       7.04947
       9660.00       6.95546
       9680.00       6.97852
       9700.00       6.85648
       9720.00       6.79853
       9740.00       7.18166
       9760.00       6.91477
       9780.00       7.04661
       9800.00       6.82457
       9820.00       6.90181
       9840.00       6.88887
       9860.00       6.73225
       9880.00       6.91490
       9900.00       6.69429
       9920.00       6.58842
       9940.00       6.61804
       9960.00       6.89466
       9980.00       6.61927
       10000.0       6.72750
       10020.0       5.69218
       10040.0       5.30835
       10060.0       5.68861
       10080.0       6.17836
       10100.0       6.50160
       10120.0       6.45084
       10140.0       6.29522
       10160.0       6.36148
       10180.0       6.66611
       10200.0       6.24461
       10220.0       6.26679
       10240.0       6.64058
       10260.0       6.59025
       10280.0       6.53079
       10300.0       6.33501
       10320.0       5.96550
       10340.0       6.09823
       10360.0       6.33123
       10380.0       6.06241
       10400.0       6.11222
       10420.0       5.97165
       10440.0       5.92245
       10460.0       5.54849
       10480.0       5.56434
       10500.0       5.79829
       10520.0       5.83487
       10540.0       5.59635
       10560.0       5.98531
       10580.0       5.76855
       10600.0       4.95754
       10620.0       5.53613
