       3160.00      0.390657
       3170.00      0.380050
       3180.00      0.352840
       3190.00      0.315289
       3200.00      0.283307
       3210.00      0.281924
       3220.00      0.218752
       3230.00      0.202720
       3240.00      0.228619
       3250.00      0.344623
       3260.00      0.341287
       3270.00      0.375735
       3280.00      0.354204
       3290.00      0.426609
       3300.00      0.430245
       3310.00      0.409048
       3320.00      0.370318
       3330.00      0.359739
       3340.00      0.389803
       3350.00      0.382286
       3360.00      0.337046
       3370.00      0.318409
       3380.00      0.356438
       3390.00      0.433097
       3400.00      0.411390
       3410.00      0.433855
       3420.00      0.423956
       3430.00      0.456614
       3440.00      0.441512
       3450.00      0.444364
       3460.00      0.499778
       3470.00      0.459047
       3480.00      0.441630
       3490.00      0.426153
       3500.00      0.500606
       3510.00      0.526010
       3520.00      0.461140
       3530.00      0.473258
       3540.00      0.526714
       3550.00      0.512277
       3560.00      0.430013
       3570.00      0.408167
       3580.00      0.328673
       3590.00      0.441186
       3600.00      0.563337
       3610.00      0.533576
       3620.00      0.622348
       3630.00      0.647738
       3640.00      0.613412
       3650.00      0.734958
       3660.00      0.802076
       3670.00      0.754479
       3680.00      0.733877
       3690.00      0.772700
       3700.00      0.768984
       3710.00      0.737144
       3720.00      0.781043
       3730.00      0.594305
       3740.00      0.538491
       3750.00      0.645751
       3760.00      0.678211
       3770.00      0.760564
       3780.00      0.816984
       3790.00      0.680790
       3800.00      0.660504
       3810.00      0.632947
       3820.00      0.488159
       3830.00      0.407301
       3840.00      0.456334
       3850.00      0.446335
       3860.00      0.411054
       3870.00      0.451084
       3880.00      0.545454
       3890.00      0.767040
       3900.00      0.895847
       3910.00      0.914097
       3920.00      0.797026
       3930.00      0.465656
       3940.00      0.536638
       3950.00      0.888574
       3960.00      0.742327
       3970.00      0.615530
       3980.00       1.06148
       3990.00       1.37335
       4000.00       1.49189
       4010.00       1.57730
       4020.00       1.62782
       4030.00       1.61083
       4040.00       1.51589
       4050.00       1.49281
       4060.00       1.43770
       4070.00       1.41147
       4080.00       1.49906
       4090.00       1.60929
       4100.00       1.55786
       4110.00       1.56775
       4120.00       1.53812
       4130.00       1.49890
       4140.00       1.44726
       4150.00       1.39878
       4160.00       1.47988
       4170.00       1.43493
       4180.00       1.46224
       4190.00       1.51865
       4200.00       1.52938
       4210.00       1.71747
       4220.00       1.70912
       4230.00       1.77439
       4240.00       1.89096
       4250.00       1.92478
       4260.00       1.94383
       4270.00       1.94915
       4280.00       1.82637
       4290.00       1.72991
       4300.00       1.46906
       4310.00       1.75682
       4320.00       2.11251
       4330.00       2.04549
       4340.00       2.20688
       4350.00       2.28812
       4360.00       2.33721
       4370.00       2.33692
       4380.00       2.09687
       4390.00       2.09575
       4400.00       2.19458
       4410.00       2.25699
       4420.00       2.34501
       4430.00       2.31116
       4440.00       2.37967
       4450.00       2.35808
       4460.00       2.28391
       4470.00       2.51014
       4480.00       2.63989
       4490.00       2.57409
       4500.00       2.72320
       4510.00       2.82669
       4520.00       2.56011
       4530.00       2.46360
       4540.00       2.54486
       4550.00       2.65268
       4560.00       2.70939
       4570.00       2.72411
       4580.00       2.71948
       4590.00       2.67024
       4600.00       2.72468
       4610.00       2.87775
       4620.00       2.99408
       4630.00       2.94251
       4640.00       2.76307
       4650.00       2.82190
       4660.00       2.77405
       4670.00       2.73844
       4680.00       2.88919
       4690.00       2.84150
       4700.00       2.80171
       4710.00       2.90660
       4720.00       2.99148
       4730.00       3.01190
       4740.00       3.13475
       4750.00       3.12307
       4760.00       3.04944
       4770.00       3.13734
       4780.00       3.19841
       4790.00       3.22149
       4800.00       3.22691
       4810.00       3.27030
       4820.00       3.28809
       4830.00       3.20770
       4840.00       3.16872
       4850.00       3.08228
       4860.00       2.85697
       4870.00       2.94717
       4880.00       3.01313
       4890.00       3.17943
       4900.00       3.30776
       4910.00       3.18775
       4920.00       3.10944
       4930.00       3.14060
       4940.00       3.25537
       4950.00       3.33763
       4960.00       3.28718
       4970.00       3.29673
       4980.00       3.17439
       4990.00       3.15917
       5000.00       3.10587
       5010.00       2.96541
       5020.00       3.03910
       5030.00       3.16798
       5040.00       3.15014
       5050.00       3.20315
       5060.00       3.29087
       5070.00       3.18774
       5080.00       3.11783
       5090.00       3.15825
       5100.00       3.17450
       5110.00       3.25749
       5120.00       3.28524
       5130.00       3.19116
       5140.00       3.19472
       5150.00       3.24154
       5160.00       3.10490
       5170.00       3.00064
       5180.00       3.07314
       5190.00       3.14731
       5200.00       3.19725
       5210.00       3.32369
       5220.00       3.30655
       5230.00       3.27143
       5240.00       3.43954
       5250.00       3.42381
       5260.00       3.23102
       5270.00       3.16697
       5280.00       3.43744
       5290.00       3.54102
       5300.00       3.56010
       5310.00       3.72583
       5320.00       3.53917
       5330.00       3.49335
       5340.00       3.59285
       5350.00       3.72199
       5360.00       3.80983
       5370.00       3.63036
       5380.00       3.66504
       5390.00       3.56101
       5400.00       3.43468
       5410.00       3.49068
       5420.00       3.57019
       5430.00       3.55807
       5440.00       3.57146
       5450.00       3.69902
       5460.00       3.70327
       5470.00       3.64621
       5480.00       3.55016
       5490.00       3.59489
       5500.00       3.66174
       5510.00       3.65145
       5520.00       3.71758
       5530.00       3.75080
       5540.00       3.73316
       5550.00       3.79879
       5560.00       3.80640
       5570.00       3.77434
       5580.00       3.82515
       5590.00       3.69258
       5600.00       3.62504
       5610.00       3.81901
       5620.00       3.76219
       5630.00       3.76264
       5640.00       3.79513
       5650.00       3.76709
       5660.00       3.75334
       5670.00       3.74318
       5680.00       3.82850
       5690.00       3.84648
       5700.00       3.79746
       5710.00       3.73806
       5720.00       3.83333
       5730.00       4.02988
       5740.00       3.95290
       5760.00       3.87294
       5780.00       3.88386
       5800.00       3.97086
       5820.00       4.08832
       5840.00       4.03306
       5860.00       3.97475
       5880.00       3.78024
       5900.00       3.75722
       5920.00       4.00569
       5940.00       4.06319
       5960.00       4.09672
       5980.00       4.06959
       6000.00       4.02925
       6020.00       4.01253
       6040.00       4.11892
       6060.00       4.17491
       6080.00       4.15127
       6100.00       4.18374
       6120.00       4.16351
       6140.00       4.01913
       6160.00       3.99305
       6180.00       4.09384
       6200.00       4.15512
       6220.00       4.12885
       6240.00       4.02874
       6260.00       4.03832
       6280.00       4.07661
       6300.00       4.14654
       6320.00       4.15883
       6340.00       4.18055
       6360.00       4.23371
       6380.00       4.28653
       6400.00       4.24489
       6420.00       4.28484
       6440.00       4.29648
       6460.00       4.29872
       6480.00       4.24826
       6500.00       4.27226
       6520.00       4.42238
       6540.00       4.33517
       6560.00       4.23013
       6580.00       4.37595
       6600.00       4.47830
       6620.00       4.47993
       6640.00       4.48156
       6660.00       4.43494
       6680.00       4.49380
       6700.00       4.49237
       6720.00       4.47004
       6740.00       4.48359
       6760.00       4.47329
       6780.00       4.48971
       6800.00       4.52375
       6820.00       4.53110
       6840.00       4.71160
       6860.00       4.40223
       6880.00       4.26977
       6900.00       4.51057
       6920.00       4.49173
       6940.00       4.37752
       6960.00       4.35052
       6980.00       4.24312
       7000.00       4.16503
       7020.00       4.22181
       7040.00       4.34101
       7060.00       4.34294
       7080.00       4.30514
       7100.00       4.27605
       7120.00       4.21609
       7140.00       4.18741
       7160.00       4.24302
       7180.00       4.10256
       7200.00       4.05491
       7220.00       4.10764
       7240.00       4.01032
       7260.00       3.99650
       7280.00       3.96622
       7300.00       3.98561
       7320.00       4.01312
       7340.00       3.98851
       7360.00       3.98858
       7380.00       4.01042
       7400.00       3.96160
       7420.00       3.98610
       7440.00       4.02666
       7460.00       4.01856
       7480.00       4.07492
       7500.00       4.06941
       7520.00       4.14403
       7540.00       4.21826
       7560.00       4.29740
       7580.00       4.12712
       7600.00       3.58257
       7620.00       4.39268
       7640.00       4.23400
       7660.00       4.20722
       7680.00       3.77272
       7700.00       3.95328
       7720.00       3.95864
       7740.00       4.01327
       7760.00       4.09349
       7780.00       4.11652
       7800.00       4.13943
       7820.00       4.12884
       7840.00       4.15417
       7860.00       4.14104
       7880.00       4.02096
       7900.00       4.01332
       7920.00       3.92713
       7940.00       3.96782
       7960.00       4.04109
       7980.00       4.11651
       8000.00       4.09618
       8020.00       4.13604
       8040.00       4.11826
       8060.00       4.16285
       8080.00       4.14012
       8100.00       4.04561
       8120.00       4.20627
       8140.00       4.21814
       8160.00       4.04539
       8180.00       4.03796
       8200.00       4.22400
       8220.00       4.06228
       8240.00       4.21325
       8260.00       4.35133
       8280.00       4.34082
       8300.00       4.21182
       8320.00       4.16549
       8340.00       4.19162
       8360.00       4.21522
       8380.00       4.46633
       8400.00       4.30988
       8420.00       4.31157
       8440.00       4.17526
       8460.00       4.24134
       8480.00       4.08216
       8500.00       4.12689
       8520.00       4.05122
       8540.00       3.98295
       8560.00       4.28797
       8580.00       4.52370
       8600.00       4.42446
       8620.00       4.50038
       8640.00       4.20411
       8660.00       4.08079
       8680.00       4.36286
       8700.00       4.45900
       8720.00       4.59153
       8740.00       4.54197
       8760.00       4.35281
       8780.00       4.52357
       8800.00       4.24632
       8820.00       4.36646
       8840.00       4.31569
       8860.00       4.37394
       8880.00       4.32791
       8900.00       4.38361
       8920.00       4.40980
       8940.00       4.26966
       8960.00       4.24445
       8980.00       4.28419
       9000.00       4.13411
       9020.00       4.38985
       9040.00       4.60447
       9060.00       4.25522
       9080.00       3.99154
       9100.00       4.14384
       9120.00       4.20301
       9140.00       3.96314
       9160.00       3.87557
       9180.00       3.96774
       9200.00       4.14463
       9220.00       4.09209
       9240.00       4.09192
       9260.00       4.02237
       9280.00       4.23224
       9300.00       4.06336
       9320.00       3.83058
       9340.00       4.29319
       9360.00       3.76273
       9380.00       3.87672
       9400.00       4.42813
       9420.00       3.62366
       9440.00       3.51601
       9460.00       3.99676
       9480.00       3.78923
       9500.00       4.04757
       9520.00       3.99899
       9540.00       4.24107
       9560.00       4.10198
       9580.00       3.95927
       9600.00       3.82762
       9620.00       3.84471
       9640.00       3.80549
       9660.00       3.86205
       9680.00       3.87896
       9700.00       3.84612
       9720.00       4.02413
       9740.00       3.81383
       9760.00       3.93769
       9780.00       3.87420
       9800.00       3.82737
       9820.00       3.96475
       9840.00       3.80160
       9860.00       3.92015
       9880.00       3.82889
       9900.00       4.06251
       9920.00       3.87418
       9940.00       4.01182
       9960.00       4.02393
       9980.00       4.01586
       10000.0       4.03193
       10020.0       4.19822
       10040.0       3.96387
       10060.0       3.88812
       10080.0       3.74296
       10100.0       3.83296
       10120.0       3.89087
       10140.0       3.70299
       10160.0       3.76685
       10180.0       3.83835
       10200.0       3.78751
       10220.0       3.63668
       10240.0       3.80997
       10260.0       3.72231
       10280.0       3.91625
       10300.0       3.80337
       10320.0       3.62868
       10340.0       3.69545
       10360.0       3.76390
       10380.0       3.73537
       10400.0       3.74557
       10420.0       3.64395
       10440.0       3.66967
       10460.0       3.70297
       10480.0       3.72081
       10500.0       3.67930
       10520.0       3.61886
       10540.0       3.56437
       10560.0       3.54811
       10580.0       3.68184
       10600.0       3.48547
       10620.0       3.41651
