       3160.00       3.20313
       3170.00       3.37167
       3180.00       2.07248
       3190.00       1.81977
       3200.00       2.07909
       3210.00       2.02031
       3220.00       1.63182
       3230.00       1.54219
       3240.00       1.45882
       3250.00       1.74328
       3260.00       2.38038
       3270.00       2.34612
       3280.00       2.08824
       3290.00       2.59004
       3300.00       2.68136
       3310.00       2.14497
       3320.00       2.15308
       3330.00       2.22395
       3340.00       2.04008
       3350.00       2.26843
       3360.00       1.92249
       3370.00       1.77957
       3380.00       2.14769
       3390.00       2.42592
       3400.00       2.51545
       3410.00       2.63158
       3420.00       2.64510
       3430.00       2.50258
       3440.00       2.19171
       3450.00       2.27032
       3460.00       2.54708
       3470.00       2.34088
       3480.00       2.37217
       3490.00       2.33235
       3500.00       2.64074
       3510.00       2.94535
       3520.00       2.51984
       3530.00       2.73237
       3540.00       2.97505
       3550.00       2.50856
       3560.00       2.12503
       3570.00       1.87517
       3580.00       1.58656
       3590.00       2.17346
       3600.00       2.82705
       3610.00       2.79400
       3620.00       3.30785
       3630.00       3.60250
       3640.00       3.53866
       3650.00       3.95269
       3660.00       4.53668
       3670.00       4.43515
       3680.00       4.11765
       3690.00       4.40340
       3700.00       4.47610
       3710.00       4.17640
       3720.00       3.77964
       3730.00       2.76667
       3740.00       2.45949
       3750.00       2.90558
       3760.00       3.40681
       3770.00       3.94387
       3780.00       4.35125
       3790.00       3.52250
       3800.00       3.35222
       3810.00       3.18695
       3820.00       2.10033
       3830.00       1.80619
       3840.00       2.11088
       3850.00       2.14494
       3860.00       2.07340
       3870.00       2.18202
       3880.00       2.57793
       3890.00       3.81855
       3900.00       4.64786
       3910.00       4.77061
       3920.00       4.22126
       3930.00       2.42096
       3940.00       2.86730
       3950.00       4.96724
       3960.00       4.20018
       3970.00       3.38752
       3980.00       6.05590
       3990.00       7.95207
       4000.00       8.49776
       4010.00       9.29264
       4020.00       9.70133
       4030.00       9.17944
       4040.00       8.65662
       4050.00       8.61066
       4060.00       8.74365
       4070.00       8.40404
       4080.00       9.44009
       4090.00       10.1754
       4100.00       9.81048
       4110.00       9.54082
       4120.00       9.49348
       4130.00       9.00886
       4140.00       8.38223
       4150.00       8.10147
       4160.00       8.46506
       4170.00       8.37652
       4180.00       8.59475
       4190.00       8.84590
       4200.00       8.92308
       4210.00       9.95970
       4220.00       10.1586
       4230.00       10.1312
       4240.00       11.6644
       4250.00       11.2888
       4260.00       11.4326
       4270.00       11.1226
       4280.00       10.6578
       4290.00       10.2615
       4300.00       8.42438
       4310.00       10.1083
       4320.00       12.2125
       4330.00       12.6345
       4340.00       13.2512
       4350.00       13.1095
       4360.00       13.6603
       4370.00       13.5770
       4380.00       12.0387
       4390.00       12.4909
       4400.00       12.9444
       4410.00       13.2731
       4420.00       14.4374
       4430.00       14.2635
       4440.00       14.8402
       4450.00       14.9635
       4460.00       14.2409
       4470.00       15.7464
       4480.00       16.6990
       4490.00       16.3861
       4500.00       17.6176
       4510.00       18.6038
       4520.00       17.1336
       4530.00       16.8068
       4540.00       17.2117
       4550.00       17.8712
       4560.00       18.7899
       4570.00       19.0290
       4580.00       18.7979
       4590.00       18.2610
       4600.00       18.9605
       4610.00       20.2003
       4620.00       20.3259
       4630.00       20.0024
       4640.00       19.0056
       4650.00       18.8056
       4660.00       18.9301
       4670.00       18.6215
       4680.00       18.8979
       4690.00       18.7635
       4700.00       18.7024
       4710.00       19.2337
       4720.00       20.0731
       4730.00       20.0909
       4740.00       20.5768
       4750.00       20.7701
       4760.00       20.4724
       4770.00       21.1424
       4780.00       21.4434
       4790.00       21.4551
       4800.00       21.7453
       4810.00       22.0166
       4820.00       22.2307
       4830.00       21.8607
       4840.00       21.3657
       4850.00       21.0664
       4860.00       19.9867
       4870.00       19.6418
       4880.00       20.4646
       4890.00       21.3917
       4900.00       22.4747
       4910.00       21.6610
       4920.00       20.9981
       4930.00       21.2123
       4940.00       22.2840
       4950.00       22.9519
       4960.00       22.7478
       4970.00       22.8251
       4980.00       22.1736
       4990.00       21.6701
       5000.00       21.4589
       5010.00       20.4164
       5020.00       20.7980
       5030.00       22.1427
       5040.00       22.0056
       5050.00       22.3452
       5060.00       23.1784
       5070.00       22.6023
       5080.00       21.7931
       5090.00       22.0997
       5100.00       21.6491
       5110.00       22.0884
       5120.00       21.5756
       5130.00       20.9900
       5140.00       21.5692
       5150.00       21.2068
       5160.00       20.5839
       5170.00       19.3580
       5180.00       19.5815
       5190.00       21.1010
       5200.00       22.0290
       5210.00       22.4728
       5220.00       22.5688
       5230.00       22.6589
       5240.00       23.8267
       5250.00       23.7840
       5260.00       21.8129
       5270.00       21.0857
       5280.00       22.9105
       5290.00       24.5160
       5300.00       24.7409
       5310.00       25.6428
       5320.00       24.8110
       5330.00       23.9022
       5340.00       24.4356
       5350.00       25.5601
       5360.00       26.3459
       5370.00       25.7352
       5380.00       25.5525
       5390.00       25.1857
       5400.00       23.7057
       5410.00       23.9853
       5420.00       24.9386
       5430.00       24.8770
       5440.00       25.3308
       5450.00       25.7568
       5460.00       25.7983
       5470.00       25.4910
       5480.00       24.6344
       5490.00       24.9783
       5500.00       25.8357
       5510.00       25.4428
       5520.00       25.5565
       5530.00       25.8576
       5540.00       26.0421
       5550.00       26.7386
       5560.00       26.8441
       5570.00       26.4383
       5580.00       26.2379
       5590.00       25.8092
       5600.00       25.4836
       5610.00       27.2135
       5620.00       27.5955
       5630.00       26.9905
       5640.00       27.1192
       5650.00       27.4238
       5660.00       27.6016
       5670.00       27.5529
       5680.00       28.5314
       5690.00       29.2315
       5700.00       28.4064
       5710.00       27.8084
       5720.00       28.5558
       5730.00       30.2193
       5740.00       28.6794
       5760.00       28.4810
       5780.00       28.4563
       5800.00       29.4130
       5820.00       30.2165
       5840.00       29.6257
       5860.00       29.5003
       5880.00       28.3353
       5900.00       28.1669
       5920.00       30.0185
       5940.00       29.8456
       5960.00       30.1990
       5980.00       29.9552
       6000.00       29.5708
       6020.00       29.9216
       6040.00       30.6235
       6060.00       30.8276
       6080.00       30.4922
       6100.00       30.7421
       6120.00       30.1069
       6140.00       29.4991
       6160.00       29.9576
       6180.00       30.2751
       6200.00       30.4069
       6220.00       30.4235
       6240.00       29.6420
       6260.00       29.8882
       6280.00       30.6313
       6300.00       30.9857
       6320.00       31.2029
       6340.00       31.4186
       6360.00       31.6777
       6380.00       32.1583
       6400.00       31.7021
       6420.00       32.1352
       6440.00       31.8145
       6460.00       31.6719
       6480.00       31.0692
       6500.00       31.0611
       6520.00       32.4716
       6540.00       31.7849
       6560.00       31.2325
       6580.00       32.1322
       6600.00       32.9619
       6620.00       32.9268
       6640.00       32.9347
       6660.00       33.0067
       6680.00       33.2274
       6700.00       32.9158
       6720.00       32.9026
       6740.00       33.0372
       6760.00       32.8342
       6780.00       32.9052
       6800.00       33.1432
       6820.00       33.3798
       6840.00       34.1351
       6860.00       32.5629
       6880.00       32.0547
       6900.00       33.3021
       6920.00       33.3087
       6940.00       32.2696
       6960.00       32.0951
       6980.00       31.5139
       7000.00       31.4035
       7020.00       31.5167
       7040.00       32.3165
       7060.00       32.1443
       7080.00       32.0736
       7100.00       31.8430
       7120.00       31.6736
       7140.00       31.6048
       7160.00       31.3774
       7180.00       31.0126
       7200.00       30.9264
       7220.00       31.7276
       7240.00       31.4237
       7260.00       31.2588
       7280.00       31.1729
       7300.00       31.7502
       7320.00       32.6547
       7340.00       32.4688
       7360.00       32.7093
       7380.00       32.9098
       7400.00       32.9747
       7420.00       33.3460
       7440.00       33.8301
       7460.00       33.8538
       7480.00       33.5541
       7500.00       33.7871
       7520.00       34.7757
       7540.00       36.4384
       7560.00       37.2454
       7580.00       36.1898
       7600.00       30.9275
       7620.00       36.2799
       7640.00       35.1793
       7660.00       34.9945
       7680.00       31.4946
       7700.00       32.8541
       7720.00       33.8932
       7740.00       34.2468
       7760.00       34.6719
       7780.00       34.5645
       7800.00       34.5488
       7820.00       34.6060
       7840.00       34.5904
       7860.00       34.1946
       7880.00       33.1328
       7900.00       32.1664
       7920.00       31.9235
       7940.00       31.9327
       7960.00       32.8892
       7980.00       32.8067
       8000.00       33.1516
       8020.00       33.1931
       8040.00       33.6060
       8060.00       33.7168
       8080.00       33.0346
       8100.00       32.2153
       8120.00       33.0997
       8140.00       32.5464
       8160.00       31.3333
       8180.00       31.5350
       8200.00       32.9329
       8220.00       32.8874
       8240.00       32.8939
       8260.00       33.5205
       8280.00       32.4429
       8300.00       32.3819
       8320.00       31.4148
       8340.00       32.0730
       8360.00       31.5708
       8380.00       32.2255
       8400.00       33.0296
       8420.00       32.6301
       8440.00       33.1428
       8460.00       33.4681
       8480.00       32.4999
       8500.00       33.0260
       8520.00       31.9298
       8540.00       30.9887
       8560.00       33.4760
       8580.00       34.2437
       8600.00       34.0814
       8620.00       34.3324
       8640.00       32.4579
       8660.00       31.6436
       8680.00       32.8329
       8700.00       34.1148
       8720.00       34.9829
       8740.00       34.3494
       8760.00       34.7745
       8780.00       34.8411
       8800.00       33.8242
       8820.00       33.8604
       8840.00       34.3954
       8860.00       34.2856
       8880.00       33.9681
       8900.00       33.8278
       8920.00       34.0231
       8940.00       33.6924
       8960.00       33.0296
       8980.00       33.1462
       9000.00       31.5232
       9020.00       33.9930
       9040.00       36.1370
       9060.00       34.1413
       9080.00       31.8566
       9100.00       32.6622
       9120.00       32.2941
       9140.00       31.4607
       9160.00       30.2426
       9180.00       31.3081
       9200.00       33.1732
       9220.00       32.5303
       9240.00       32.8602
       9260.00       32.3744
       9280.00       33.8532
       9300.00       33.5968
       9320.00       31.1126
       9340.00       32.4018
       9360.00       28.8667
       9380.00       31.8540
       9400.00       35.4493
       9420.00       28.5318
       9440.00       27.7177
       9460.00       30.2310
       9480.00       31.1278
       9500.00       31.4816
       9520.00       34.6138
       9540.00       34.8992
       9560.00       33.3230
       9580.00       32.7336
       9600.00       31.5390
       9620.00       31.1333
       9640.00       30.6112
       9660.00       30.8865
       9680.00       31.9839
       9700.00       31.0965
       9720.00       30.5056
       9740.00       30.7789
       9760.00       31.4302
       9780.00       30.6240
       9800.00       31.4181
       9820.00       32.1365
       9840.00       32.1001
       9860.00       31.5443
       9880.00       31.7685
       9900.00       31.7187
       9920.00       32.3575
       9940.00       31.8630
       9960.00       32.2990
       9980.00       32.6763
       10000.0       32.8528
       10020.0       33.2984
       10040.0       32.0700
       10060.0       32.6710
       10080.0       32.0415
       10100.0       31.7668
       10120.0       32.3507
       10140.0       32.4693
       10160.0       32.3914
       10180.0       32.6073
       10200.0       31.9994
       10220.0       32.0064
       10240.0       32.2912
       10260.0       31.9648
       10280.0       32.8161
       10300.0       32.7109
       10320.0       32.4683
       10340.0       32.0064
       10360.0       32.5764
       10380.0       32.5548
       10400.0       32.1091
       10420.0       32.5117
       10440.0       32.0951
       10460.0       32.1289
       10480.0       32.6921
       10500.0       33.0364
       10520.0       32.8789
       10540.0       33.3835
       10560.0       32.4310
       10580.0       31.5628
       10600.0       32.2818
       10620.0       32.4085
