       3160.00      0.240060
       3170.00      0.268880
       3180.00      0.244846
       3190.00      0.247061
       3200.00      0.240095
       3210.00      0.215326
       3220.00      0.175321
       3230.00      0.187052
       3240.00      0.149828
       3250.00      0.228655
       3260.00      0.316788
       3270.00      0.269386
       3280.00      0.269048
       3290.00      0.320286
       3300.00      0.314931
       3310.00      0.304218
       3320.00      0.291062
       3330.00      0.299534
       3340.00      0.322791
       3350.00      0.315260
       3360.00      0.267775
       3370.00      0.244511
       3380.00      0.292464
       3390.00      0.290022
       3400.00      0.316629
       3410.00      0.333429
       3420.00      0.332107
       3430.00      0.315766
       3440.00      0.291223
       3450.00      0.271419
       3460.00      0.305867
       3470.00      0.304529
       3480.00      0.321995
       3490.00      0.299092
       3500.00      0.336692
       3510.00      0.370012
       3520.00      0.306904
       3530.00      0.313784
       3540.00      0.369116
       3550.00      0.322960
       3560.00      0.276395
       3570.00      0.233423
       3580.00      0.185209
       3590.00      0.245153
       3600.00      0.339288
       3610.00      0.332143
       3620.00      0.399617
       3630.00      0.444823
       3640.00      0.451388
       3650.00      0.507934
       3660.00      0.626074
       3670.00      0.615727
       3680.00      0.537728
       3690.00      0.559208
       3700.00      0.574840
       3710.00      0.487912
       3720.00      0.425535
       3730.00      0.311095
       3740.00      0.265743
       3750.00      0.341468
       3760.00      0.368290
       3770.00      0.468106
       3780.00      0.542747
       3790.00      0.440479
       3800.00      0.392008
       3810.00      0.369180
       3820.00      0.268999
       3830.00      0.218767
       3840.00      0.250409
       3850.00      0.263968
       3860.00      0.256352
       3870.00      0.275665
       3880.00      0.321700
       3890.00      0.499730
       3900.00      0.627699
       3910.00      0.657018
       3920.00      0.604775
       3930.00      0.370063
       3940.00      0.409572
       3950.00      0.679471
       3960.00      0.603672
       3970.00      0.497799
       3980.00      0.853644
       3990.00       1.13070
       4000.00       1.23095
       4010.00       1.33465
       4020.00       1.40776
       4030.00       1.24736
       4040.00       1.09856
       4050.00       1.15898
       4060.00       1.13660
       4070.00       1.08315
       4080.00       1.27483
       4090.00       1.35217
       4100.00       1.28795
       4110.00       1.24623
       4120.00       1.21242
       4130.00       1.13845
       4140.00       1.04186
       4150.00      0.965789
       4160.00       1.05114
       4170.00       1.05195
       4180.00       1.10160
       4190.00       1.16993
       4200.00       1.23510
       4210.00       1.35365
       4220.00       1.32319
       4230.00       1.37255
       4240.00       1.65542
       4250.00       1.61422
       4260.00       1.58297
       4270.00       1.58577
       4280.00       1.48480
       4290.00       1.51784
       4300.00       1.22805
       4310.00       1.50850
       4320.00       1.82345
       4330.00       1.90942
       4340.00       2.12151
       4350.00       2.09339
       4360.00       2.15997
       4370.00       2.14550
       4380.00       1.82336
       4390.00       1.81650
       4400.00       1.94301
       4410.00       1.98401
       4420.00       2.19882
       4430.00       2.17193
       4440.00       2.28222
       4450.00       2.27798
       4460.00       2.14976
       4470.00       2.43763
       4480.00       2.55121
       4490.00       2.44884
       4500.00       2.66981
       4510.00       2.76542
       4520.00       2.49662
       4530.00       2.38609
       4540.00       2.50963
       4550.00       2.63438
       4560.00       2.78639
       4570.00       2.77899
       4580.00       2.74479
       4590.00       2.69088
       4600.00       2.73243
       4610.00       2.95095
       4620.00       3.05912
       4630.00       2.92707
       4640.00       2.65633
       4650.00       2.63357
       4660.00       2.71043
       4670.00       2.65242
       4680.00       2.69928
       4690.00       2.61449
       4700.00       2.57139
       4710.00       2.74100
       4720.00       2.91284
       4730.00       2.88908
       4740.00       2.99380
       4750.00       3.04217
       4760.00       2.94166
       4770.00       3.04063
       4780.00       3.10974
       4790.00       3.15043
       4800.00       3.27064
       4810.00       3.26631
       4820.00       3.27517
       4830.00       3.15347
       4840.00       3.08880
       4850.00       3.02195
       4860.00       2.88521
       4870.00       2.86911
       4880.00       2.98590
       4890.00       3.08762
       4900.00       3.23059
       4910.00       3.12389
       4920.00       3.01199
       4930.00       3.09273
       4940.00       3.25218
       4950.00       3.30288
       4960.00       3.27584
       4970.00       3.33426
       4980.00       3.16238
       4990.00       3.12386
       5000.00       3.02921
       5010.00       2.83523
       5020.00       2.93225
       5030.00       3.06080
       5040.00       3.11214
       5050.00       3.11069
       5060.00       3.17271
       5070.00       3.04056
       5080.00       2.90229
       5090.00       2.91723
       5100.00       2.87031
       5110.00       2.92909
       5120.00       2.85871
       5130.00       2.80252
       5140.00       2.85569
       5150.00       2.81281
       5160.00       2.58263
       5170.00       2.30082
       5180.00       2.34689
       5190.00       2.72124
       5200.00       2.82274
       5210.00       2.83292
       5220.00       3.00673
       5230.00       3.07602
       5240.00       3.22487
       5250.00       3.28933
       5260.00       2.98612
       5270.00       2.82925
       5280.00       3.20382
       5290.00       3.39973
       5300.00       3.55077
       5310.00       3.67847
       5320.00       3.45992
       5330.00       3.27975
       5340.00       3.42172
       5350.00       3.58391
       5360.00       3.70185
       5370.00       3.49563
       5380.00       3.54476
       5390.00       3.50288
       5400.00       3.22329
       5410.00       3.31479
       5420.00       3.56870
       5430.00       3.49569
       5440.00       3.51623
       5450.00       3.63562
       5460.00       3.63768
       5470.00       3.65639
       5480.00       3.53470
       5490.00       3.57844
       5500.00       3.67249
       5510.00       3.58848
       5520.00       3.66277
       5530.00       3.72784
       5540.00       3.72469
       5550.00       3.90370
       5560.00       3.80398
       5570.00       3.72242
       5580.00       3.75838
       5590.00       3.69492
       5600.00       3.60691
       5610.00       3.90435
       5620.00       3.85860
       5630.00       3.79190
       5640.00       3.86952
       5650.00       3.82408
       5660.00       3.87686
       5670.00       3.81758
       5680.00       3.97488
       5690.00       4.00274
       5700.00       3.96789
       5710.00       3.77696
       5720.00       3.96788
       5730.00       4.17544
       5740.00       4.10255
       5760.00       4.09863
       5780.00       4.06730
       5800.00       4.14213
       5820.00       4.30500
       5840.00       4.34456
       5860.00       4.23841
       5880.00       4.09589
       5900.00       3.69564
       5920.00       3.89075
       5940.00       4.28143
       5960.00       4.33026
       5980.00       4.31909
       6000.00       4.27166
       6020.00       4.28051
       6040.00       4.40418
       6060.00       4.48123
       6080.00       4.33608
       6100.00       4.22438
       6120.00       4.25592
       6140.00       4.32276
       6160.00       4.30229
       6180.00       4.31082
       6200.00       4.37045
       6220.00       4.33409
       6240.00       4.25349
       6260.00       4.17340
       6280.00       4.25480
       6300.00       4.29164
       6320.00       4.26237
       6340.00       4.20516
       6360.00       4.13895
       6380.00       4.25336
       6400.00       4.32988
       6420.00       4.24538
       6440.00       4.35224
       6460.00       4.35411
       6480.00       4.34984
       6500.00       4.24497
       6520.00       4.37788
       6540.00       4.55241
       6560.00       4.52946
       6580.00       4.59402
       6600.00       4.69423
       6620.00       4.60219
       6640.00       4.54654
       6660.00       4.43169
       6680.00       4.49261
       6700.00       4.43778
       6720.00       4.44817
       6740.00       4.47026
       6760.00       4.50688
       6780.00       4.53160
       6800.00       4.51827
       6820.00       4.49920
       6840.00       4.55270
       6860.00       4.53365
       6880.00       4.42251
       6900.00       4.30053
       6920.00       4.52298
       6940.00       4.45854
       6960.00       4.40585
       6980.00       4.35631
       7000.00       4.38634
       7020.00       4.33714
       7040.00       4.37268
       7060.00       4.43610
       7080.00       4.39837
       7100.00       4.38319
       7120.00       4.27065
       7140.00       4.25314
       7160.00       4.41567
       7180.00       4.28466
       7200.00       3.87907
       7220.00       4.14287
       7240.00       4.31760
       7260.00       4.11185
       7280.00       4.08966
       7300.00       4.03230
       7320.00       4.06190
       7340.00       4.12375
       7360.00       4.20680
       7380.00       4.18735
       7400.00       4.26978
       7420.00       4.21553
       7440.00       4.22018
       7460.00       4.28593
       7480.00       4.29037
       7500.00       4.25514
       7520.00       4.21746
       7540.00       4.10901
       7560.00       4.01423
       7580.00       4.49789
       7600.00       4.44953
       7620.00       4.06327
       7640.00       4.02149
       7660.00       4.32929
       7680.00       4.25865
       7700.00       4.68007
       7720.00       4.52672
       7740.00       4.38954
       7760.00       4.48807
       7780.00       4.49946
       7800.00       4.49554
       7820.00       4.53221
       7840.00       4.52317
       7860.00       4.49906
       7880.00       4.39205
       7900.00       4.22285
       7920.00       4.12209
       7940.00       4.04680
       7960.00       4.11881
       7980.00       4.23020
       8000.00       4.23697
       8020.00       4.19180
       8040.00       4.24054
       8060.00       4.17838
       8080.00       4.17539
       8100.00       3.92281
       8120.00       4.13285
       8140.00       4.16653
       8160.00       4.02029
       8180.00       4.00319
       8200.00       4.07803
       8220.00       4.15492
       8240.00       4.23625
       8260.00       4.63875
       8280.00       4.41927
       8300.00       4.31548
       8320.00       4.06924
       8340.00       4.05473
       8360.00       4.12091
       8380.00       4.15601
       8400.00       4.35614
       8420.00       4.32225
       8440.00       4.44588
       8460.00       4.40959
       8480.00       4.60957
       8500.00       4.37252
       8520.00       4.20870
       8540.00       4.10600
       8560.00       4.04315
       8580.00       4.24627
       8600.00       4.36316
       8620.00       4.56920
       8640.00       4.69627
       8660.00       4.31004
       8680.00       4.16994
       8700.00       4.36769
       8720.00       4.51680
       8740.00       4.23884
       8760.00       4.31062
       8780.00       4.36627
       8800.00       4.37888
       8820.00       4.19140
       8840.00       4.29628
       8860.00       4.41187
       8880.00       4.41309
       8900.00       4.42990
       8920.00       4.46441
       8940.00       4.23935
       8960.00       4.18564
       8980.00       4.19177
       9000.00       4.14502
       9020.00       4.25669
       9040.00       4.60469
       9060.00       4.78924
       9080.00       4.20237
       9100.00       3.98402
       9120.00       4.14264
       9140.00       4.02297
       9160.00       3.92763
       9180.00       3.75497
       9200.00       3.91055
       9220.00       4.11706
       9240.00       3.92366
       9260.00       3.95585
       9280.00       4.28695
       9300.00       3.94097
       9320.00       3.90486
       9340.00       3.72248
       9360.00       3.25285
       9380.00       3.60305
       9400.00       4.18583
       9420.00       4.26743
       9440.00       3.66624
       9460.00       3.61449
       9480.00       3.75114
       9500.00       3.92060
       9520.00       3.79576
       9540.00       4.12648
       9560.00       3.87526
       9580.00       3.64991
       9600.00       3.79717
       9620.00       3.81194
       9640.00       3.76702
       9660.00       3.70792
       9680.00       3.99923
       9700.00       4.00324
       9720.00       4.01744
       9740.00       3.91761
       9760.00       3.68211
       9780.00       3.66648
       9800.00       3.85519
       9820.00       3.98056
       9840.00       3.94427
       9860.00       3.92622
       9880.00       4.05269
       9900.00       3.96842
       9920.00       4.04834
       9940.00       3.99034
       9960.00       3.95048
       9980.00       3.99024
       10000.0       4.13885
       10020.0       4.00991
       10040.0       4.05918
       10060.0       3.95259
       10080.0       4.03914
       10100.0       3.96834
       10120.0       4.11719
       10140.0       4.13058
       10160.0       4.07757
       10180.0       4.07735
       10200.0       3.99745
       10220.0       4.09630
       10240.0       4.01281
       10260.0       3.94510
       10280.0       4.06854
       10300.0       4.00868
       10320.0       4.02780
       10340.0       3.95866
       10360.0       4.11557
       10380.0       3.94723
       10400.0       3.97204
       10420.0       4.14704
       10440.0       4.07264
       10460.0       4.11791
       10480.0       4.02305
       10500.0       4.20417
       10520.0       3.96253
       10540.0       4.13743
       10560.0       4.12397
       10580.0       4.18362
       10600.0       3.89335
       10620.0       4.05587
