       3160.00      0.291477
       3170.00      0.311741
       3180.00      0.347521
       3190.00      0.283148
       3200.00      0.282393
       3210.00      0.254137
       3220.00      0.241504
       3230.00      0.248200
       3240.00      0.269951
       3250.00      0.314399
       3260.00      0.385276
       3270.00      0.366224
       3280.00      0.386339
       3290.00      0.434681
       3300.00      0.441780
       3310.00      0.408511
       3320.00      0.387678
       3330.00      0.402945
       3340.00      0.403973
       3350.00      0.444838
       3360.00      0.370849
       3370.00      0.346132
       3380.00      0.402626
       3390.00      0.432864
       3400.00      0.521200
       3410.00      0.482961
       3420.00      0.508698
       3430.00      0.537791
       3440.00      0.403797
       3450.00      0.429300
       3460.00      0.502817
       3470.00      0.439728
       3480.00      0.483251
       3490.00      0.480323
       3500.00      0.568842
       3510.00      0.609501
       3520.00      0.501548
       3530.00      0.533829
       3540.00      0.645319
       3550.00      0.570405
       3560.00      0.462495
       3570.00      0.397802
       3580.00      0.314828
       3590.00      0.424914
       3600.00      0.567550
       3610.00      0.526822
       3620.00      0.655677
       3630.00      0.720788
       3640.00      0.685897
       3650.00      0.839492
       3660.00       1.00471
       3670.00      0.977120
       3680.00      0.858781
       3690.00      0.937561
       3700.00      0.920351
       3710.00      0.825357
       3720.00      0.757060
       3730.00      0.502983
       3740.00      0.443117
       3750.00      0.549490
       3760.00      0.638871
       3770.00      0.855652
       3780.00      0.937280
       3790.00      0.756967
       3800.00      0.737413
       3810.00      0.700009
       3820.00      0.453153
       3830.00      0.397421
       3840.00      0.506386
       3850.00      0.525312
       3860.00      0.523200
       3870.00      0.555909
       3880.00      0.606933
       3890.00      0.845028
       3900.00       1.04842
       3910.00       1.12589
       3920.00      0.976876
       3930.00      0.520420
       3940.00      0.659027
       3950.00       1.08510
       3960.00      0.890175
       3970.00      0.772660
       3980.00       1.45812
       3990.00       1.88665
       4000.00       2.03012
       4010.00       2.24317
       4020.00       2.35927
       4030.00       2.15695
       4040.00       1.98027
       4050.00       2.01939
       4060.00       2.05729
       4070.00       1.92493
       4080.00       2.25955
       4090.00       2.45369
       4100.00       2.31526
       4110.00       2.25718
       4120.00       2.20844
       4130.00       2.15290
       4140.00       2.00452
       4150.00       1.98171
       4160.00       2.14734
       4170.00       2.08454
       4180.00       2.15591
       4190.00       2.24970
       4200.00       2.28481
       4210.00       2.55802
       4220.00       2.42230
       4230.00       2.42441
       4240.00       2.91436
       4250.00       2.89385
       4260.00       2.90555
       4270.00       2.91136
       4280.00       2.70311
       4290.00       2.58665
       4300.00       2.20468
       4310.00       2.87376
       4320.00       3.75085
       4330.00       3.58040
       4340.00       3.99718
       4350.00       4.12521
       4360.00       4.16423
       4370.00       4.07882
       4380.00       3.38526
       4390.00       3.40588
       4400.00       3.59692
       4410.00       3.68558
       4420.00       3.99141
       4430.00       3.99176
       4440.00       4.21617
       4450.00       4.10703
       4460.00       4.03276
       4470.00       4.60147
       4480.00       4.82252
       4490.00       4.75085
       4500.00       5.07467
       4510.00       5.30423
       4520.00       4.74866
       4530.00       4.59817
       4540.00       4.88661
       4550.00       5.09907
       4560.00       5.32242
       4570.00       5.21463
       4580.00       5.23945
       4590.00       5.17836
       4600.00       5.29777
       4610.00       5.72957
       4620.00       5.87957
       4630.00       5.68244
       4640.00       5.24317
       4650.00       5.40037
       4660.00       5.42881
       4670.00       5.33996
       4680.00       5.54644
       4690.00       5.44270
       4700.00       5.40642
       4710.00       5.61761
       4720.00       5.88410
       4730.00       5.76475
       4740.00       6.03855
       4750.00       6.02846
       4760.00       5.80940
       4770.00       6.01100
       4780.00       6.09295
       4790.00       6.15552
       4800.00       6.36291
       4810.00       6.38243
       4820.00       6.38553
       4830.00       6.16548
       4840.00       6.21611
       4850.00       6.02467
       4860.00       5.77857
       4870.00       5.82884
       4880.00       5.84578
       4890.00       6.13814
       4900.00       6.52745
       4910.00       6.15451
       4920.00       6.07291
       4930.00       6.19597
       4940.00       6.42928
       4950.00       6.67422
       4960.00       6.37244
       4970.00       6.42050
       4980.00       6.20950
       4990.00       6.11731
       5000.00       6.02881
       5010.00       5.70485
       5020.00       5.80496
       5030.00       5.99285
       5040.00       5.97685
       5050.00       6.06844
       5060.00       6.06054
       5070.00       5.69620
       5080.00       5.67846
       5090.00       5.73408
       5100.00       5.71471
       5110.00       5.97285
       5120.00       5.79278
       5130.00       5.68129
       5140.00       5.79040
       5150.00       5.78238
       5160.00       5.44984
       5170.00       5.02878
       5180.00       5.19273
       5190.00       5.72823
       5200.00       5.80889
       5210.00       6.04438
       5220.00       6.42112
       5230.00       6.50633
       5240.00       6.78977
       5250.00       6.80053
       5260.00       6.17606
       5270.00       6.12108
       5280.00       7.10418
       5290.00       7.13855
       5300.00       7.40117
       5310.00       7.73696
       5320.00       7.13959
       5330.00       7.02043
       5340.00       7.35039
       5350.00       7.63030
       5360.00       7.97336
       5370.00       7.41508
       5380.00       7.51687
       5390.00       7.17684
       5400.00       6.78741
       5410.00       7.18019
       5420.00       7.56158
       5430.00       7.28887
       5440.00       7.33262
       5450.00       7.55114
       5460.00       7.69826
       5470.00       7.46746
       5480.00       7.35701
       5490.00       7.51727
       5500.00       7.67996
       5510.00       7.57574
       5520.00       7.78730
       5530.00       7.87816
       5540.00       7.91632
       5550.00       8.20828
       5560.00       8.15624
       5570.00       7.93322
       5580.00       7.92643
       5590.00       7.74911
       5600.00       7.72787
       5610.00       7.98749
       5620.00       7.93640
       5630.00       7.99593
       5640.00       7.96705
       5650.00       7.93828
       5660.00       7.95355
       5670.00       7.97607
       5680.00       8.10799
       5690.00       8.18845
       5700.00       8.05045
       5710.00       7.62982
       5720.00       8.14550
       5730.00       8.35555
       5740.00       8.44931
       5760.00       8.39839
       5780.00       8.34781
       5800.00       8.79787
       5820.00       8.95282
       5840.00       8.89377
       5860.00       8.75023
       5880.00       8.15649
       5900.00       8.19910
       5920.00       8.87161
       5940.00       8.84872
       5960.00       8.93030
       5980.00       8.96282
       6000.00       8.89840
       6020.00       9.13738
       6040.00       9.39537
       6060.00       9.39172
       6080.00       9.31992
       6100.00       9.39130
       6120.00       9.31320
       6140.00       8.96555
       6160.00       9.07103
       6180.00       9.24290
       6200.00       9.22645
       6220.00       9.06350
       6240.00       8.90159
       6260.00       8.88640
       6280.00       9.09572
       6300.00       9.23134
       6320.00       9.21524
       6340.00       9.41501
       6360.00       9.54834
       6380.00       9.73282
       6400.00       9.65059
       6420.00       9.74320
       6440.00       9.72582
       6460.00       9.73421
       6480.00       9.60181
       6500.00       9.54676
       6520.00       9.89893
       6540.00       9.66584
       6560.00       9.56686
       6580.00       9.86537
       6600.00       9.89828
       6620.00       9.81202
       6640.00       9.79495
       6660.00       9.66595
       6680.00       9.73009
       6700.00       9.66393
       6720.00       9.64750
       6740.00       9.71728
       6760.00       9.82343
       6780.00       9.80057
       6800.00       9.99729
       6820.00       10.1138
       6840.00       10.1206
       6860.00       9.61981
       6880.00       9.53762
       6900.00       9.91849
       6920.00       9.89581
       6940.00       9.64630
       6960.00       9.52328
       6980.00       9.39504
       7000.00       9.31490
       7020.00       9.44779
       7040.00       9.58582
       7060.00       9.70545
       7080.00       9.64290
       7100.00       9.45811
       7120.00       9.35003
       7140.00       9.27159
       7160.00       9.23411
       7180.00       9.16220
       7200.00       9.28068
       7220.00       9.28942
       7240.00       9.10345
       7260.00       9.10121
       7280.00       9.01927
       7300.00       9.06270
       7320.00       9.20216
       7340.00       9.03590
       7360.00       9.06767
       7380.00       9.13858
       7400.00       9.02425
       7420.00       9.07814
       7440.00       9.20974
       7460.00       9.16282
       7480.00       9.16603
       7500.00       9.23555
       7520.00       9.57479
       7540.00       9.89575
       7560.00       9.90247
       7580.00       8.44356
       7600.00       7.45594
       7620.00       9.88977
       7640.00       9.47866
       7660.00       9.52967
       7680.00       8.94352
       7700.00       9.21100
       7720.00       9.41802
       7740.00       9.61327
       7760.00       9.64725
       7780.00       9.63843
       7800.00       9.73595
       7820.00       9.68985
       7840.00       9.63869
       7860.00       9.61417
       7880.00       9.34252
       7900.00       9.27165
       7920.00       9.11739
       7940.00       9.20406
       7960.00       9.41006
       7980.00       9.50076
       8000.00       9.57545
       8020.00       9.60843
       8040.00       9.84232
       8060.00       9.67389
       8080.00       9.47039
       8100.00       9.26277
       8120.00       9.42374
       8140.00       9.42604
       8160.00       9.33182
       8180.00       9.41542
       8200.00       9.73621
       8220.00       9.79321
       8240.00       10.1216
       8260.00       9.97663
       8280.00       9.66717
       8300.00       9.78871
       8320.00       9.76518
       8340.00       9.59762
       8360.00       9.86721
       8380.00       9.99205
       8400.00       10.2940
       8420.00       10.1021
       8440.00       9.96031
       8460.00       10.1034
       8480.00       9.95244
       8500.00       10.0363
       8520.00       9.69164
       8540.00       9.54759
       8560.00       10.5664
       8580.00       10.5998
       8600.00       10.5655
       8620.00       10.5217
       8640.00       10.1567
       8660.00       9.66420
       8680.00       10.1911
       8700.00       10.4250
       8720.00       10.6055
       8740.00       10.4057
       8760.00       10.3205
       8780.00       10.4339
       8800.00       10.0286
       8820.00       10.2738
       8840.00       10.2036
       8860.00       10.3209
       8880.00       10.2977
       8900.00       10.2420
       8920.00       10.1911
       8940.00       10.1451
       8960.00       9.87728
       8980.00       9.88298
       9000.00       9.76890
       9020.00       10.3676
       9040.00       10.8032
       9060.00       10.1160
       9080.00       9.71479
       9100.00       10.1717
       9120.00       10.0903
       9140.00       9.43786
       9160.00       9.04617
       9180.00       9.24321
       9200.00       9.73225
       9220.00       9.64370
       9240.00       9.41647
       9260.00       9.31555
       9280.00       9.29101
       9300.00       8.65593
       9320.00       8.36160
       9340.00       8.92065
       9360.00       8.41444
       9380.00       9.15218
       9400.00       9.19445
       9420.00       8.10562
       9440.00       8.07527
       9460.00       8.78120
       9480.00       8.78017
       9500.00       8.60460
       9520.00       9.12209
       9540.00       9.22029
       9560.00       9.09693
       9580.00       9.04333
       9600.00       9.14971
       9620.00       8.96264
       9640.00       8.75484
       9660.00       9.20015
       9680.00       9.37385
       9700.00       9.20495
       9720.00       9.29689
       9740.00       8.92882
       9760.00       9.08465
       9780.00       9.24409
       9800.00       9.49170
       9820.00       9.56524
       9840.00       9.69745
       9860.00       9.58529
       9880.00       9.49457
       9900.00       9.47120
       9920.00       9.51060
       9940.00       9.42474
       9960.00       9.59726
       9980.00       9.51573
       10000.0       9.56716
       10020.0       9.75905
       10040.0       9.58685
       10060.0       9.58427
       10080.0       9.60638
       10100.0       9.57504
       10120.0       9.47420
       10140.0       9.54545
       10160.0       9.53482
       10180.0       9.41429
       10200.0       9.51368
       10220.0       9.56807
       10240.0       9.29841
       10260.0       9.30452
       10280.0       9.19368
       10300.0       9.30863
       10320.0       9.15001
       10340.0       9.30469
       10360.0       9.49079
       10380.0       9.26085
       10400.0       9.39849
       10420.0       9.47194
       10440.0       9.45380
       10460.0       9.48724
       10480.0       9.49682
       10500.0       9.64059
       10520.0       9.40161
       10540.0       9.36804
       10560.0       9.11477
       10580.0       9.25426
       10600.0       9.29546
       10620.0       9.28576
