       3160.00    0.00840210
       3170.00    0.00589766
       3180.00    0.00772033
       3190.00    0.00568350
       3200.00    0.00436412
       3210.00    0.00284572
       3220.00    0.00235439
       3230.00    0.00537980
       3240.00    0.00161701
       3250.00    0.00397011
       3260.00    0.00248154
       3270.00    0.00201169
       3280.00    0.00142718
       3290.00    0.00353640
       3300.00    0.00244531
       3310.00    0.00232890
       3320.00    0.00275449
       3330.00    0.00370413
       3340.00    0.00286817
       3350.00    0.00296430
       3360.00    0.00302406
       3370.00    0.00322452
       3380.00    0.00372694
       3390.00    0.00354879
       3400.00    0.00470587
       3410.00    0.00405796
       3420.00    0.00446223
       3430.00    0.00390712
       3440.00    0.00525361
       3450.00    0.00456625
       3460.00    0.00586410
       3470.00    0.00542954
       3480.00    0.00664249
       3490.00    0.00607116
       3500.00    0.00690681
       3510.00    0.00730003
       3520.00    0.00550887
       3530.00    0.00732436
       3540.00    0.00864240
       3550.00    0.00922226
       3560.00    0.00892360
       3570.00    0.00887830
       3580.00    0.00763903
       3590.00    0.00765409
       3600.00    0.00956921
       3610.00    0.00977555
       3620.00     0.0119425
       3630.00     0.0127320
       3640.00     0.0130753
       3650.00     0.0136906
       3660.00     0.0140690
       3670.00     0.0163092
       3680.00     0.0151819
       3690.00     0.0149954
       3700.00     0.0168820
       3710.00     0.0160162
       3720.00     0.0153031
       3730.00     0.0134320
       3740.00     0.0142331
       3750.00     0.0156908
       3760.00     0.0176071
       3770.00     0.0196324
       3780.00     0.0215704
       3790.00     0.0203510
       3800.00     0.0211288
       3810.00     0.0210239
       3820.00     0.0178351
       3830.00     0.0186892
       3840.00     0.0199841
       3850.00     0.0210652
       3860.00     0.0204475
       3870.00     0.0204059
       3880.00     0.0219744
       3890.00     0.0223612
       3900.00     0.0237643
       3910.00     0.0243114
       3920.00     0.0234323
       3930.00     0.0199726
       3940.00     0.0197491
       3950.00     0.0246559
       3960.00     0.0259332
       3970.00     0.0244113
       3980.00     0.0334862
       3990.00     0.0416983
       4000.00     0.0477897
       4010.00     0.0527303
       4020.00     0.0533923
       4030.00     0.0553096
       4040.00     0.0558184
       4050.00     0.0593306
       4060.00     0.0597556
       4070.00     0.0597869
       4080.00     0.0618426
       4090.00     0.0647742
       4100.00     0.0648637
       4110.00     0.0631896
       4120.00     0.0658855
       4130.00     0.0662524
       4140.00     0.0665124
       4150.00     0.0702634
       4160.00     0.0721500
       4170.00     0.0705520
       4180.00     0.0709727
       4190.00     0.0735012
       4200.00     0.0707727
       4210.00     0.0671621
       4220.00     0.0595162
       4230.00     0.0549215
       4240.00     0.0662426
       4250.00     0.0706562
       4260.00     0.0725996
       4270.00     0.0724635
       4280.00     0.0711768
       4290.00     0.0720244
       4300.00     0.0739465
       4310.00     0.0740776
       4320.00     0.0833666
       4330.00     0.0887971
       4340.00     0.0946367
       4350.00     0.0927866
       4360.00     0.0952663
       4370.00     0.0995917
       4380.00     0.0993975
       4390.00     0.0990390
       4400.00     0.0955530
       4410.00     0.0976697
       4420.00     0.0979733
       4430.00     0.0907512
       4440.00     0.0928643
       4450.00     0.0965963
       4460.00     0.0899133
       4470.00     0.0863078
       4480.00     0.0932644
       4490.00     0.0989636
       4500.00     0.0991623
       4510.00     0.0983961
       4520.00     0.0984670
       4530.00      0.101513
       4540.00      0.104673
       4550.00      0.106067
       4560.00      0.110062
       4570.00      0.121428
       4580.00      0.112904
       4590.00     0.0933027
       4600.00     0.0890041
       4610.00      0.104687
       4620.00      0.108915
       4630.00     0.0910881
       4640.00     0.0841139
       4650.00     0.0905716
       4660.00      0.101729
       4670.00     0.0978801
       4680.00     0.0932116
       4690.00      0.106239
       4700.00      0.118069
       4710.00      0.120342
       4720.00      0.119319
       4730.00      0.126359
       4740.00      0.134745
       4750.00      0.146392
       4760.00      0.119900
       4770.00     0.0876550
       4780.00     0.0895637
       4790.00      0.100572
       4800.00      0.105132
       4810.00     0.0962364
       4820.00     0.0967283
       4830.00      0.106850
       4840.00      0.115792
       4850.00      0.113073
       4860.00      0.111588
       4870.00      0.122876
       4880.00      0.137087
       4890.00      0.147743
       4900.00      0.164832
       4910.00      0.183476
       4920.00      0.202692
       4930.00      0.221065
       4940.00      0.241975
       4950.00      0.218503
       4960.00      0.140982
       4970.00     0.0992911
       4980.00      0.104534
       4990.00      0.113938
       5000.00      0.110289
       5010.00      0.103792
       5020.00      0.111294
       5030.00      0.130809
       5040.00      0.149298
       5050.00      0.163954
       5060.00      0.178352
       5070.00      0.197152
       5080.00      0.209631
       5090.00      0.221377
       5100.00      0.239840
       5110.00      0.254147
       5120.00      0.275503
       5130.00      0.291549
       5140.00      0.296903
       5150.00      0.289573
       5160.00      0.299684
       5170.00      0.213774
       5180.00      0.128532
       5190.00      0.143000
       5200.00      0.151950
       5210.00      0.153550
       5220.00      0.169609
       5230.00      0.193310
       5240.00      0.197228
       5250.00      0.193761
       5260.00      0.202071
       5270.00      0.209828
       5280.00      0.229221
       5290.00      0.250677
       5300.00      0.265982
       5310.00      0.261223
       5320.00      0.255448
       5330.00      0.257905
       5340.00      0.264587
       5350.00      0.284165
       5360.00      0.286609
       5370.00      0.272312
       5380.00      0.286083
       5390.00      0.299265
       5400.00      0.301931
       5410.00      0.301105
       5420.00      0.321406
       5430.00      0.329889
       5440.00      0.335144
       5450.00      0.286929
       5460.00      0.212772
       5470.00      0.206342
       5480.00      0.218131
       5490.00      0.234602
       5500.00      0.233675
       5510.00      0.223125
       5520.00      0.236662
       5530.00      0.248053
       5540.00      0.259587
       5550.00      0.273142
       5560.00      0.271869
       5570.00      0.267217
       5580.00      0.260765
       5590.00      0.260558
       5600.00      0.241381
       5610.00      0.224288
       5620.00      0.221697
       5630.00      0.213941
       5640.00      0.219549
       5650.00      0.224445
       5660.00      0.242330
       5670.00      0.245354
       5680.00      0.248239
       5690.00      0.259799
       5700.00      0.274090
       5710.00      0.289600
       5720.00      0.293401
       5730.00      0.299718
       5740.00      0.302226
       5760.00      0.310989
       5780.00      0.312421
       5800.00      0.327335
       5820.00      0.321728
       5840.00      0.293328
       5860.00      0.261907
       5880.00      0.229739
       5900.00      0.213976
       5920.00      0.211564
       5940.00      0.224369
       5960.00      0.240200
       5980.00      0.259802
       6000.00      0.285506
       6020.00      0.310076
       6040.00      0.343602
       6060.00      0.369253
       6080.00      0.390207
       6100.00      0.412448
       6120.00      0.431703
       6140.00      0.436197
       6160.00      0.374081
       6180.00      0.297593
       6200.00      0.266011
       6220.00      0.261661
       6240.00      0.265467
       6260.00      0.287539
       6280.00      0.317547
       6300.00      0.355876
       6320.00      0.399696
       6340.00      0.445754
       6360.00      0.474887
       6380.00      0.507472
       6400.00      0.557969
       6420.00      0.577677
       6440.00      0.598837
       6460.00      0.643871
       6480.00      0.659329
       6500.00      0.656631
       6520.00      0.691738
       6540.00      0.718430
       6560.00      0.699892
       6580.00      0.663845
       6600.00      0.646243
       6620.00      0.619552
       6640.00      0.584073
       6660.00      0.535751
       6680.00      0.501170
       6700.00      0.488858
       6720.00      0.477051
       6740.00      0.475636
       6760.00      0.516678
       6780.00      0.546148
       6800.00      0.569904
       6820.00      0.606271
       6840.00      0.679716
       6860.00      0.725269
       6880.00      0.778772
       6900.00      0.854439
       6920.00      0.946424
       6940.00       1.04665
       6960.00       1.14297
       6980.00       1.24828
       7000.00       1.33457
       7020.00       1.38548
       7040.00       1.40028
       7060.00       1.11631
       7080.00      0.822482
       7100.00      0.730351
       7120.00      0.672120
       7140.00      0.649330
       7160.00      0.686379
       7180.00      0.773886
       7200.00      0.791865
       7220.00      0.848285
       7240.00      0.963244
       7260.00       1.09614
       7280.00       1.24144
       7300.00       1.41651
       7320.00       1.60014
       7340.00       1.77309
       7360.00       1.95947
       7380.00       2.14838
       7400.00       2.32275
       7420.00       2.37899
       7440.00       2.45831
       7460.00       2.53914
       7480.00       2.54785
       7500.00       2.61835
       7520.00       2.67306
       7540.00       2.71594
       7560.00       2.69917
       7580.00       2.94443
       7600.00       2.76696
       7620.00       2.58282
       7640.00       1.98231
       7660.00       1.61160
       7680.00       1.32170
       7700.00       1.34763
       7720.00       1.42130
       7740.00       1.49121
       7760.00       1.50044
       7780.00       1.49118
       7800.00       1.60237
       7820.00       1.70484
       7840.00       1.72951
       7860.00       1.78522
       7880.00       1.89803
       7900.00       1.97761
       7920.00       2.00922
       7940.00       2.09177
       7960.00       2.22853
       7980.00       2.32828
       8000.00       2.41304
       8020.00       2.54074
       8040.00       2.70206
       8060.00       2.84819
       8080.00       2.95414
       8100.00       3.01663
       8120.00       3.28049
       8140.00       3.45938
       8160.00       3.45267
       8180.00       3.40880
       8200.00       3.40579
       8220.00       3.32345
       8240.00       3.37342
       8260.00       3.41438
       8280.00       3.28536
       8300.00       3.15697
       8320.00       3.09015
       8340.00       3.03061
       8360.00       3.04589
       8380.00       3.03517
       8400.00       3.04347
       8420.00       3.03968
       8440.00       2.76460
       8460.00       2.42916
       8480.00       2.41659
       8500.00       2.48593
       8520.00       2.48519
       8540.00       2.51331
       8560.00       2.66659
       8580.00       2.91712
       8600.00       3.01145
       8620.00       3.18772
       8640.00       3.30950
       8660.00       3.24161
       8680.00       3.31596
       8700.00       3.53655
       8720.00       3.71459
       8740.00       3.84040
       8760.00       3.93586
       8780.00       4.04079
       8800.00       4.15183
       8820.00       4.19335
       8840.00       4.34617
       8860.00       4.05338
       8880.00       3.63950
       8900.00       3.64435
       8920.00       3.84577
       8940.00       3.91498
       8960.00       4.03887
       8980.00       4.21870
       9000.00       4.25119
       9020.00       4.28194
       9040.00       4.51935
       9060.00       4.72053
       9080.00       4.61277
       9100.00       4.68226
       9120.00       4.79435
       9140.00       4.79655
       9160.00       4.73070
       9180.00       4.77880
       9200.00       4.83143
       9220.00       4.73449
       9240.00       4.48584
       9260.00       4.37755
       9280.00       4.40716
       9300.00       4.53014
       9320.00       4.75522
       9340.00       5.11279
       9360.00       4.35710
       9380.00       4.17322
       9400.00       4.61300
       9420.00       4.52166
       9440.00       4.43686
       9460.00       4.51940
       9480.00       4.61840
       9500.00       4.57664
       9520.00       4.64315
       9540.00       4.86888
       9560.00       4.92540
       9580.00       4.84855
       9600.00       4.86260
       9620.00       4.92179
       9640.00       4.94767
       9660.00       4.87141
       9680.00       4.84338
       9700.00       4.83489
       9720.00       4.87712
       9740.00       4.79569
       9760.00       4.77101
       9780.00       4.84127
       9800.00       4.98372
       9820.00       5.16838
       9840.00       5.15198
       9860.00       5.16358
       9880.00       5.22794
       9900.00       5.14857
       9920.00       5.09582
       9940.00       5.12348
       9960.00       5.20195
       9980.00       5.21621
       10000.0       5.24926
       10020.0       5.24601
       10040.0       5.17782
       10060.0       5.17617
       10080.0       5.29386
       10100.0       5.36804
       10120.0       5.42331
       10140.0       5.39260
       10160.0       5.37628
       10180.0       5.36145
       10200.0       5.45466
       10220.0       5.46667
       10240.0       5.51402
       10260.0       5.53152
       10280.0       5.54755
       10300.0       5.49456
       10320.0       5.51902
       10340.0       5.45509
       10360.0       5.46414
       10380.0       5.48573
       10400.0       5.43058
       10420.0       5.52865
       10440.0       5.61106
       10460.0       5.65299
       10480.0       5.62837
       10500.0       5.63283
       10520.0       5.64416
       10540.0       5.78058
       10560.0       5.80120
       10580.0       5.65188
       10600.0       5.59747
       10620.0       5.65652
