       3160.00       19.7879
       3170.00       21.5825
       3180.00       20.6859
       3190.00       20.7713
       3200.00       21.0486
       3210.00       21.5268
       3220.00       20.5459
       3230.00       20.3551
       3240.00       20.7888
       3250.00       20.5774
       3260.00       19.8319
       3270.00       19.3630
       3280.00       19.0535
       3290.00       18.8604
       3300.00       19.0522
       3310.00       18.5086
       3320.00       18.6281
       3330.00       18.7161
       3340.00       18.5576
       3350.00       18.6043
       3360.00       18.5388
       3370.00       18.8595
       3380.00       18.2873
       3390.00       18.2132
       3400.00       18.1495
       3410.00       17.7751
       3420.00       17.6831
       3430.00       17.4320
       3440.00       17.2023
       3450.00       16.8548
       3460.00       16.8654
       3470.00       16.7478
       3480.00       16.6111
       3490.00       16.6224
       3500.00       16.5553
       3510.00       16.6349
       3520.00       16.5002
       3530.00       16.3662
       3540.00       16.3199
       3550.00       16.2450
       3560.00       16.3724
       3570.00       16.1828
       3580.00       15.9273
       3590.00       15.9306
       3600.00       15.9148
       3610.00       15.8707
       3620.00       15.7513
       3630.00       15.6890
       3640.00       15.6083
       3650.00       15.5655
       3660.00       15.3640
       3670.00       15.0517
       3680.00       15.0294
       3690.00       14.6826
       3700.00       14.2544
       3710.00       14.1514
       3720.00       14.2974
       3730.00       14.4334
       3740.00       14.3765
       3750.00       14.1283
       3760.00       14.1180
       3770.00       13.8627
       3780.00       14.4145
       3790.00       14.3133
       3800.00       14.0865
       3810.00       14.4807
       3820.00       14.6847
       3830.00       14.1549
       3840.00       14.1893
       3850.00       14.9703
       3860.00       14.9936
       3870.00       14.6895
       3880.00       14.2547
       3890.00       13.8661
       3900.00       14.3922
       3910.00       14.7143
       3920.00       14.6855
       3930.00       14.6917
       3940.00       14.9497
       3950.00       14.9812
       3960.00       14.3384
       3970.00       13.7850
       3980.00       14.1115
       3990.00       14.6509
       4000.00       14.8538
       4010.00       14.2876
       4020.00       13.8264
       4030.00       13.5288
       4040.00       13.7834
       4050.00       13.8338
       4060.00       13.2265
       4070.00       12.8324
       4080.00       12.4654
       4090.00       11.8157
       4100.00       11.3361
       4110.00       11.6500
       4120.00       12.1367
       4130.00       12.4057
       4140.00       12.3840
       4150.00       12.3294
       4160.00       12.3738
       4170.00       12.3852
       4180.00       12.3883
       4190.00       12.1545
       4200.00       12.4026
       4210.00       12.3163
       4220.00       12.4817
       4230.00       12.4603
       4240.00       12.5117
       4250.00       12.4258
       4260.00       12.3565
       4270.00       12.3115
       4280.00       12.2588
       4290.00       12.2940
       4300.00       12.0267
       4310.00       11.8479
       4320.00       11.5828
       4330.00       10.9474
       4340.00       10.4963
       4350.00       10.9521
       4360.00       11.5001
       4370.00       11.4502
       4380.00       11.2209
       4390.00       10.9771
       4400.00       10.9444
       4410.00       10.9739
       4420.00       10.7090
       4430.00       10.6848
       4440.00       10.7147
       4450.00       10.7368
       4460.00       10.4825
       4470.00       10.1834
       4480.00       10.3517
       4490.00       10.4658
       4500.00       10.3513
       4510.00       10.3056
       4520.00       10.3206
       4530.00       10.1770
       4540.00       9.93593
       4550.00       9.78622
       4560.00       9.72723
       4570.00       9.62356
       4580.00       9.58760
       4590.00       9.60400
       4600.00       9.54592
       4610.00       9.62915
       4620.00       9.61572
       4630.00       9.49885
       4640.00       8.99155
       4650.00       8.91333
       4660.00       9.32019
       4670.00       9.30756
       4680.00       9.47781
       4690.00       9.40652
       4700.00       9.35010
       4710.00       9.33024
       4720.00       9.46275
       4730.00       9.56575
       4740.00       9.53835
       4750.00       9.43901
       4760.00       9.39042
       4770.00       9.43531
       4780.00       9.35113
       4790.00       9.24587
       4800.00       9.10539
       4810.00       8.99396
       4820.00       8.93979
       4830.00       8.81500
       4840.00       8.79678
       4850.00       8.27761
       4860.00       7.92255
       4870.00       8.20848
       4880.00       8.47921
       4890.00       8.28689
       4900.00       8.26300
       4910.00       8.24617
       4920.00       7.99985
       4930.00       8.17106
       4940.00       8.16145
       4950.00       8.19336
       4960.00       8.08024
       4970.00       8.01577
       4980.00       8.10277
       4990.00       7.92192
       5000.00       7.96083
       5010.00       7.83564
       5020.00       7.77913
       5030.00       7.83170
       5040.00       7.76184
       5050.00       7.69225
       5060.00       7.67705
       5070.00       7.62815
       5080.00       7.61314
       5090.00       7.49732
       5100.00       7.43564
       5110.00       7.40100
       5120.00       7.37986
       5130.00       7.41217
       5140.00       7.35114
       5150.00       7.38339
       5160.00       7.29612
       5170.00       7.23567
       5180.00       7.20188
       5190.00       7.15503
       5200.00       7.04254
       5210.00       6.95676
       5220.00       6.91721
       5230.00       6.86472
       5240.00       6.82549
       5250.00       6.87116
       5260.00       6.83858
       5270.00       6.83859
       5280.00       6.75434
       5290.00       6.78039
       5300.00       6.74822
       5310.00       6.69684
       5320.00       6.69068
       5330.00       6.71666
       5340.00       6.68485
       5350.00       6.63398
       5360.00       6.68545
       5370.00       6.67938
       5380.00       6.64151
       5390.00       6.63554
       5400.00       6.57255
       5410.00       6.53509
       5420.00       6.40937
       5430.00       6.44169
       5440.00       6.42985
       5450.00       6.34897
       5460.00       6.33735
       5470.00       6.23566
       5480.00       6.16807
       5490.00       6.17055
       5500.00       6.15871
       5510.00       6.09163
       5520.00       6.07067
       5530.00       6.10054
       5540.00       6.06791
       5550.00       6.04526
       5560.00       6.04423
       5570.00       6.01987
       5580.00       6.09433
       5590.00       5.99159
       5600.00       5.97906
       5610.00       5.89275
       5620.00       5.87496
       5630.00       5.82987
       5640.00       5.80679
       5650.00       5.78379
       5660.00       5.76027
       5670.00       5.73804
       5680.00       5.71528
       5690.00       5.69321
       5700.00       5.67001
       5710.00       5.64809
       5720.00       5.62625
       5730.00       5.60449
       5740.00       5.58220
       5760.00       5.47904
       5780.00       5.48673
       5800.00       5.48256
       5820.00       5.43138
       5840.00       5.35476
       5860.00       5.23252
       5880.00       5.21821
       5900.00       5.23939
       5920.00       5.24192
       5940.00       5.12748
       5960.00       5.03102
       5980.00       5.04453
       6000.00       4.99463
       6020.00       4.97519
       6040.00       4.93435
       6060.00       4.84634
       6080.00       4.84166
       6100.00       4.83364
       6120.00       4.79939
       6140.00       4.70293
       6160.00       4.61710
       6180.00       4.57225
       6200.00       4.55033
       6220.00       4.56981
       6240.00       4.49593
       6260.00       4.39409
       6280.00       4.31033
       6300.00       4.32436
       6320.00       4.32475
       6340.00       4.23337
       6360.00       4.19638
       6380.00       4.13441
       6400.00       4.09101
       6420.00       4.08839
       6440.00       4.01670
       6460.00       3.94970
       6480.00       3.90423
       6500.00       3.94119
       6520.00       3.96637
       6540.00       3.90138
       6560.00       3.85453
       6580.00       3.95517
       6600.00       3.92089
       6620.00       3.88526
       6640.00       3.80655
       6660.00       3.66613
       6680.00       3.62492
       6700.00       3.64986
       6720.00       3.60131
       6740.00       3.55051
       6760.00       3.47570
       6780.00       3.42507
       6800.00       3.42506
       6820.00       3.38390
       6840.00       3.41804
       6860.00       3.27237
       6880.00       3.25390
       6900.00       3.32631
       6920.00       3.26873
       6940.00       3.30566
       6960.00       3.27748
       6980.00       3.19307
       7000.00       3.16634
       7020.00       3.14221
       7040.00       3.09876
       7060.00       3.03714
       7080.00       3.01503
       7100.00       3.02871
       7120.00       2.98511
       7140.00       2.90245
       7160.00       2.93593
       7180.00       2.94015
       7200.00       2.91914
       7220.00       2.87598
       7240.00       2.86331
       7260.00       2.78942
       7280.00       2.75637
       7300.00       2.82055
       7320.00       2.81986
       7340.00       2.75855
       7360.00       2.74082
       7380.00       2.66801
       7400.00       2.66681
       7420.00       2.63056
       7440.00       2.60555
       7460.00       2.57700
       7480.00       2.56050
       7500.00       2.47838
       7520.00       2.55644
       7540.00       2.53513
       7560.00       2.51303
       7580.00       2.14022
       7600.00       1.91978
       7620.00       2.53636
       7640.00       2.37562
       7660.00       2.41633
       7680.00       2.21574
       7700.00       2.25577
       7720.00       2.29514
       7740.00       2.26135
       7760.00       2.27802
       7780.00       2.22245
       7800.00       2.23387
       7820.00       2.23691
       7840.00       2.21243
       7860.00       2.17937
       7880.00       2.15907
       7900.00       2.15100
       7920.00       2.20218
       7940.00       2.21646
       7960.00       2.22422
       7980.00       2.23538
       8000.00       2.20840
       8020.00       2.26221
       8040.00       2.32086
       8060.00       2.32104
       8080.00       2.34537
       8100.00       2.28296
       8120.00       2.28914
       8140.00       2.32304
       8160.00       2.29260
       8180.00       2.33720
       8200.00       2.35154
       8220.00       2.27795
       8240.00       2.18935
       8260.00       2.21098
       8280.00       2.24532
       8300.00       2.27537
       8320.00       2.15883
       8340.00       2.12288
       8360.00       2.01586
       8380.00       2.24875
       8400.00       2.11016
       8420.00       2.10596
       8440.00       1.95255
       8460.00       2.03694
       8480.00       1.97281
       8500.00       2.12842
       8520.00       2.07200
       8540.00       2.01545
       8560.00       2.05393
       8580.00       2.00965
       8600.00       1.87603
       8620.00       1.82721
       8640.00       1.97866
       8660.00       1.97567
       8680.00       1.93011
       8700.00       1.86234
       8720.00       1.99975
       8740.00       1.90041
       8760.00       1.87419
       8780.00       1.98063
       8800.00       1.84273
       8820.00       1.82652
       8840.00       1.89130
       8860.00       1.75917
       8880.00       1.81341
       8900.00       1.84971
       8920.00       1.85170
       8940.00       1.80124
       8960.00       1.78156
       8980.00       1.76425
       9000.00       1.77592
       9020.00       1.85546
       9040.00       1.87369
       9060.00       1.76945
       9080.00       1.78289
       9100.00       1.84742
       9120.00       1.89891
       9140.00       1.83859
       9160.00       1.75760
       9180.00       1.81454
       9200.00       1.79274
       9220.00       1.71053
       9240.00       1.77276
       9260.00       1.76634
       9280.00       1.67955
       9300.00       1.65276
       9320.00       1.56695
       9340.00       1.70431
       9360.00       1.59280
       9380.00       1.78060
       9400.00       1.66066
       9420.00       1.53724
       9440.00       1.54449
       9460.00       1.58464
       9480.00       1.70080
       9500.00       1.55564
       9520.00       1.56387
       9540.00       1.46516
       9560.00       1.51759
       9580.00       1.49049
       9600.00       1.43069
       9620.00       1.46401
       9640.00       1.40239
       9660.00       1.50542
       9680.00       1.34215
       9700.00       1.40324
       9720.00       1.34543
       9740.00       1.38237
       9760.00       1.37498
       9780.00       1.36447
       9800.00       1.36692
       9820.00       1.34253
       9840.00       1.38780
       9860.00       1.45718
       9880.00       1.32191
       9900.00       1.38596
       9920.00       1.39075
       9940.00       1.35559
       9960.00       1.33672
       9980.00       1.33952
       10000.0       1.36320
       10020.0       1.19618
       10040.0       1.22584
       10060.0       1.20435
       10080.0       1.24271
       10100.0       1.26024
       10120.0       1.21649
       10140.0       1.23299
       10160.0       1.24000
       10180.0       1.19352
       10200.0       1.24419
       10220.0       1.16306
       10240.0       1.28947
       10260.0       1.24693
       10280.0       1.12598
       10300.0       1.14406
       10320.0       1.11962
       10340.0       1.15254
       10360.0       1.10704
       10380.0       1.10689
       10400.0       1.14162
       10420.0       1.08983
       10440.0       1.11102
       10460.0       1.10660
       10480.0       1.11429
       10500.0       1.06229
       10520.0       1.06255
       10540.0       1.11249
       10560.0       1.02806
       10580.0       1.10472
       10600.0       1.06131
       10620.0      0.928147
