       3160.00       1.84003
       3170.00       1.41414
       3180.00       1.53212
       3190.00      0.935521
       3200.00      0.813912
       3210.00      0.958404
       3220.00      0.692389
       3230.00      0.476432
       3240.00      0.555691
       3250.00      0.552025
       3260.00      0.527909
       3270.00      0.351592
       3280.00      0.410838
       3290.00      0.488802
       3300.00      0.618300
       3310.00      0.602990
       3320.00      0.572455
       3330.00      0.509177
       3340.00      0.579019
       3350.00      0.565431
       3360.00      0.557127
       3370.00      0.185881
       3380.00      0.520450
       3390.00      0.565791
       3400.00      0.616006
       3410.00      0.675247
       3420.00      0.662585
       3430.00      0.711616
       3440.00      0.540475
       3450.00      0.665115
       3460.00      0.666867
       3470.00      0.604037
       3480.00      0.695912
       3490.00      0.700292
       3500.00      0.773206
       3510.00      0.784585
       3520.00      0.729988
       3530.00      0.807600
       3540.00       1.06209
       3550.00       1.05954
       3560.00      0.898104
       3570.00      0.685490
       3580.00      0.458084
       3590.00      0.551534
       3600.00      0.754376
       3610.00      0.805109
       3620.00      0.948625
       3630.00       1.04013
       3640.00       1.00017
       3650.00       1.17506
       3660.00       1.37808
       3670.00       1.58476
       3680.00       1.28639
       3690.00       1.27945
       3700.00       1.25152
       3710.00       1.26142
       3720.00       1.00941
       3730.00      0.778782
       3740.00      0.650932
       3750.00      0.855566
       3760.00      0.937394
       3770.00       1.18739
       3780.00       1.48357
       3790.00       1.33458
       3800.00       1.17384
       3810.00       1.21622
       3820.00      0.924750
       3830.00      0.758448
       3840.00      0.968352
       3850.00       1.14373
       3860.00       1.10989
       3870.00       1.05488
       3880.00       1.13120
       3890.00       1.23001
       3900.00       1.38455
       3910.00       1.59600
       3920.00       1.42126
       3930.00      0.905336
       3940.00      0.813904
       3950.00       1.44225
       3960.00       1.38163
       3970.00       1.07714
       3980.00       1.94164
       3990.00       2.71420
       4000.00       3.11819
       4010.00       3.70642
       4020.00       3.94387
       4030.00       3.63874
       4040.00       3.32883
       4050.00       3.79773
       4060.00       3.89562
       4070.00       3.70137
       4080.00       4.37779
       4090.00       4.84886
       4100.00       4.48821
       4110.00       4.31103
       4120.00       4.45485
       4130.00       4.39020
       4140.00       3.99575
       4150.00       4.22353
       4160.00       4.69469
       4170.00       4.53862
       4180.00       4.60380
       4190.00       5.04413
       4200.00       4.86943
       4210.00       5.04659
       4220.00       4.50368
       4230.00       3.98963
       4240.00       5.90287
       4250.00       6.00115
       4260.00       5.93857
       4270.00       6.08097
       4280.00       5.76973
       4290.00       6.12670
       4300.00       5.09248
       4310.00       6.31949
       4320.00       7.95648
       4330.00       8.74550
       4340.00       9.34048
       4350.00       9.26786
       4360.00       10.1323
       4370.00       10.1782
       4380.00       8.58399
       4390.00       8.59339
       4400.00       9.02170
       4410.00       8.99764
       4420.00       10.1529
       4430.00       10.4493
       4440.00       11.0234
       4450.00       11.0415
       4460.00       10.3576
       4470.00       11.4862
       4480.00       13.2022
       4490.00       12.6242
       4500.00       13.6980
       4510.00       14.6048
       4520.00       13.5354
       4530.00       12.4216
       4540.00       12.7547
       4550.00       13.8408
       4560.00       15.1835
       4570.00       15.9291
       4580.00       15.4607
       4590.00       15.1466
       4600.00       15.3174
       4610.00       17.0939
       4620.00       18.6013
       4630.00       17.5795
       4640.00       15.5279
       4650.00       15.5833
       4660.00       16.5115
       4670.00       16.5170
       4680.00       16.3119
       4690.00       16.4805
       4700.00       16.7193
       4710.00       16.7276
       4720.00       17.6955
       4730.00       17.5573
       4740.00       17.6476
       4750.00       18.1993
       4760.00       17.0727
       4770.00       16.4273
       4780.00       16.3962
       4790.00       17.0553
       4800.00       18.0428
       4810.00       18.1506
       4820.00       18.4361
       4830.00       18.1544
       4840.00       18.1202
       4850.00       17.9584
       4860.00       17.3067
       4870.00       17.2255
       4880.00       17.9131
       4890.00       18.5264
       4900.00       19.8474
       4910.00       20.1759
       4920.00       19.9573
       4930.00       20.3455
       4940.00       21.3819
       4950.00       21.6501
       4960.00       19.6458
       4970.00       19.7181
       4980.00       19.3595
       4990.00       19.0213
       5000.00       18.6718
       5010.00       17.4990
       5020.00       17.7396
       5030.00       18.9680
       5040.00       19.4884
       5050.00       19.5254
       5060.00       20.0332
       5070.00       19.9624
       5080.00       18.7531
       5090.00       18.7975
       5100.00       18.8416
       5110.00       18.4160
       5120.00       18.5787
       5130.00       18.5735
       5140.00       19.3257
       5150.00       18.6525
       5160.00       18.4285
       5170.00       16.0753
       5180.00       14.5043
       5190.00       17.2259
       5200.00       18.1034
       5210.00       18.1327
       5220.00       20.6369
       5230.00       22.5116
       5240.00       23.5998
       5250.00       22.7618
       5260.00       21.8696
       5270.00       21.2703
       5280.00       23.7671
       5290.00       25.9932
       5300.00       26.3639
       5310.00       27.3138
       5320.00       27.0534
       5330.00       25.1422
       5340.00       25.3451
       5350.00       27.2967
       5360.00       29.3211
       5370.00       28.7989
       5380.00       28.4353
       5390.00       28.4827
       5400.00       26.3818
       5410.00       26.8794
       5420.00       29.7001
       5430.00       30.2893
       5440.00       29.6202
       5450.00       28.9623
       5460.00       26.6187
       5470.00       27.3573
       5480.00       27.4640
       5490.00       27.9697
       5500.00       28.7683
       5510.00       27.6952
       5520.00       29.0469
       5530.00       29.7416
       5540.00       30.2902
       5550.00       31.8677
       5560.00       31.3817
       5570.00       30.8118
       5580.00       31.4970
       5590.00       30.8437
       5600.00       29.6535
       5610.00       31.3286
       5620.00       31.2728
       5630.00       30.8221
       5640.00       30.9929
       5650.00       31.4443
       5660.00       32.6241
       5670.00       31.8379
       5680.00       33.2925
       5690.00       34.6584
       5700.00       33.3709
       5710.00       32.7280
       5720.00       34.1432
       5730.00       36.1913
       5740.00       35.1316
       5760.00       35.5614
       5780.00       36.1532
       5800.00       37.4806
       5820.00       38.2801
       5840.00       37.7137
       5860.00       35.5783
       5880.00       31.2413
       5900.00       30.7044
       5920.00       34.8687
       5940.00       35.8214
       5960.00       36.1278
       5980.00       37.2293
       6000.00       37.9528
       6020.00       39.8064
       6040.00       41.3058
       6060.00       42.0611
       6080.00       42.7068
       6100.00       43.1920
       6120.00       42.8431
       6140.00       40.8919
       6160.00       38.7986
       6180.00       35.8702
       6200.00       34.8318
       6220.00       33.2380
       6240.00       32.2402
       6260.00       34.0664
       6280.00       36.9185
       6300.00       39.3741
       6320.00       40.5570
       6340.00       41.4066
       6360.00       42.2508
       6380.00       44.2355
       6400.00       44.5690
       6420.00       45.1480
       6440.00       46.3402
       6460.00       46.8117
       6480.00       44.7790
       6500.00       44.7145
       6520.00       47.6483
       6540.00       47.0166
       6560.00       45.7106
       6580.00       47.1172
       6600.00       48.2265
       6620.00       47.8167
       6640.00       46.8351
       6660.00       46.2172
       6680.00       45.3176
       6700.00       45.2298
       6720.00       44.9533
       6740.00       45.0556
       6760.00       45.8626
       6780.00       46.2430
       6800.00       48.0933
       6820.00       50.0027
       6840.00       52.2495
       6860.00       50.1976
       6880.00       50.4213
       6900.00       53.9139
       6920.00       54.7914
       6940.00       53.3742
       6960.00       53.6546
       6980.00       53.8651
       7000.00       54.1653
       7020.00       55.5276
       7040.00       53.5866
       7060.00       51.9043
       7080.00       48.8847
       7100.00       47.3146
       7120.00       45.3069
       7140.00       44.1340
       7160.00       47.1622
       7180.00       48.0489
       7200.00       48.8424
       7220.00       51.3703
       7240.00       52.4356
       7260.00       52.9697
       7280.00       54.2866
       7300.00       55.3787
       7320.00       56.8121
       7340.00       56.9388
       7360.00       58.4897
       7380.00       60.0753
       7400.00       59.1614
       7420.00       59.9442
       7440.00       61.1714
       7460.00       61.6039
       7480.00       61.0355
       7500.00       61.1482
       7520.00       64.9583
       7540.00       67.9684
       7560.00       70.2268
       7580.00       65.8068
       7600.00       54.9909
       7620.00       60.1852
       7640.00       59.9237
       7660.00       59.2278
       7680.00       55.8457
       7700.00       58.3629
       7720.00       60.2701
       7740.00       62.0238
       7760.00       61.5977
       7780.00       62.0930
       7800.00       63.1969
       7820.00       63.6855
       7840.00       61.2327
       7860.00       60.5108
       7880.00       59.6312
       7900.00       58.7762
       7920.00       58.1462
       7940.00       58.6202
       7960.00       60.2696
       7980.00       61.3134
       8000.00       62.3519
       8020.00       62.9494
       8040.00       63.4450
       8060.00       63.4059
       8080.00       63.4259
       8100.00       63.0535
       8120.00       64.0528
       8140.00       65.3206
       8160.00       64.4010
       8180.00       65.4868
       8200.00       66.3542
       8220.00       66.4827
       8240.00       66.9192
       8260.00       69.5467
       8280.00       67.7858
       8300.00       66.3397
       8320.00       65.3399
       8340.00       65.5261
       8360.00       65.7115
       8380.00       65.8581
       8400.00       66.8742
       8420.00       65.9604
       8440.00       67.4798
       8460.00       68.4661
       8480.00       65.7561
       8500.00       66.1061
       8520.00       63.1160
       8540.00       63.0798
       8560.00       68.1304
       8580.00       69.4717
       8600.00       70.3265
       8620.00       71.8224
       8640.00       67.2420
       8660.00       65.1784
       8680.00       68.7812
       8700.00       70.8515
       8720.00       72.6936
       8740.00       71.7636
       8760.00       73.7403
       8780.00       72.3778
       8800.00       71.8160
       8820.00       72.3558
       8840.00       72.8932
       8860.00       74.3070
       8880.00       73.2270
       8900.00       73.1338
       8920.00       72.6314
       8940.00       71.8468
       8960.00       71.5445
       8980.00       71.4383
       9000.00       67.7129
       9020.00       72.3547
       9040.00       77.1341
       9060.00       73.3156
       9080.00       69.4964
       9100.00       70.5311
       9120.00       69.4878
       9140.00       66.7105
       9160.00       66.1138
       9180.00       67.5277
       9200.00       70.2999
       9220.00       71.2677
       9240.00       71.6122
       9260.00       70.5652
       9280.00       74.5913
       9300.00       72.7564
       9320.00       64.0922
       9340.00       71.7983
       9360.00       63.7334
       9380.00       68.6121
       9400.00       77.1892
       9420.00       62.1634
       9440.00       60.2642
       9460.00       67.3263
       9480.00       66.0109
       9500.00       69.4349
       9520.00       74.1464
       9540.00       75.3568
       9560.00       74.4179
       9580.00       71.9237
       9600.00       70.4828
       9620.00       72.0872
       9640.00       69.4320
       9660.00       70.1930
       9680.00       74.1356
       9700.00       72.5247
       9720.00       72.9968
       9740.00       72.7164
       9760.00       72.2743
       9780.00       73.0689
       9800.00       75.6926
       9820.00       76.4608
       9840.00       75.8532
       9860.00       75.9411
       9880.00       76.0930
       9900.00       76.0195
       9920.00       75.3857
       9940.00       76.8966
       9960.00       77.9069
       9980.00       78.4195
       10000.0       79.2638
       10020.0       79.8034
       10040.0       78.8689
       10060.0       79.0912
       10080.0       80.4477
       10100.0       80.0996
       10120.0       79.0619
       10140.0       78.7179
       10160.0       78.2971
       10180.0       77.3159
       10200.0       78.9404
       10220.0       79.0191
       10240.0       79.7493
       10260.0       79.8572
       10280.0       79.7173
       10300.0       79.6396
       10320.0       79.1619
       10340.0       78.5324
       10360.0       79.0403
       10380.0       79.2402
       10400.0       79.8059
       10420.0       81.4675
       10440.0       80.8548
       10460.0       80.5635
       10480.0       81.6076
       10500.0       80.9074
       10520.0       80.2853
       10540.0       81.9421
       10560.0       81.9374
       10580.0       80.4157
       10600.0       80.5788
       10620.0       81.1453
