       3160.00     0.0517576
       3170.00     0.0496586
       3180.00     0.0543044
       3190.00     0.0532632
       3200.00     0.0560199
       3210.00     0.0553535
       3220.00     0.0503214
       3230.00     0.0526470
       3240.00     0.0491471
       3250.00     0.0552503
       3260.00     0.0636397
       3270.00     0.0643619
       3280.00     0.0639219
       3290.00     0.0691952
       3300.00     0.0738309
       3310.00     0.0721586
       3320.00     0.0709178
       3330.00     0.0713651
       3340.00     0.0727672
       3350.00     0.0766667
       3360.00     0.0742375
       3370.00     0.0676119
       3380.00     0.0716103
       3390.00     0.0738164
       3400.00     0.0735993
       3410.00     0.0743799
       3420.00     0.0745131
       3430.00     0.0727808
       3440.00     0.0652484
       3450.00     0.0687670
       3460.00     0.0728429
       3470.00     0.0717114
       3480.00     0.0732858
       3490.00     0.0731903
       3500.00     0.0806334
       3510.00     0.0818842
       3520.00     0.0796074
       3530.00     0.0826659
       3540.00     0.0872880
       3550.00     0.0858598
       3560.00     0.0776462
       3570.00     0.0732858
       3580.00     0.0674981
       3590.00     0.0716527
       3600.00     0.0853890
       3610.00     0.0863706
       3620.00     0.0875123
       3630.00     0.0895837
       3640.00     0.0964759
       3650.00      0.103823
       3660.00      0.110584
       3670.00      0.116818
       3680.00      0.106018
       3690.00      0.106814
       3700.00      0.108686
       3710.00      0.109309
       3720.00     0.0968189
       3730.00     0.0854673
       3740.00     0.0814445
       3750.00     0.0843186
       3760.00     0.0890380
       3770.00     0.0998291
       3780.00      0.112520
       3790.00      0.105156
       3800.00      0.100461
       3810.00     0.0964728
       3820.00     0.0828258
       3830.00     0.0708679
       3840.00     0.0738063
       3850.00     0.0782349
       3860.00     0.0766860
       3870.00     0.0797932
       3880.00     0.0815450
       3890.00     0.0958247
       3900.00      0.105316
       3910.00      0.111897
       3920.00      0.110337
       3930.00     0.0891534
       3940.00     0.0953696
       3950.00      0.116987
       3960.00      0.118458
       3970.00      0.108746
       3980.00      0.140411
       3990.00      0.174824
       4000.00      0.188078
       4010.00      0.193490
       4020.00      0.198329
       4030.00      0.196051
       4040.00      0.187007
       4050.00      0.190099
       4060.00      0.188498
       4070.00      0.180080
       4080.00      0.190465
       4090.00      0.205099
       4100.00      0.202015
       4110.00      0.207846
       4120.00      0.217044
       4130.00      0.206839
       4140.00      0.194705
       4150.00      0.195728
       4160.00      0.196891
       4170.00      0.199247
       4180.00      0.189303
       4190.00      0.191761
       4200.00      0.191876
       4210.00      0.200060
       4220.00      0.198923
       4230.00      0.192688
       4240.00      0.206988
       4250.00      0.204949
       4260.00      0.203201
       4270.00      0.202585
       4280.00      0.200197
       4290.00      0.200196
       4300.00      0.185647
       4310.00      0.186051
       4320.00      0.210280
       4330.00      0.234305
       4340.00      0.236068
       4350.00      0.236077
       4360.00      0.246171
       4370.00      0.252376
       4380.00      0.238749
       4390.00      0.237477
       4400.00      0.245931
       4410.00      0.253532
       4420.00      0.269418
       4430.00      0.275893
       4440.00      0.279413
       4450.00      0.282648
       4460.00      0.274486
       4470.00      0.289298
       4480.00      0.299716
       4490.00      0.300696
       4500.00      0.304647
       4510.00      0.315405
       4520.00      0.304139
       4530.00      0.301570
       4540.00      0.305353
       4550.00      0.309250
       4560.00      0.316812
       4570.00      0.320930
       4580.00      0.315472
       4590.00      0.311214
       4600.00      0.314926
       4610.00      0.320530
       4620.00      0.325157
       4630.00      0.324541
       4640.00      0.313934
       4650.00      0.308488
       4660.00      0.304309
       4670.00      0.303486
       4680.00      0.302880
       4690.00      0.306496
       4700.00      0.302825
       4710.00      0.301800
       4720.00      0.319411
       4730.00      0.318483
       4740.00      0.329659
       4750.00      0.337297
       4760.00      0.333523
       4770.00      0.336469
       4780.00      0.350149
       4790.00      0.352923
       4800.00      0.355519
       4810.00      0.353451
       4820.00      0.348861
       4830.00      0.345490
       4840.00      0.337508
       4850.00      0.334257
       4860.00      0.318312
       4870.00      0.311256
       4880.00      0.321922
       4890.00      0.329561
       4900.00      0.336924
       4910.00      0.342344
       4920.00      0.328811
       4930.00      0.333171
       4940.00      0.339739
       4950.00      0.340991
       4960.00      0.341472
       4970.00      0.341388
       4980.00      0.329866
       4990.00      0.325801
       5000.00      0.326588
       5010.00      0.319952
       5020.00      0.323097
       5030.00      0.327064
       5040.00      0.327724
       5050.00      0.323038
       5060.00      0.330260
       5070.00      0.331935
       5080.00      0.324238
       5090.00      0.325526
       5100.00      0.336017
       5110.00      0.328554
       5120.00      0.328615
       5130.00      0.328598
       5140.00      0.312676
       5150.00      0.310362
       5160.00      0.306235
       5170.00      0.286584
       5180.00      0.279317
       5190.00      0.297880
       5200.00      0.320369
       5210.00      0.326659
       5220.00      0.320137
       5230.00      0.319563
       5240.00      0.330244
       5250.00      0.337876
       5260.00      0.327772
       5270.00      0.310197
       5280.00      0.319376
       5290.00      0.344805
       5300.00      0.342872
       5310.00      0.343845
       5320.00      0.343311
       5330.00      0.335542
       5340.00      0.336186
       5350.00      0.344263
       5360.00      0.350780
       5370.00      0.346032
       5380.00      0.351110
       5390.00      0.354909
       5400.00      0.342222
       5410.00      0.340186
       5420.00      0.357775
       5430.00      0.360687
       5440.00      0.369246
       5450.00      0.371502
       5460.00      0.360608
       5470.00      0.363676
       5480.00      0.363414
       5490.00      0.366975
       5500.00      0.378663
       5510.00      0.371447
       5520.00      0.382361
       5530.00      0.378055
       5540.00      0.374847
       5550.00      0.382815
       5560.00      0.383924
       5570.00      0.378211
       5580.00      0.375026
       5590.00      0.371494
       5600.00      0.366905
       5610.00      0.381571
       5620.00      0.380536
       5630.00      0.375955
       5640.00      0.384148
       5650.00      0.386298
       5660.00      0.385262
       5670.00      0.382468
       5680.00      0.391295
       5690.00      0.390608
       5700.00      0.391325
       5710.00      0.388539
       5720.00      0.390656
       5730.00      0.405670
       5740.00      0.397303
       5760.00      0.397312
       5780.00      0.395937
       5800.00      0.390781
       5820.00      0.399741
       5840.00      0.401110
       5860.00      0.395307
       5880.00      0.390563
       5900.00      0.387884
       5920.00      0.394001
       5940.00      0.401760
       5960.00      0.404771
       5980.00      0.406760
       6000.00      0.407402
       6020.00      0.404057
       6040.00      0.413639
       6060.00      0.417881
       6080.00      0.415520
       6100.00      0.415140
       6120.00      0.408558
       6140.00      0.405275
       6160.00      0.394549
       6180.00      0.393596
       6200.00      0.401030
       6220.00      0.407131
       6240.00      0.404225
       6260.00      0.404849
       6280.00      0.408334
       6300.00      0.408941
       6320.00      0.409228
       6340.00      0.410459
       6360.00      0.412311
       6380.00      0.411332
       6400.00      0.414731
       6420.00      0.411571
       6440.00      0.414948
       6460.00      0.418923
       6480.00      0.418556
       6500.00      0.417268
       6520.00      0.415068
       6540.00      0.418077
       6560.00      0.410404
       6580.00      0.416143
       6600.00      0.423967
       6620.00      0.426309
       6640.00      0.425928
       6660.00      0.425850
       6680.00      0.428165
       6700.00      0.425694
       6720.00      0.430970
       6740.00      0.428802
       6760.00      0.437586
       6780.00      0.438064
       6800.00      0.432954
       6820.00      0.429633
       6840.00      0.437728
       6860.00      0.436452
       6880.00      0.426758
       6900.00      0.418279
       6920.00      0.429201
       6940.00      0.435164
       6960.00      0.433340
       6980.00      0.421789
       7000.00      0.426009
       7020.00      0.421664
       7040.00      0.422453
       7060.00      0.421539
       7080.00      0.421760
       7100.00      0.419728
       7120.00      0.419952
       7140.00      0.420176
       7160.00      0.437984
       7180.00      0.447899
       7200.00      0.418617
       7220.00      0.410260
       7240.00      0.411887
       7260.00      0.405247
       7280.00      0.405506
       7300.00      0.409871
       7320.00      0.402471
       7340.00      0.395656
       7360.00      0.401370
       7380.00      0.400824
       7400.00      0.400551
       7420.00      0.400279
       7440.00      0.394636
       7460.00      0.398133
       7480.00      0.392526
       7500.00      0.389081
       7520.00      0.386983
       7540.00      0.388077
       7560.00      0.382027
       7580.00      0.432173
       7600.00      0.473640
       7620.00      0.517774
       7640.00      0.422239
       7660.00      0.374170
       7680.00      0.336240
       7700.00      0.369630
       7720.00      0.379029
       7740.00      0.381923
       7760.00      0.386090
       7780.00      0.386896
       7800.00      0.396922
       7820.00      0.392073
       7840.00      0.401270
       7860.00      0.398469
       7880.00      0.398219
       7900.00      0.395187
       7920.00      0.389646
       7940.00      0.383630
       7960.00      0.381411
       7980.00      0.386717
       8000.00      0.383002
       8020.00      0.384040
       8040.00      0.384576
       8060.00      0.383126
       8080.00      0.382673
       8100.00      0.375065
       8120.00      0.391864
       8140.00      0.399004
       8160.00      0.385779
       8180.00      0.376040
       8200.00      0.365616
       8220.00      0.375426
       8240.00      0.380093
       8260.00      0.384980
       8280.00      0.381154
       8300.00      0.369399
       8320.00      0.363466
       8340.00      0.353488
       8360.00      0.353359
       8380.00      0.367065
       8400.00      0.362860
       8420.00      0.371730
       8440.00      0.359482
       8460.00      0.365956
       8480.00      0.366272
       8500.00      0.362353
       8520.00      0.367602
       8540.00      0.347784
       8560.00      0.346271
       8580.00      0.366429
       8600.00      0.373943
       8620.00      0.374699
       8640.00      0.363653
       8660.00      0.364198
       8680.00      0.352766
       8700.00      0.354483
       8720.00      0.363984
       8740.00      0.363837
       8760.00      0.368939
       8780.00      0.360131
       8800.00      0.361811
       8820.00      0.363256
       8840.00      0.369444
       8860.00      0.367933
       8880.00      0.366429
       8900.00      0.360216
       8920.00      0.363217
       8940.00      0.374477
       8960.00      0.382118
       8980.00      0.388835
       9000.00      0.375534
       9020.00      0.371821
       9040.00      0.375420
       9060.00      0.379665
       9080.00      0.365842
       9100.00      0.365916
       9120.00      0.370155
       9140.00      0.362128
       9160.00      0.362210
       9180.00      0.367518
       9200.00      0.371064
       9220.00      0.361371
       9240.00      0.349124
       9260.00      0.338441
       9280.00      0.359250
       9300.00      0.372232
       9320.00      0.413466
       9340.00      0.441041
       9360.00      0.373689
       9380.00      0.364582
       9400.00      0.380604
       9420.00      0.357730
       9440.00      0.350620
       9460.00      0.354738
       9480.00      0.353357
       9500.00      0.351561
       9520.00      0.348933
       9540.00      0.365172
       9560.00      0.354582
       9580.00      0.353215
       9600.00      0.352896
       9620.00      0.349461
       9640.00      0.350188
       9660.00      0.338497
       9680.00      0.340482
       9700.00      0.329477
       9720.00      0.342370
       9740.00      0.332228
       9760.00      0.317827
       9780.00      0.323308
       9800.00      0.333253
       9820.00      0.334406
       9840.00      0.330477
       9860.00      0.327171
       9880.00      0.329948
       9900.00      0.327060
       9920.00      0.331237
       9940.00      0.332782
       9960.00      0.332315
       9980.00      0.330447
       10000.0      0.344177
       10020.0      0.335511
       10040.0      0.336833
       10060.0      0.328216
       10080.0      0.332919
       10100.0      0.328500
       10120.0      0.331998
       10140.0      0.332920
       10160.0      0.325773
       10180.0      0.323562
       10200.0      0.331941
       10220.0      0.324447
       10240.0      0.324594
       10260.0      0.330390
       10280.0      0.326636
       10300.0      0.326196
       10320.0      0.324015
       10340.0      0.323001
       10360.0      0.322956
       10380.0      0.321949
       10400.0      0.319216
       10420.0      0.319946
       10440.0      0.317036
       10460.0      0.319105
       10480.0      0.317161
       10500.0      0.318841
       10520.0      0.316715
       10540.0      0.322561
       10560.0      0.318543
       10580.0      0.316052
       10600.0      0.313193
       10620.0      0.314109
