       3160.00       9.34189
       3170.00       9.37034
       3180.00       10.2967
       3190.00       8.84711
       3200.00       8.61762
       3210.00       8.93599
       3220.00       9.54145
       3230.00       9.00220
       3240.00       9.25194
       3250.00       8.88446
       3260.00       8.72512
       3270.00       8.92113
       3280.00       8.20859
       3290.00       8.35109
       3300.00       8.14541
       3310.00       7.78029
       3320.00       8.13067
       3330.00       8.03210
       3340.00       7.75970
       3350.00       8.07866
       3360.00       7.85108
       3370.00       7.72632
       3380.00       7.65100
       3390.00       7.88807
       3400.00       7.71960
       3410.00       8.13891
       3420.00       8.07809
       3430.00       7.71301
       3440.00       7.53044
       3450.00       7.69582
       3460.00       7.75960
       3470.00       7.68066
       3480.00       7.68953
       3490.00       7.65842
       3500.00       7.57322
       3510.00       7.68334
       3520.00       7.74606
       3530.00       7.38329
       3540.00       7.53773
       3550.00       7.43980
       3560.00       7.60566
       3570.00       7.67482
       3580.00       7.34208
       3590.00       7.34632
       3600.00       7.38220
       3610.00       7.22143
       3620.00       7.34316
       3630.00       7.47470
       3640.00       7.37414
       3650.00       7.30710
       3660.00       7.53453
       3670.00       7.36045
       3680.00       6.97738
       3690.00       7.27594
       3700.00       7.43768
       3710.00       7.65829
       3720.00       7.89303
       3730.00       8.55940
       3740.00       8.77185
       3750.00       9.64678
       3760.00       10.1550
       3770.00       10.7529
       3780.00       12.8954
       3790.00       11.9258
       3800.00       11.7994
       3810.00       15.2835
       3820.00       15.9463
       3830.00       12.1534
       3840.00       12.6230
       3850.00       17.4339
       3860.00       19.5213
       3870.00       18.4073
       3880.00       14.0710
       3890.00       11.4076
       3900.00       14.4275
       3910.00       18.7535
       3920.00       19.9010
       3930.00       19.7536
       3940.00       19.6874
       3950.00       18.4674
       3960.00       14.4823
       3970.00       11.5159
       3980.00       15.8096
       3990.00       19.3296
       4000.00       20.8802
       4010.00       21.0965
       4020.00       20.9496
       4030.00       20.9604
       4040.00       21.0653
       4050.00       21.2009
       4060.00       20.5248
       4070.00       19.9921
       4080.00       18.4532
       4090.00       14.0592
       4100.00       11.4287
       4110.00       14.3852
       4120.00       18.1511
       4130.00       19.8550
       4140.00       20.1588
       4150.00       20.3086
       4160.00       19.9401
       4170.00       19.6038
       4180.00       20.0265
       4190.00       19.9182
       4200.00       20.1120
       4210.00       19.8838
       4220.00       19.5516
       4230.00       19.5502
       4240.00       19.3996
       4250.00       19.5178
       4260.00       19.3085
       4270.00       19.2188
       4280.00       19.1295
       4290.00       19.2916
       4300.00       18.3043
       4310.00       17.2334
       4320.00       15.1414
       4330.00       12.2343
       4340.00       11.0170
       4350.00       13.5449
       4360.00       16.0482
       4370.00       18.2139
       4380.00       17.2326
       4390.00       18.2752
       4400.00       18.0609
       4410.00       17.8908
       4420.00       18.0365
       4430.00       17.9815
       4440.00       17.9695
       4450.00       17.9576
       4460.00       17.6618
       4470.00       17.1548
       4480.00       16.8904
       4490.00       16.9797
       4500.00       17.3359
       4510.00       17.1711
       4520.00       16.8950
       4530.00       17.0115
       4540.00       16.5416
       4550.00       16.5888
       4560.00       16.4830
       4570.00       16.5577
       4580.00       16.4801
       4590.00       16.4580
       4600.00       16.5186
       4610.00       16.4553
       4620.00       16.5567
       4630.00       16.3295
       4640.00       16.3216
       4650.00       16.1503
       4660.00       16.2923
       4670.00       15.9049
       4680.00       16.0468
       4690.00       16.0261
       4700.00       15.3722
       4710.00       16.0387
       4720.00       15.5888
       4730.00       15.7165
       4740.00       15.6166
       4750.00       15.5304
       4760.00       15.4711
       4770.00       15.4121
       4780.00       15.6184
       4790.00       15.3875
       4800.00       15.2103
       4810.00       15.0339
       4820.00       15.0158
       4830.00       14.4341
       4840.00       13.3969
       4850.00       10.9017
       4860.00       8.63957
       4870.00       10.6580
       4880.00       12.9757
       4890.00       14.1016
       4900.00       14.3830
       4910.00       14.3279
       4920.00       14.2730
       4930.00       14.3725
       4940.00       14.7151
       4950.00       14.3272
       4960.00       14.4132
       4970.00       14.2441
       4980.00       14.2918
       4990.00       14.1362
       5000.00       14.1333
       5010.00       14.0293
       5020.00       13.9256
       5030.00       13.9735
       5040.00       13.7950
       5050.00       13.6799
       5060.00       13.5653
       5070.00       13.6384
       5080.00       13.5368
       5090.00       13.4355
       5100.00       13.3223
       5110.00       13.1599
       5120.00       13.1713
       5130.00       13.2938
       5140.00       13.3418
       5150.00       13.1929
       5160.00       13.0079
       5170.00       12.9459
       5180.00       12.8598
       5190.00       12.7863
       5200.00       12.8591
       5210.00       12.8709
       5220.00       12.7370
       5230.00       12.6037
       5240.00       12.5434
       5250.00       12.4833
       5260.00       12.4235
       5270.00       12.3518
       5280.00       12.4124
       5290.00       12.2812
       5300.00       12.2580
       5310.00       12.1396
       5320.00       12.2000
       5330.00       11.9871
       5340.00       12.0239
       5350.00       12.0133
       5360.00       11.9672
       5370.00       11.8624
       5380.00       11.8992
       5390.00       11.7597
       5400.00       11.7262
       5410.00       11.8918
       5420.00       11.8815
       5430.00       11.8246
       5440.00       11.8145
       5450.00       11.6418
       5460.00       11.5938
       5470.00       11.5379
       5480.00       11.4764
       5490.00       11.6723
       5500.00       11.6051
       5510.00       11.5035
       5520.00       11.4426
       5530.00       11.4734
       5540.00       11.4870
       5550.00       11.5005
       5560.00       11.5254
       5570.00       11.3319
       5580.00       11.3343
       5590.00       11.4295
       5600.00       11.2101
       5610.00       11.2319
       5620.00       11.0970
       5630.00       10.9536
       5640.00       10.9263
       5650.00       10.9013
       5660.00       10.8742
       5670.00       10.8484
       5680.00       10.8215
       5690.00       10.7958
       5700.00       10.7702
       5710.00       10.7446
       5720.00       10.7181
       5730.00       10.6928
       5740.00       10.6675
       5760.00       10.4238
       5780.00       10.4590
       5800.00       10.3497
       5820.00       10.3131
       5840.00       10.2919
       5860.00       10.0914
       5880.00       10.0043
       5900.00       10.0702
       5920.00       9.99128
       5940.00       9.82865
       5960.00       9.76379
       5980.00       9.78091
       6000.00       9.67232
       6020.00       9.65491
       6040.00       9.52125
       6060.00       9.35399
       6080.00       9.40133
       6100.00       9.36220
       6120.00       9.26539
       6140.00       9.13105
       6160.00       9.09832
       6180.00       9.00432
       6200.00       8.89663
       6220.00       8.94641
       6240.00       8.90049
       6260.00       8.71931
       6280.00       8.66835
       6300.00       8.68908
       6320.00       8.62752
       6340.00       8.49443
       6360.00       8.47170
       6380.00       8.37170
       6400.00       8.37423
       6420.00       8.40831
       6440.00       8.25339
       6460.00       8.17491
       6480.00       8.15065
       6500.00       8.30775
       6520.00       7.88505
       6540.00       7.10573
       6560.00       6.61108
       6580.00       7.31466
       6600.00       8.07250
       6620.00       8.26619
       6640.00       8.27086
       6660.00       8.08914
       6680.00       8.10284
       6700.00       8.02479
       6720.00       8.03859
       6740.00       7.96777
       6760.00       7.87862
       6780.00       7.67140
       6800.00       7.76896
       6820.00       7.73318
       6840.00       7.90960
       6860.00       7.55240
       6880.00       7.48258
       6900.00       7.51687
       6920.00       7.57110
       6940.00       7.53194
       6960.00       7.50575
       6980.00       7.43979
       7000.00       7.27018
       7020.00       7.25218
       7040.00       7.12274
       7060.00       7.22454
       7080.00       7.33829
       7100.00       7.14549
       7120.00       6.99557
       7140.00       7.02742
       7160.00       6.96268
       7180.00       7.06587
       7200.00       6.91872
       7220.00       6.87149
       7240.00       6.70033
       7260.00       6.68623
       7280.00       6.69222
       7300.00       6.72593
       7320.00       6.67036
       7340.00       6.62457
       7360.00       6.69089
       7380.00       6.55521
       7400.00       6.59482
       7420.00       6.51133
       7440.00       6.50234
       7460.00       6.36523
       7480.00       6.12134
       7500.00       6.26796
       7520.00       6.29255
       7540.00       6.33296
       7560.00       6.33799
       7580.00       5.71478
       7600.00       5.19484
       7620.00       6.43849
       7640.00       6.35947
       7660.00       5.96922
       7680.00       5.46558
       7700.00       5.73674
       7720.00       5.82851
       7740.00       5.74145
       7760.00       5.68504
       7780.00       5.70379
       7800.00       5.72327
       7820.00       5.65033
       7840.00       5.44692
       7860.00       5.55873
       7880.00       5.34132
       7900.00       5.36227
       7920.00       5.42788
       7940.00       5.41819
       7960.00       5.43242
       7980.00       5.31486
       8000.00       5.31423
       8020.00       5.29624
       8040.00       5.37522
       8060.00       5.42709
       8080.00       5.33137
       8100.00       5.11338
       8120.00       5.16084
       8140.00       5.30685
       8160.00       4.99663
       8180.00       4.98287
       8200.00       5.04099
       8220.00       5.10961
       8240.00       5.13102
       8260.00       4.75446
       8280.00       4.76209
       8300.00       4.92609
       8320.00       5.01927
       8340.00       4.81515
       8360.00       4.88922
       8380.00       4.82768
       8400.00       5.03253
       8420.00       4.93785
       8440.00       4.78736
       8460.00       4.82020
       8480.00       4.65127
       8500.00       4.83700
       8520.00       4.84199
       8540.00       4.72092
       8560.00       4.93773
       8580.00       4.73507
       8600.00       4.68945
       8620.00       5.09729
       8640.00       4.89714
       8660.00       4.55898
       8680.00       5.01244
       8700.00       5.24547
       8720.00       4.79411
       8740.00       4.69983
       8760.00       4.84668
       8780.00       5.03974
       8800.00       5.31611
       8820.00       5.12600
       8840.00       4.39810
       8860.00       4.37031
       8880.00       4.58081
       8900.00       4.95257
       8920.00       5.01459
       8940.00       5.27889
       8960.00       5.03248
       8980.00       4.68210
       9000.00       3.97165
       9020.00       4.37211
       9040.00       4.89759
       9060.00       4.76517
       9080.00       4.92204
       9100.00       5.04830
       9120.00       5.02612
       9140.00       4.73801
       9160.00       4.77260
       9180.00       4.66701
       9200.00       4.25009
       9220.00       3.91053
       9240.00       4.10012
       9260.00       4.31966
       9280.00       5.19261
       9300.00       5.21617
       9320.00       5.09220
       9340.00       5.35722
       9360.00       4.96422
       9380.00       4.71399
       9400.00       5.18358
       9420.00       4.74976
       9440.00       4.41706
       9460.00       4.57707
       9480.00       5.04566
       9500.00       4.69910
       9520.00       3.90038
       9540.00       3.86565
       9560.00       4.16887
       9580.00       4.66118
       9600.00       4.55781
       9620.00       4.39760
       9640.00       4.27156
       9660.00       4.32498
       9680.00       4.22643
       9700.00       3.98597
       9720.00       4.45594
       9740.00       4.17439
       9760.00       4.44222
       9780.00       4.18386
       9800.00       4.25221
       9820.00       4.00497
       9840.00       4.06697
       9860.00       3.97395
       9880.00       4.09665
       9900.00       4.00011
       9920.00       4.07886
       9940.00       4.14391
       9960.00       3.90990
       9980.00       4.20407
       10000.0       4.00760
       10020.0       3.40304
       10040.0       3.10236
       10060.0       3.35993
       10080.0       3.76912
       10100.0       3.85633
       10120.0       3.78050
       10140.0       3.91105
       10160.0       3.75315
       10180.0       3.70100
       10200.0       4.08422
       10220.0       3.90956
       10240.0       3.67560
       10260.0       4.05293
       10280.0       3.71366
       10300.0       3.74640
       10320.0       3.74344
       10340.0       3.71476
       10360.0       3.56090
       10380.0       3.70533
       10400.0       3.69820
       10420.0       3.31130
       10440.0       3.21762
       10460.0       3.47238
       10480.0       3.80048
       10500.0       3.44287
       10520.0       3.12032
       10540.0       3.65269
       10560.0       3.47187
       10580.0       3.22890
       10600.0       3.50955
       10620.0       3.50056
