       3160.00    0.00918060
       3170.00    0.00716472
       3180.00    0.00804428
       3190.00    0.00404667
       3200.00    0.00417434
       3210.00    0.00390490
       3220.00    0.00366385
       3230.00    0.00502756
       3240.00       0.00000
       3250.00    0.00387986
       3260.00    0.00466757
       3270.00    0.00451599
       3280.00    0.00622477
       3290.00    0.00625893
       3300.00    0.00579776
       3310.00    0.00523010
       3320.00    0.00636015
       3330.00    0.00616127
       3340.00    0.00634447
       3350.00    0.00646701
       3360.00    0.00608770
       3370.00    0.00534424
       3380.00    0.00573433
       3390.00    0.00675862
       3400.00       0.00000
       3410.00    0.00753828
       3420.00    0.00716614
       3430.00    0.00777795
       3440.00    0.00561256
       3450.00    0.00615665
       3460.00    0.00666154
       3470.00    0.00698021
       3480.00    0.00734005
       3490.00    0.00719037
       3500.00    0.00853109
       3510.00    0.00896162
       3520.00    0.00631768
       3530.00    0.00902744
       3540.00     0.0107037
       3550.00    0.00961250
       3560.00       0.00000
       3570.00    0.00688251
       3580.00    0.00535824
       3590.00    0.00640642
       3600.00    0.00842577
       3610.00    0.00849226
       3620.00     0.0101398
       3630.00     0.0110636
       3640.00     0.0115404
       3650.00     0.0129371
       3660.00     0.0161391
       3670.00     0.0163092
       3680.00     0.0135671
       3690.00     0.0144057
       3700.00     0.0141747
       3710.00     0.0125699
       3720.00       0.00000
       3730.00    0.00817558
       3740.00    0.00680644
       3750.00    0.00859761
       3760.00    0.00964618
       3770.00     0.0126312
       3780.00     0.0153133
       3790.00     0.0129068
       3800.00     0.0111332
       3810.00     0.0117751
       3820.00    0.00829640
       3830.00    0.00704379
       3840.00    0.00868193
       3850.00    0.00986126
       3860.00    0.00940274
       3870.00    0.00998433
       3880.00       0.00000
       3890.00     0.0123024
       3900.00     0.0148453
       3910.00     0.0162364
       3920.00     0.0142573
       3930.00    0.00809910
       3940.00    0.00868633
       3950.00     0.0147711
       3960.00     0.0137259
       3970.00     0.0111497
       3980.00     0.0198148
       3990.00     0.0282332
       4000.00     0.0316174
       4010.00     0.0371682
       4020.00     0.0408299
       4030.00     0.0355601
       4040.00       0.00000
       4050.00     0.0367088
       4060.00     0.0369563
       4070.00     0.0364364
       4080.00     0.0427056
       4090.00     0.0463215
       4100.00     0.0439575
       4110.00     0.0420601
       4120.00     0.0419883
       4130.00     0.0403766
       4140.00     0.0368748
       4150.00     0.0376876
       4160.00     0.0415845
       4170.00     0.0405277
       4180.00     0.0419823
       4190.00     0.0446207
       4200.00       0.00000
       4210.00     0.0487637
       4220.00     0.0432395
       4230.00     0.0441693
       4240.00     0.0567434
       4250.00     0.0564044
       4260.00     0.0567990
       4270.00     0.0561402
       4280.00     0.0535903
       4290.00     0.0538725
       4300.00     0.0462347
       4310.00     0.0572108
       4320.00     0.0709943
       4330.00     0.0770233
       4340.00     0.0845764
       4350.00     0.0885681
       4360.00       0.00000
       4370.00     0.0875919
       4380.00     0.0731826
       4390.00     0.0756012
       4400.00     0.0801349
       4410.00     0.0789633
       4420.00     0.0880684
       4430.00     0.0893055
       4440.00     0.0928685
       4450.00     0.0934166
       4460.00     0.0894319
       4470.00      0.100253
       4480.00      0.110915
       4490.00      0.108029
       4500.00      0.116270
       4510.00      0.117838
       4520.00       0.00000
       4530.00      0.105643
       4540.00      0.111317
       4550.00      0.121325
       4560.00      0.126638
       4570.00      0.128927
       4580.00      0.127256
       4590.00      0.125865
       4600.00      0.126757
       4610.00      0.139658
       4620.00      0.148993
       4630.00      0.144092
       4640.00      0.129428
       4650.00      0.130088
       4660.00      0.136018
       4670.00      0.133350
       4680.00       0.00000
       4690.00      0.137169
       4700.00      0.135604
       4710.00      0.140665
       4720.00      0.145070
       4730.00      0.142681
       4740.00      0.144774
       4750.00      0.147804
       4760.00      0.142620
       4770.00      0.143393
       4780.00      0.144685
       4790.00      0.146986
       4800.00      0.152267
       4810.00      0.156514
       4820.00      0.157586
       4830.00      0.153206
       4840.00       0.00000
       4850.00      0.153217
       4860.00      0.148385
       4870.00      0.146467
       4880.00      0.149285
       4890.00      0.156427
       4900.00      0.165373
       4910.00      0.164503
       4920.00      0.160011
       4930.00      0.161964
       4940.00      0.171053
       4950.00      0.174185
       4960.00      0.168352
       4970.00      0.169393
       4980.00      0.165672
       4990.00      0.158316
       5000.00       0.00000
       5010.00      0.149867
       5020.00      0.152675
       5030.00      0.160727
       5040.00      0.162413
       5050.00      0.162733
       5060.00      0.166257
       5070.00      0.160812
       5080.00      0.151755
       5090.00      0.151727
       5100.00      0.151307
       5110.00      0.150718
       5120.00      0.147232
       5130.00      0.147407
       5140.00      0.150542
       5150.00      0.146302
       5160.00       0.00000
       5170.00      0.132057
       5180.00      0.131104
       5190.00      0.149380
       5200.00      0.154921
       5210.00      0.153523
       5220.00      0.168210
       5230.00      0.178500
       5240.00      0.187466
       5250.00      0.184496
       5260.00      0.173309
       5270.00      0.167963
       5280.00      0.185644
       5290.00      0.200524
       5300.00      0.206382
       5310.00      0.210503
       5320.00       0.00000
       5330.00      0.197592
       5340.00      0.202594
       5350.00      0.218418
       5360.00      0.229436
       5370.00      0.221530
       5380.00      0.219495
       5390.00      0.215848
       5400.00      0.199997
       5410.00      0.204630
       5420.00      0.220890
       5430.00      0.221218
       5440.00      0.217968
       5450.00      0.222626
       5460.00      0.221579
       5470.00      0.217867
       5480.00       0.00000
       5490.00      0.222344
       5500.00      0.230852
       5510.00      0.225476
       5520.00      0.230016
       5530.00      0.235238
       5540.00      0.236615
       5550.00      0.247425
       5560.00      0.245185
       5570.00      0.241162
       5580.00      0.244530
       5590.00      0.237399
       5600.00      0.228511
       5610.00      0.245890
       5620.00      0.248116
       5630.00      0.242137
       5640.00      0.249447
       5650.00      0.248123
       5660.00      0.252753
       5670.00      0.251427
       5680.00      0.258231
       5690.00      0.265010
       5700.00      0.256668
       5710.00      0.247481
       5720.00      0.258169
       5730.00      0.264902
       5740.00      0.272914
       5760.00      0.272400
       5780.00      0.272105
       5800.00      0.288370
       5820.00      0.296379
       5840.00       0.00000
       5860.00      0.286694
       5880.00      0.263659
       5900.00      0.268896
       5920.00      0.286738
       5940.00      0.292911
       5960.00      0.294858
       5980.00      0.294706
       6000.00      0.295387
       6020.00      0.303522
       6040.00      0.313461
       6060.00      0.314896
       6080.00      0.318579
       6100.00      0.315694
       6120.00      0.310179
       6140.00      0.302262
       6160.00      0.302698
       6180.00      0.298489
       6200.00       0.00000
       6220.00      0.293361
       6240.00      0.285625
       6260.00      0.289096
       6280.00      0.299297
       6300.00      0.309433
       6320.00      0.312796
       6340.00      0.313973
       6360.00      0.317104
       6380.00      0.327057
       6400.00      0.327984
       6420.00      0.330071
       6440.00      0.332532
       6460.00      0.333819
       6480.00      0.324897
       6500.00      0.326776
       6520.00      0.343372
       6540.00      0.336220
       6560.00       0.00000
       6580.00      0.344791
       6600.00      0.347903
       6620.00      0.343461
       6640.00      0.336979
       6660.00      0.338027
       6680.00      0.337202
       6700.00      0.335637
       6720.00      0.334267
       6740.00      0.334015
       6760.00      0.337455
       6780.00      0.339219
       6800.00      0.348126
       6820.00      0.354603
       6840.00      0.357030
       6860.00      0.341444
       6880.00      0.344078
       6900.00      0.360614
       6920.00       0.00000
       6940.00      0.353503
       6960.00      0.351591
       6980.00      0.350048
       7000.00      0.345663
       7020.00      0.353739
       7040.00      0.355746
       7060.00      0.355268
       7080.00      0.349508
       7100.00      0.343956
       7120.00      0.340713
       7140.00      0.342029
       7160.00      0.355532
       7180.00      0.357321
       7200.00      0.351651
       7220.00      0.356723
       7240.00      0.360045
       7260.00      0.359912
       7280.00       0.00000
       7300.00      0.369216
       7320.00      0.372467
       7340.00      0.368054
       7360.00      0.370782
       7380.00      0.379917
       7400.00      0.376530
       7420.00      0.378205
       7440.00      0.382050
       7460.00      0.384035
       7480.00      0.380007
       7500.00      0.385645
       7520.00      0.405849
       7540.00      0.421314
       7560.00      0.426304
       7580.00      0.390296
       7600.00      0.316568
       7620.00      0.445862
       7640.00       0.00000
       7660.00      0.390453
       7680.00      0.367188
       7700.00      0.379516
       7720.00      0.384672
       7740.00      0.399792
       7760.00      0.400851
       7780.00      0.402546
       7800.00      0.403433
       7820.00      0.401285
       7840.00      0.396443
       7860.00      0.393213
       7880.00      0.386675
       7900.00      0.377328
       7920.00      0.369131
       7940.00      0.371343
       7960.00      0.381692
       7980.00      0.377766
       8000.00       0.00000
       8020.00      0.392055
       8040.00      0.391545
       8060.00      0.391657
       8080.00      0.374634
       8100.00      0.376634
       8120.00      0.385691
       8140.00      0.391025
       8160.00      0.384412
       8180.00      0.386216
       8200.00      0.384666
       8220.00      0.389647
       8240.00      0.400357
       8260.00      0.407239
       8280.00      0.399929
       8300.00      0.391752
       8320.00      0.393359
       8340.00      0.392266
       8360.00       0.00000
       8380.00      0.402747
       8400.00      0.396146
       8420.00      0.403056
       8440.00      0.407716
       8460.00      0.403214
       8480.00      0.401822
       8500.00      0.398382
       8520.00      0.374756
       8540.00      0.371688
       8560.00      0.407829
       8580.00      0.417054
       8600.00      0.417099
       8620.00      0.421919
       8640.00      0.398711
       8660.00      0.386989
       8680.00      0.409375
       8700.00      0.420763
       8720.00       0.00000
       8740.00      0.427399
       8760.00      0.427563
       8780.00      0.422185
       8800.00      0.416123
       8820.00      0.432290
       8840.00      0.428349
       8860.00      0.432732
       8880.00      0.426279
       8900.00      0.423780
       8920.00      0.416957
       8940.00      0.409467
       8960.00      0.416488
       8980.00      0.417643
       9000.00      0.407292
       9020.00      0.415100
       9040.00      0.441913
       9060.00      0.411340
       9080.00       0.00000
       9100.00      0.426527
       9120.00      0.412873
       9140.00      0.404192
       9160.00      0.387787
       9180.00      0.396045
       9200.00      0.401285
       9220.00      0.405284
       9240.00      0.402652
       9260.00      0.399627
       9280.00      0.419733
       9300.00      0.403675
       9320.00      0.395716
       9340.00      0.428520
       9360.00      0.372172
       9380.00      0.380553
       9400.00      0.405219
       9420.00      0.351662
       9440.00       0.00000
       9460.00      0.395925
       9480.00      0.382328
       9500.00      0.377453
       9520.00      0.400635
       9540.00      0.402933
       9560.00      0.397263
       9580.00      0.393960
       9600.00      0.397297
       9620.00      0.391414
       9640.00      0.388144
       9660.00      0.401285
       9680.00      0.398136
       9700.00      0.394487
       9720.00      0.388157
       9740.00      0.407721
       9760.00      0.410719
       9780.00      0.422759
       9800.00       0.00000
       9820.00      0.433865
       9840.00      0.433744
       9860.00      0.429955
       9880.00      0.426434
       9900.00      0.440438
       9920.00      0.440933
       9940.00      0.429255
       9960.00      0.439287
       9980.00      0.442031
       10000.0      0.436907
       10020.0      0.444126
       10040.0      0.445850
       10060.0      0.434177
       10080.0      0.433810
       10100.0      0.433198
       10120.0      0.433944
       10140.0      0.427676
       10160.0       0.00000
       10180.0      0.444864
       10200.0      0.439223
       10220.0      0.446418
       10240.0      0.439943
       10260.0      0.436168
       10280.0      0.440172
       10300.0      0.441376
       10320.0      0.437862
       10340.0      0.438945
       10360.0      0.444478
       10380.0      0.442420
       10400.0      0.443488
       10420.0      0.467654
       10440.0      0.447643
       10460.0      0.455968
       10480.0      0.443197
       10500.0      0.441046
       10520.0       0.00000
       10540.0      0.449904
       10560.0      0.446336
       10580.0      0.453037
       10600.0      0.454535
       10620.0      0.464719
