       3160.00       1.57400
       3170.00      0.971414
       3180.00      0.675266
       3190.00      0.357444
       3200.00      0.426141
       3210.00      0.443465
       3220.00      0.151054
       3230.00      0.381237
       3240.00      0.243674
       3250.00     0.0865290
       3260.00      0.231708
       3270.00      0.224906
       3280.00      0.247405
       3290.00      0.192384
       3300.00      0.184192
       3310.00      0.216788
       3320.00      0.189381
       3330.00      0.231909
       3340.00      0.210079
       3350.00      0.199315
       3360.00      0.221594
       3370.00      0.200413
       3380.00      0.254018
       3390.00      0.186683
       3400.00      0.248582
       3410.00      0.231029
       3420.00      0.235108
       3430.00      0.230645
       3440.00      0.191685
       3450.00      0.220269
       3460.00      0.260335
       3470.00      0.232905
       3480.00      0.258069
       3490.00      0.235258
       3500.00      0.238824
       3510.00      0.257645
       3520.00      0.251734
       3530.00      0.264286
       3540.00      0.386222
       3550.00      0.379596
       3560.00      0.355185
       3570.00      0.259322
       3580.00      0.206953
       3590.00      0.211604
       3600.00      0.284714
       3610.00      0.332691
       3620.00      0.366084
       3630.00      0.393632
       3640.00      0.367510
       3650.00      0.437012
       3660.00      0.507356
       3670.00      0.533975
       3680.00      0.467689
       3690.00      0.461820
       3700.00      0.480376
       3710.00      0.450178
       3720.00      0.380265
       3730.00      0.327977
       3740.00      0.313958
       3750.00      0.390091
       3760.00      0.491011
       3770.00      0.525737
       3780.00      0.617253
       3790.00      0.556679
       3800.00      0.528877
       3810.00      0.544845
       3820.00      0.457566
       3830.00      0.419740
       3840.00      0.496838
       3850.00      0.518062
       3860.00      0.506071
       3870.00      0.536859
       3880.00      0.570713
       3890.00      0.619095
       3900.00      0.620258
       3910.00      0.670094
       3920.00      0.574236
       3930.00      0.382456
       3940.00      0.409836
       3950.00      0.618967
       3960.00      0.554445
       3970.00      0.496325
       3980.00      0.797739
       3990.00       1.07883
       4000.00       1.18627
       4010.00       1.36849
       4020.00       1.46890
       4030.00       1.41182
       4040.00       1.37581
       4050.00       1.49994
       4060.00       1.62479
       4070.00       1.54592
       4080.00       1.74101
       4090.00       2.03302
       4100.00       1.89053
       4110.00       1.86658
       4120.00       1.93211
       4130.00       1.96313
       4140.00       1.96832
       4150.00       2.10289
       4160.00       2.22114
       4170.00       2.13395
       4180.00       2.21265
       4190.00       2.27348
       4200.00       2.24041
       4210.00       2.28391
       4220.00       1.84037
       4230.00       1.74096
       4240.00       2.52909
       4250.00       2.54416
       4260.00       2.60112
       4270.00       2.69130
       4280.00       2.52424
       4290.00       2.54752
       4300.00       2.45639
       4310.00       2.94622
       4320.00       3.44619
       4330.00       3.56412
       4340.00       3.87094
       4350.00       3.83123
       4360.00       4.22006
       4370.00       4.20222
       4380.00       3.73766
       4390.00       3.85942
       4400.00       4.06390
       4410.00       4.14384
       4420.00       4.50040
       4430.00       4.49629
       4440.00       4.85649
       4450.00       4.87771
       4460.00       4.43600
       4470.00       4.49604
       4480.00       4.99265
       4490.00       5.05517
       4500.00       5.32592
       4510.00       5.65293
       4520.00       5.34585
       4530.00       5.05788
       4540.00       5.30262
       4550.00       5.56592
       4560.00       6.34738
       4570.00       6.99050
       4580.00       6.86402
       4590.00       6.50642
       4600.00       6.71568
       4610.00       7.61605
       4620.00       8.09859
       4630.00       6.82657
       4640.00       5.84506
       4650.00       5.99584
       4660.00       6.49690
       4670.00       6.41984
       4680.00       6.39275
       4690.00       7.24796
       4700.00       7.86568
       4710.00       7.98368
       4720.00       8.15988
       4730.00       8.33911
       4740.00       8.67783
       4750.00       8.89284
       4760.00       7.54876
       4770.00       6.56439
       4780.00       6.70395
       4790.00       7.41193
       4800.00       7.68319
       4810.00       7.36068
       4820.00       7.61052
       4830.00       7.88154
       4840.00       8.14958
       4850.00       7.81587
       4860.00       7.57731
       4870.00       7.99479
       4880.00       8.51677
       4890.00       9.27418
       4900.00       10.1434
       4910.00       10.5432
       4920.00       11.0339
       4930.00       11.5408
       4940.00       12.2537
       4950.00       11.0501
       4960.00       8.32355
       4970.00       7.62176
       4980.00       8.44086
       4990.00       8.86985
       5000.00       8.40530
       5010.00       7.92656
       5020.00       8.56229
       5030.00       9.36248
       5040.00       10.1808
       5050.00       10.8525
       5060.00       11.2143
       5070.00       11.1622
       5080.00       11.2124
       5090.00       11.4589
       5100.00       11.4452
       5110.00       11.5225
       5120.00       11.7077
       5130.00       11.9044
       5140.00       12.2272
       5150.00       12.0455
       5160.00       11.7347
       5170.00       8.81166
       5180.00       7.39213
       5190.00       8.84313
       5200.00       9.29527
       5210.00       9.93091
       5220.00       11.5022
       5230.00       12.7481
       5240.00       13.0870
       5250.00       12.4918
       5260.00       12.6363
       5270.00       12.9599
       5280.00       14.5533
       5290.00       15.5512
       5300.00       15.6702
       5310.00       15.9470
       5320.00       15.5626
       5330.00       14.9349
       5340.00       15.1311
       5350.00       16.1234
       5360.00       17.0053
       5370.00       16.2980
       5380.00       16.6265
       5390.00       16.1861
       5400.00       15.6250
       5410.00       16.3691
       5420.00       17.5754
       5430.00       17.7570
       5440.00       17.8229
       5450.00       15.8227
       5460.00       12.6431
       5470.00       13.5283
       5480.00       14.5407
       5490.00       15.6520
       5500.00       15.2580
       5510.00       14.7000
       5520.00       16.2210
       5530.00       17.5167
       5540.00       17.9206
       5550.00       17.9688
       5560.00       16.9079
       5570.00       16.4604
       5580.00       16.7672
       5590.00       16.3056
       5600.00       15.5887
       5610.00       15.5020
       5620.00       15.2598
       5630.00       15.1866
       5640.00       15.1534
       5650.00       15.3448
       5660.00       16.5144
       5670.00       15.9967
       5680.00       17.3058
       5690.00       18.5318
       5700.00       18.6561
       5710.00       18.7173
       5720.00       18.7783
       5730.00       18.6832
       5740.00       19.3201
       5760.00       20.0132
       5780.00       20.8870
       5800.00       22.5560
       5820.00       22.5399
       5840.00       20.8866
       5860.00       17.9332
       5880.00       16.0029
       5900.00       14.9324
       5920.00       16.1816
       5940.00       17.0298
       5960.00       17.9322
       5980.00       19.7102
       6000.00       21.1786
       6020.00       22.8895
       6040.00       24.8702
       6060.00       26.4249
       6080.00       27.6461
       6100.00       28.5516
       6120.00       28.5459
       6140.00       25.2656
       6160.00       20.6720
       6180.00       17.4240
       6200.00       16.6039
       6220.00       15.9327
       6240.00       16.4401
       6260.00       18.2862
       6280.00       20.6185
       6300.00       23.9856
       6320.00       26.8932
       6340.00       26.9916
       6360.00       27.4827
       6380.00       29.7637
       6400.00       31.2903
       6420.00       32.8214
       6440.00       34.3568
       6460.00       33.7802
       6480.00       29.8284
       6500.00       27.7157
       6520.00       30.8241
       6540.00       31.7819
       6560.00       32.0256
       6580.00       33.8024
       6600.00       34.9185
       6620.00       34.3676
       6640.00       32.7164
       6660.00       31.1825
       6680.00       30.4604
       6700.00       29.2357
       6720.00       28.7232
       6740.00       29.4600
       6760.00       31.2499
       6780.00       32.2517
       6800.00       33.0242
       6820.00       36.5437
       6840.00       39.2980
       6860.00       38.6363
       6880.00       40.2774
       6900.00       43.7481
       6920.00       45.9073
       6940.00       47.2687
       6960.00       50.4839
       6980.00       50.9665
       7000.00       52.3784
       7020.00       54.9405
       7040.00       50.0371
       7060.00       42.2883
       7080.00       37.1202
       7100.00       34.7375
       7120.00       33.1088
       7140.00       31.3515
       7160.00       35.0580
       7180.00       37.4371
       7200.00       39.6664
       7220.00       43.1458
       7240.00       47.2972
       7260.00       50.7856
       7280.00       54.3654
       7300.00       58.3173
       7320.00       62.1377
       7340.00       62.8571
       7360.00       66.3530
       7380.00       69.5999
       7400.00       69.5205
       7420.00       70.4893
       7440.00       72.0534
       7460.00       73.1060
       7480.00       73.6751
       7500.00       74.8608
       7520.00       79.0941
       7540.00       82.5346
       7560.00       85.1058
       7580.00       77.9375
       7600.00       61.9061
       7620.00       71.5710
       7640.00       68.8104
       7660.00       64.7343
       7680.00       58.0731
       7700.00       60.9512
       7720.00       64.8215
       7740.00       66.4089
       7760.00       65.7886
       7780.00       67.1357
       7800.00       70.0683
       7820.00       70.8261
       7840.00       70.8050
       7860.00       72.8418
       7880.00       73.7002
       7900.00       73.6946
       7920.00       74.7045
       7940.00       76.0019
       7960.00       79.6840
       7980.00       81.5112
       8000.00       83.2622
       8020.00       85.3164
       8040.00       87.1271
       8060.00       87.4874
       8080.00       88.6312
       8100.00       88.4233
       8120.00       89.5262
       8140.00       87.6814
       8160.00       85.0135
       8180.00       84.2266
       8200.00       86.0918
       8220.00       87.4043
       8240.00       86.7800
       8260.00       90.1725
       8280.00       88.8862
       8300.00       86.4434
       8320.00       85.9993
       8340.00       84.8180
       8360.00       85.8871
       8380.00       86.4073
       8400.00       88.8930
       8420.00       86.2727
       8440.00       85.4754
       8460.00       86.2979
       8480.00       85.0932
       8500.00       84.8194
       8520.00       82.1136
       8540.00       83.1246
       8560.00       91.1045
       8580.00       93.2771
       8600.00       94.2967
       8620.00       96.2031
       8640.00       90.9952
       8660.00       87.0806
       8680.00       93.5923
       8700.00       97.1263
       8720.00       99.2707
       8740.00       99.4832
       8760.00       101.878
       8780.00       100.638
       8800.00       101.496
       8820.00       102.127
       8840.00       102.705
       8860.00       101.767
       8880.00       101.034
       8900.00       101.711
       8920.00       101.683
       8940.00       101.056
       8960.00       99.7334
       8980.00       99.6107
       9000.00       96.1823
       9020.00       102.339
       9040.00       111.207
       9060.00       103.860
       9080.00       99.3995
       9100.00       102.422
       9120.00       102.589
       9140.00       97.7301
       9160.00       96.2973
       9180.00       100.945
       9200.00       105.776
       9220.00       104.772
       9240.00       105.705
       9260.00       103.933
       9280.00       109.487
       9300.00       105.408
       9320.00       91.5951
       9340.00       95.1782
       9360.00       85.2272
       9380.00       93.5624
       9400.00       103.811
       9420.00       88.0804
       9440.00       87.2123
       9460.00       98.2405
       9480.00       100.861
       9500.00       97.7328
       9520.00       108.322
       9540.00       111.842
       9560.00       110.393
       9580.00       111.002
       9600.00       108.536
       9620.00       108.682
       9640.00       104.934
       9660.00       109.250
       9680.00       111.701
       9700.00       109.168
       9720.00       109.219
       9740.00       109.545
       9760.00       109.321
       9780.00       111.838
       9800.00       115.622
       9820.00       117.207
       9840.00       118.422
       9860.00       117.547
       9880.00       119.118
       9900.00       117.072
       9920.00       117.106
       9940.00       118.669
       9960.00       120.045
       9980.00       120.163
       10000.0       120.816
       10020.0       123.607
       10040.0       119.712
       10060.0       120.184
       10080.0       122.960
       10100.0       124.132
       10120.0       123.092
       10140.0       122.233
       10160.0       122.871
       10180.0       121.665
       10200.0       124.229
       10220.0       125.473
       10240.0       127.758
       10260.0       128.032
       10280.0       128.565
       10300.0       128.055
       10320.0       126.855
       10340.0       128.511
       10360.0       129.815
       10380.0       128.962
       10400.0       129.402
       10420.0       130.611
       10440.0       132.330
       10460.0       131.820
       10480.0       132.933
       10500.0       130.637
       10520.0       132.173
       10540.0       132.176
       10560.0       134.295
       10580.0       129.903
       10600.0       134.800
       10620.0       134.462
