       3160.00    0.00243304
       3170.00    0.00464694
       3180.00    0.00346870
       3190.00    0.00316911
       3200.00    0.00560706
       3210.00    0.00412512
       3220.00    0.00378301
       3230.00    0.00330800
       3240.00    0.00318219
       3250.00    0.00471127
       3260.00    0.00364667
       3270.00    0.00436373
       3280.00    0.00639931
       3290.00    0.00558787
       3300.00    0.00594928
       3310.00    0.00588211
       3320.00    0.00654566
       3330.00    0.00580331
       3340.00    0.00610015
       3350.00    0.00702178
       3360.00    0.00610154
       3370.00    0.00595994
       3380.00    0.00633311
       3390.00    0.00574864
       3400.00    0.00588074
       3410.00    0.00625086
       3420.00    0.00651829
       3430.00    0.00602977
       3440.00    0.00621213
       3450.00    0.00563817
       3460.00    0.00606639
       3470.00    0.00670595
       3480.00    0.00626551
       3490.00    0.00663123
       3500.00    0.00667949
       3510.00    0.00733063
       3520.00    0.00694483
       3530.00    0.00760690
       3540.00    0.00727362
       3550.00    0.00715628
       3560.00    0.00611963
       3570.00    0.00547399
       3580.00    0.00565582
       3590.00    0.00622474
       3600.00    0.00793146
       3610.00    0.00714761
       3620.00    0.00745277
       3630.00    0.00810518
       3640.00    0.00782442
       3650.00    0.00852181
       3660.00    0.00948236
       3670.00    0.00964880
       3680.00    0.00849659
       3690.00    0.00940036
       3700.00    0.00961458
       3710.00    0.00849129
       3720.00    0.00948993
       3730.00    0.00809163
       3740.00    0.00720397
       3750.00    0.00822701
       3760.00    0.00843131
       3770.00    0.00955126
       3780.00     0.0102440
       3790.00    0.00893749
       3800.00    0.00880445
       3810.00    0.00866261
       3820.00    0.00645153
       3830.00    0.00706303
       3840.00    0.00692684
       3850.00    0.00686654
       3860.00    0.00615966
       3870.00    0.00667676
       3880.00    0.00722384
       3890.00    0.00954036
       3900.00     0.0105459
       3910.00     0.0103107
       3920.00    0.00982739
       3930.00    0.00677281
       3940.00    0.00826656
       3950.00     0.0114385
       3960.00    0.00960932
       3970.00    0.00930709
       3980.00     0.0132345
       3990.00     0.0152285
       4000.00     0.0161313
       4010.00     0.0172914
       4020.00     0.0179551
       4030.00     0.0172190
       4040.00     0.0177856
       4050.00     0.0179874
       4060.00     0.0171899
       4070.00     0.0161518
       4080.00     0.0187864
       4090.00     0.0189307
       4100.00     0.0182446
       4110.00     0.0179757
       4120.00     0.0191574
       4130.00     0.0171439
       4140.00     0.0175701
       4150.00     0.0175932
       4160.00     0.0171507
       4170.00     0.0177822
       4180.00     0.0172028
       4190.00     0.0184919
       4200.00     0.0185900
       4210.00     0.0198439
       4220.00     0.0195010
       4230.00     0.0166616
       4240.00     0.0187859
       4250.00     0.0198913
       4260.00     0.0194241
       4270.00     0.0198447
       4280.00     0.0204029
       4290.00     0.0168335
       4300.00     0.0157213
       4310.00     0.0173431
       4320.00     0.0200171
       4330.00     0.0213374
       4340.00     0.0215217
       4350.00     0.0223749
       4360.00     0.0232491
       4370.00     0.0217135
       4380.00     0.0198132
       4390.00     0.0202626
       4400.00     0.0225566
       4410.00     0.0239128
       4420.00     0.0227124
       4430.00     0.0230941
       4440.00     0.0238979
       4450.00     0.0220469
       4460.00     0.0237542
       4470.00     0.0263444
       4480.00     0.0254940
       4490.00     0.0263520
       4500.00     0.0272746
       4510.00     0.0277557
       4520.00     0.0258128
       4530.00     0.0242060
       4540.00     0.0264763
       4550.00     0.0246603
       4560.00     0.0274633
       4570.00     0.0274666
       4580.00     0.0266717
       4590.00     0.0268186
       4600.00     0.0263355
       4610.00     0.0296736
       4620.00     0.0289161
       4630.00     0.0292210
       4640.00     0.0277463
       4650.00     0.0270641
       4660.00     0.0270176
       4670.00     0.0249992
       4680.00     0.0266354
       4690.00     0.0276859
       4700.00     0.0272574
       4710.00     0.0266194
       4720.00     0.0280811
       4730.00     0.0281786
       4740.00     0.0295049
       4750.00     0.0294313
       4760.00     0.0281416
       4770.00     0.0289551
       4780.00     0.0304125
       4790.00     0.0301526
       4800.00     0.0312169
       4810.00     0.0309978
       4820.00     0.0315416
       4830.00     0.0318734
       4840.00     0.0304542
       4850.00     0.0295334
       4860.00     0.0264196
       4870.00     0.0275617
       4880.00     0.0288438
       4890.00     0.0291845
       4900.00     0.0297010
       4910.00     0.0298395
       4920.00     0.0291904
       4930.00     0.0299240
       4940.00     0.0311637
       4950.00     0.0318501
       4960.00     0.0308082
       4970.00     0.0316273
       4980.00     0.0299433
       4990.00     0.0302350
       5000.00     0.0294363
       5010.00     0.0285902
       5020.00     0.0285404
       5030.00     0.0299190
       5040.00     0.0298309
       5050.00     0.0299582
       5060.00     0.0310362
       5070.00     0.0305324
       5080.00     0.0292292
       5090.00     0.0293957
       5100.00     0.0285930
       5110.00     0.0293798
       5120.00     0.0294391
       5130.00     0.0293817
       5140.00     0.0283599
       5150.00     0.0286527
       5160.00     0.0277310
       5170.00     0.0257279
       5180.00     0.0268799
       5190.00     0.0282715
       5200.00     0.0289896
       5210.00     0.0286978
       5220.00     0.0293950
       5230.00     0.0295672
       5240.00     0.0306883
       5250.00     0.0307057
       5260.00     0.0291921
       5270.00     0.0277977
       5280.00     0.0296881
       5290.00     0.0314689
       5300.00     0.0317236
       5310.00     0.0321443
       5320.00     0.0315839
       5330.00     0.0305843
       5340.00     0.0307405
       5350.00     0.0314711
       5360.00     0.0328943
       5370.00     0.0315392
       5380.00     0.0321095
       5390.00     0.0319861
       5400.00     0.0311126
       5410.00     0.0311856
       5420.00     0.0325636
       5430.00     0.0324770
       5440.00     0.0336945
       5450.00     0.0331546
       5460.00     0.0332728
       5470.00     0.0335097
       5480.00     0.0332835
       5490.00     0.0332229
       5500.00     0.0342152
       5510.00     0.0322484
       5520.00     0.0355991
       5530.00     0.0338333
       5540.00     0.0336416
       5550.00     0.0339070
       5560.00     0.0345945
       5570.00     0.0336553
       5580.00     0.0333031
       5590.00     0.0333083
       5600.00     0.0330226
       5610.00     0.0336734
       5620.00     0.0341286
       5630.00     0.0344536
       5640.00     0.0339113
       5650.00     0.0338833
       5660.00     0.0338874
       5670.00     0.0340191
       5680.00     0.0352653
       5690.00     0.0345991
       5700.00     0.0342845
       5710.00     0.0340343
       5720.00     0.0342279
       5730.00     0.0352734
       5740.00     0.0356848
       5760.00     0.0356866
       5780.00     0.0350935
       5800.00     0.0357212
       5820.00     0.0363446
       5840.00     0.0375215
       5860.00     0.0364671
       5880.00     0.0354199
       5900.00     0.0345024
       5920.00     0.0370756
       5940.00     0.0369812
       5960.00     0.0370089
       5980.00     0.0377324
       6000.00     0.0366114
       6020.00     0.0359788
       6040.00     0.0372976
       6060.00     0.0378314
       6080.00     0.0374094
       6100.00     0.0356256
       6120.00     0.0361300
       6140.00     0.0369259
       6160.00     0.0366298
       6180.00     0.0371554
       6200.00     0.0384948
       6220.00     0.0375274
       6240.00     0.0373491
       6260.00     0.0367384
       6280.00     0.0373705
       6300.00     0.0385443
       6320.00     0.0367332
       6340.00     0.0361036
       6360.00     0.0363314
       6380.00     0.0368982
       6400.00     0.0356520
       6420.00     0.0362174
       6440.00     0.0367511
       6460.00     0.0359931
       6480.00     0.0369710
       6500.00     0.0357716
       6520.00     0.0358839
       6540.00     0.0363829
       6560.00     0.0356099
       6580.00     0.0355017
       6600.00     0.0365182
       6620.00     0.0370638
       6640.00     0.0371975
       6660.00     0.0372488
       6680.00     0.0378415
       6700.00     0.0377556
       6720.00     0.0370778
       6740.00     0.0378537
       6760.00     0.0377417
       6780.00     0.0375503
       6800.00     0.0378656
       6820.00     0.0390015
       6840.00     0.0407128
       6860.00     0.0392489
       6880.00     0.0374516
       6900.00     0.0375004
       6920.00     0.0380980
       6940.00     0.0384054
       6960.00     0.0374631
       6980.00     0.0372261
       7000.00     0.0379728
       7020.00     0.0385606
       7040.00     0.0388365
       7060.00     0.0378039
       7080.00     0.0379271
       7100.00     0.0381770
       7120.00     0.0383239
       7140.00     0.0378364
       7160.00     0.0389943
       7180.00     0.0379029
       7200.00     0.0361389
       7220.00     0.0372167
       7240.00     0.0370389
       7260.00     0.0368123
       7280.00     0.0368603
       7300.00     0.0363379
       7320.00     0.0373757
       7340.00     0.0368055
       7360.00     0.0372218
       7380.00     0.0365815
       7400.00     0.0369716
       7420.00     0.0366525
       7440.00     0.0368702
       7460.00     0.0371109
       7480.00     0.0354393
       7500.00     0.0364787
       7520.00     0.0358042
       7540.00     0.0356132
       7560.00     0.0365721
       7580.00     0.0419422
       7600.00     0.0362130
       7620.00     0.0369965
       7640.00     0.0354076
       7660.00     0.0371813
       7680.00     0.0343279
       7700.00     0.0355782
       7720.00     0.0357673
       7740.00     0.0371009
       7760.00     0.0374017
       7780.00     0.0357705
       7800.00     0.0363516
       7820.00     0.0353793
       7840.00     0.0356353
       7860.00     0.0349230
       7880.00     0.0352247
       7900.00     0.0342652
       7920.00     0.0334476
       7940.00     0.0339331
       7960.00     0.0337796
       7980.00     0.0331961
       8000.00     0.0343119
       8020.00     0.0335494
       8040.00     0.0343212
       8060.00     0.0352912
       8080.00     0.0338378
       8100.00     0.0339553
       8120.00     0.0350081
       8140.00     0.0352333
       8160.00     0.0336169
       8180.00     0.0336674
       8200.00     0.0346887
       8220.00     0.0344942
       8240.00     0.0333784
       8260.00     0.0338671
       8280.00     0.0351402
       8300.00     0.0346631
       8320.00     0.0319483
       8340.00     0.0335422
       8360.00     0.0329642
       8380.00     0.0306831
       8400.00     0.0334319
       8420.00     0.0342981
       8440.00     0.0347742
       8460.00     0.0339006
       8480.00     0.0352076
       8500.00     0.0337837
       8520.00     0.0321965
       8540.00     0.0308074
       8560.00     0.0345404
       8580.00     0.0322877
       8600.00     0.0318759
       8620.00     0.0307944
       8640.00     0.0317284
       8660.00     0.0346639
       8680.00     0.0324368
       8700.00     0.0361060
       8720.00     0.0378077
       8740.00     0.0324212
       8760.00     0.0317688
       8780.00     0.0333658
       8800.00     0.0333311
       8820.00     0.0333991
       8840.00     0.0342037
       8860.00     0.0319617
       8880.00     0.0319508
       8900.00     0.0328752
       8920.00     0.0318684
       8940.00     0.0331127
       8960.00     0.0339476
       8980.00     0.0357660
       9000.00     0.0322888
       9020.00     0.0333406
       9040.00     0.0339474
       9060.00     0.0336128
       9080.00     0.0327018
       9100.00     0.0337434
       9120.00     0.0340464
       9140.00     0.0325861
       9160.00     0.0322977
       9180.00     0.0324244
       9200.00     0.0316459
       9220.00     0.0321856
       9240.00     0.0293743
       9260.00     0.0315581
       9280.00     0.0319970
       9300.00     0.0328621
       9320.00     0.0311996
       9340.00     0.0320239
       9360.00     0.0274705
       9380.00     0.0326590
       9400.00     0.0320120
       9420.00     0.0299464
       9440.00     0.0304579
       9460.00     0.0315221
       9480.00     0.0333261
       9500.00     0.0329512
       9520.00     0.0327489
       9540.00     0.0279006
       9560.00     0.0315709
       9580.00     0.0315050
       9600.00     0.0297618
       9620.00     0.0311671
       9640.00     0.0299762
       9660.00     0.0286217
       9680.00     0.0285438
       9700.00     0.0300333
       9720.00     0.0316283
       9740.00     0.0296313
       9760.00     0.0299970
       9780.00     0.0295471
       9800.00     0.0315917
       9820.00     0.0314168
       9840.00     0.0301576
       9860.00     0.0299313
       9880.00     0.0288634
       9900.00     0.0304866
       9920.00     0.0290024
       9940.00     0.0311103
       9960.00     0.0292311
       9980.00     0.0304961
       10000.0     0.0316293
       10020.0     0.0297062
       10040.0     0.0306743
       10060.0     0.0290485
       10080.0     0.0290806
       10100.0     0.0320328
       10120.0     0.0302173
       10140.0     0.0309785
       10160.0     0.0326094
       10180.0     0.0319410
       10200.0     0.0282417
       10220.0     0.0305236
       10240.0     0.0305876
       10260.0     0.0289231
       10280.0     0.0298174
       10300.0     0.0305149
       10320.0     0.0277380
       10340.0     0.0297668
       10360.0     0.0292902
       10380.0     0.0302971
       10400.0     0.0290383
       10420.0     0.0298335
       10440.0     0.0266913
       10460.0     0.0296675
       10480.0     0.0283160
       10500.0     0.0302955
       10520.0     0.0316827
       10540.0     0.0299402
       10560.0     0.0243660
       10580.0     0.0292626
       10600.0     0.0302316
       10620.0     0.0296124
