       3160.00       53.8341
       3170.00       57.5929
       3180.00       57.5160
       3190.00       52.8917
       3200.00       49.6626
       3210.00       54.1306
       3220.00       50.9588
       3230.00       52.8315
       3240.00       52.3413
       3250.00       50.8757
       3260.00       52.5079
       3270.00       49.9771
       3280.00       49.4813
       3290.00       47.9215
       3300.00       46.9934
       3310.00       45.5505
       3320.00       46.6105
       3330.00       46.6695
       3340.00       44.9232
       3350.00       46.0349
       3360.00       44.6361
       3370.00       44.5430
       3380.00       43.2353
       3390.00       43.2836
       3400.00       42.7082
       3410.00       42.1555
       3420.00       42.6134
       3430.00       42.7595
       3440.00       42.3271
       3450.00       42.7036
       3460.00       42.2930
       3470.00       41.1784
       3480.00       39.8418
       3490.00       40.4110
       3500.00       41.0148
       3510.00       39.8221
       3520.00       40.0478
       3530.00       39.2963
       3540.00       38.9607
       3550.00       38.8696
       3560.00       38.1836
       3570.00       37.8354
       3580.00       36.9710
       3590.00       36.6282
       3600.00       37.2441
       3610.00       36.5721
       3620.00       36.4161
       3630.00       36.1151
       3640.00       35.6701
       3650.00       35.9353
       3660.00       36.0362
       3670.00       35.1438
       3680.00       34.4543
       3690.00       33.8583
       3700.00       33.7309
       3710.00       33.6043
       3720.00       33.5674
       3730.00       33.1400
       3740.00       32.5023
       3750.00       32.8219
       3760.00       32.4703
       3770.00       32.6126
       3780.00       33.2799
       3790.00       32.6678
       3800.00       32.3552
       3810.00       33.8177
       3820.00       34.5095
       3830.00       31.8942
       3840.00       31.5179
       3850.00       33.0362
       3860.00       32.9849
       3870.00       32.5916
       3880.00       31.1759
       3890.00       29.5801
       3900.00       30.6763
       3910.00       31.5296
       3920.00       31.3478
       3930.00       31.2680
       3940.00       31.4073
       3950.00       31.7638
       3960.00       30.2115
       3970.00       28.8005
       3980.00       30.3093
       3990.00       31.2295
       4000.00       31.0686
       4010.00       30.4956
       4020.00       29.6617
       4030.00       29.3251
       4040.00       29.6788
       4050.00       29.2620
       4060.00       28.9615
       4070.00       28.2231
       4080.00       28.0402
       4090.00       27.4372
       4100.00       25.4152
       4110.00       26.2399
       4120.00       27.7841
       4130.00       27.7489
       4140.00       28.4499
       4150.00       27.4236
       4160.00       27.1029
       4170.00       27.2444
       4180.00       27.1158
       4190.00       26.3713
       4200.00       25.9615
       4210.00       26.1831
       4220.00       26.4664
       4230.00       26.2785
       4240.00       26.3728
       4250.00       26.3575
       4260.00       26.4200
       4270.00       26.2185
       4280.00       25.9870
       4290.00       26.0500
       4300.00       26.1742
       4310.00       25.2221
       4320.00       24.9950
       4330.00       23.4839
       4340.00       22.6513
       4350.00       23.5282
       4360.00       24.7353
       4370.00       24.0420
       4380.00       24.0476
       4390.00       23.4949
       4400.00       23.3813
       4410.00       23.2531
       4420.00       22.7959
       4430.00       22.3706
       4440.00       22.3202
       4450.00       22.7017
       4460.00       23.0073
       4470.00       22.2149
       4480.00       22.0765
       4490.00       22.0126
       4500.00       21.5662
       4510.00       21.8563
       4520.00       21.5148
       4530.00       20.9116
       4540.00       20.4132
       4550.00       20.3392
       4560.00       21.3261
       4570.00       21.2069
       4580.00       20.9436
       4590.00       20.7970
       4600.00       20.5358
       4610.00       20.9079
       4620.00       20.8627
       4630.00       20.6746
       4640.00       20.5015
       4650.00       20.1440
       4660.00       19.9871
       4670.00       19.7315
       4680.00       18.9108
       4690.00       18.5739
       4700.00       19.2250
       4710.00       18.9029
       4720.00       19.0453
       4730.00       19.0750
       4740.00       18.5876
       4750.00       18.4648
       4760.00       18.1894
       4770.00       18.4707
       4780.00       18.5429
       4790.00       18.1999
       4800.00       17.8998
       4810.00       17.7111
       4820.00       17.8255
       4830.00       17.5692
       4840.00       17.6287
       4850.00       16.5406
       4860.00       15.1708
       4870.00       15.6837
       4880.00       16.9140
       4890.00       16.7711
       4900.00       16.8045
       4910.00       16.8512
       4920.00       16.7765
       4930.00       16.9172
       4940.00       16.8427
       4950.00       16.5276
       4960.00       16.2539
       4970.00       16.1946
       4980.00       16.0955
       4990.00       15.9836
       5000.00       16.0444
       5010.00       16.0388
       5020.00       15.8617
       5030.00       15.6721
       5040.00       15.6016
       5050.00       15.5970
       5060.00       15.3698
       5070.00       15.2610
       5080.00       15.2832
       5090.00       15.2271
       5100.00       15.2752
       5110.00       14.9471
       5120.00       15.0732
       5130.00       14.8889
       5140.00       14.8986
       5150.00       14.8953
       5160.00       14.5969
       5170.00       14.4918
       5180.00       14.3231
       5190.00       14.2572
       5200.00       14.0642
       5210.00       13.8719
       5220.00       13.8961
       5230.00       13.8569
       5240.00       13.6029
       5250.00       13.7662
       5260.00       13.8156
       5270.00       13.6260
       5280.00       13.3994
       5290.00       13.3491
       5300.00       13.2739
       5310.00       13.1990
       5320.00       13.1866
       5330.00       13.0625
       5340.00       12.9512
       5350.00       12.9393
       5360.00       12.9275
       5370.00       12.6814
       5380.00       12.5963
       5390.00       12.5852
       5400.00       12.4760
       5410.00       12.0134
       5420.00       11.7969
       5430.00       12.1924
       5440.00       12.0665
       5450.00       12.1088
       5460.00       12.0429
       5470.00       11.9785
       5480.00       11.8877
       5490.00       11.8359
       5500.00       11.9071
       5510.00       11.8567
       5520.00       11.7824
       5530.00       11.9000
       5540.00       11.8702
       5550.00       11.7091
       5560.00       11.7310
       5570.00       11.8205
       5580.00       11.6830
       5590.00       11.4488
       5600.00       11.3976
       5610.00       11.2769
       5620.00       11.1307
       5630.00       11.0321
       5640.00       10.9761
       5650.00       10.9227
       5660.00       10.8683
       5670.00       10.8152
       5680.00       10.7612
       5690.00       10.7085
       5700.00       10.6561
       5710.00       10.6037
       5720.00       10.5516
       5730.00       10.4997
       5740.00       10.4491
       5760.00       10.2081
       5780.00       10.2266
       5800.00       10.1856
       5820.00       10.1575
       5840.00       10.0909
       5860.00       9.92423
       5880.00       9.69106
       5900.00       9.59870
       5920.00       9.76434
       5940.00       9.57198
       5960.00       9.43983
       5980.00       9.37724
       6000.00       9.29851
       6020.00       9.18949
       6040.00       9.05706
       6060.00       8.94956
       6080.00       8.85474
       6100.00       8.90390
       6120.00       8.82718
       6140.00       8.69809
       6160.00       8.56231
       6180.00       8.41990
       6200.00       8.30940
       6220.00       8.28588
       6240.00       8.32089
       6260.00       8.24034
       6280.00       7.94511
       6300.00       7.95143
       6320.00       7.90845
       6340.00       7.81036
       6360.00       7.72956
       6380.00       7.67521
       6400.00       7.64295
       6420.00       7.59334
       6440.00       7.53479
       6460.00       7.35662
       6480.00       7.28586
       6500.00       7.40816
       6520.00       7.44234
       6540.00       7.26359
       6560.00       7.00111
       6580.00       7.22849
       6600.00       7.41937
       6620.00       7.43098
       6640.00       7.29886
       6660.00       7.11381
       6680.00       6.91401
       6700.00       7.01499
       6720.00       7.08381
       6740.00       6.96451
       6760.00       6.79985
       6780.00       6.69479
       6800.00       6.58158
       6820.00       6.47486
       6840.00       6.77843
       6860.00       6.46028
       6880.00       6.13050
       6900.00       6.23370
       6920.00       6.30375
       6940.00       6.12904
       6960.00       6.12951
       6980.00       6.09012
       7000.00       5.99512
       7020.00       5.97049
       7040.00       5.78886
       7060.00       5.82219
       7080.00       5.80855
       7100.00       5.75114
       7120.00       5.74708
       7140.00       5.66974
       7160.00       5.62985
       7180.00       5.47577
       7200.00       5.39524
       7220.00       5.47939
       7240.00       5.34530
       7260.00       5.28495
       7280.00       5.28044
       7300.00       5.33404
       7320.00       5.35385
       7340.00       5.27699
       7360.00       5.34006
       7380.00       5.21967
       7400.00       5.16886
       7420.00       5.19331
       7440.00       5.21230
       7460.00       5.13883
       7480.00       5.12331
       7500.00       4.92859
       7520.00       4.93662
       7540.00       4.96921
       7560.00       5.07611
       7580.00       5.24974
       7600.00       4.66064
       7620.00       5.00484
       7640.00       4.81486
       7660.00       4.73397
       7680.00       4.22222
       7700.00       4.49344
       7720.00       4.55302
       7740.00       4.57977
       7760.00       4.46040
       7780.00       4.47618
       7800.00       4.49952
       7820.00       4.40585
       7840.00       4.33800
       7860.00       4.25953
       7880.00       4.17474
       7900.00       4.13315
       7920.00       4.13358
       7940.00       4.15070
       7960.00       4.22017
       7980.00       4.16726
       8000.00       4.21480
       8020.00       4.19520
       8040.00       4.24904
       8060.00       4.25411
       8080.00       4.16323
       8100.00       3.98448
       8120.00       4.07012
       8140.00       4.07151
       8160.00       3.91540
       8180.00       3.88558
       8200.00       3.85187
       8220.00       3.64828
       8240.00       3.67158
       8260.00       3.90008
       8280.00       3.75145
       8300.00       3.87969
       8320.00       3.82179
       8340.00       3.81898
       8360.00       3.54122
       8380.00       3.71854
       8400.00       3.82325
       8420.00       3.80787
       8440.00       3.77295
       8460.00       3.72096
       8480.00       3.62938
       8500.00       3.69644
       8520.00       3.70098
       8540.00       3.53252
       8560.00       3.60165
       8580.00       3.47359
       8600.00       3.37230
       8620.00       3.44978
       8640.00       3.43413
       8660.00       3.52870
       8680.00       3.59002
       8700.00       3.52542
       8720.00       3.54089
       8740.00       3.48579
       8760.00       3.47178
       8780.00       3.49934
       8800.00       3.55236
       8820.00       3.50675
       8840.00       3.46135
       8860.00       3.24717
       8880.00       3.18913
       8900.00       3.27724
       8920.00       3.22385
       8940.00       3.26554
       8960.00       3.06528
       8980.00       2.97657
       9000.00       2.89120
       9020.00       3.05003
       9040.00       3.23601
       9060.00       2.95833
       9080.00       2.91607
       9100.00       3.08946
       9120.00       2.96502
       9140.00       2.93606
       9160.00       2.85155
       9180.00       3.03584
       9200.00       3.01916
       9220.00       2.98531
       9240.00       2.89999
       9260.00       2.92162
       9280.00       3.14233
       9300.00       3.35353
       9320.00       2.84595
       9340.00       3.08810
       9360.00       2.67030
       9380.00       3.00713
       9400.00       3.11560
       9420.00       2.73276
       9440.00       2.61539
       9460.00       2.82694
       9480.00       2.70568
       9500.00       2.75437
       9520.00       2.83487
       9540.00       2.87823
       9560.00       2.55831
       9580.00       2.62488
       9600.00       2.58284
       9620.00       2.60433
       9640.00       2.42919
       9660.00       2.50028
       9680.00       2.56081
       9700.00       2.49065
       9720.00       2.49166
       9740.00       2.47294
       9760.00       2.51539
       9780.00       2.41067
       9800.00       2.48214
       9820.00       2.43593
       9840.00       2.49898
       9860.00       2.43210
       9880.00       2.41578
       9900.00       2.50725
       9920.00       2.47348
       9940.00       2.31322
       9960.00       2.37575
       9980.00       2.37763
       10000.0       2.26158
       10020.0       2.30798
       10040.0       2.00779
       10060.0       1.97416
       10080.0       2.28241
       10100.0       2.00045
       10120.0       2.07767
       10140.0       2.04286
       10160.0       2.12621
       10180.0       2.04395
       10200.0       2.12567
       10220.0       2.13512
       10240.0       2.20664
       10260.0       2.17845
       10280.0       2.05757
       10300.0       2.05615
       10320.0       1.99504
       10340.0       2.03602
       10360.0       2.03913
       10380.0       1.82459
       10400.0       1.92364
       10420.0       1.99115
       10440.0       1.88771
       10460.0       1.99937
       10480.0       1.80023
       10500.0       1.86178
       10520.0       1.90421
       10540.0       1.85158
       10560.0       1.86689
       10580.0       1.82454
       10600.0       1.89234
       10620.0       1.85322
