       3160.00       1.56640
       3170.00       1.21485
       3180.00       1.42233
       3190.00       1.33355
       3200.00      0.973313
       3210.00      0.989451
       3220.00      0.913016
       3230.00      0.671426
       3240.00      0.762481
       3250.00      0.925661
       3260.00       1.03304
       3270.00       1.17891
       3280.00       1.03370
       3290.00       1.10085
       3300.00       1.17240
       3310.00      0.980549
       3320.00       1.11930
       3330.00       1.11028
       3340.00       1.13845
       3350.00       1.21861
       3360.00       1.04985
       3370.00      0.968098
       3380.00       1.04041
       3390.00       1.09912
       3400.00       1.24681
       3410.00       1.32203
       3420.00       1.31410
       3430.00       1.31346
       3440.00       1.08660
       3450.00       1.22673
       3460.00       1.28399
       3470.00       1.11096
       3480.00       1.22300
       3490.00       1.27893
       3500.00       1.48286
       3510.00       1.46025
       3520.00       1.35093
       3530.00       1.34991
       3540.00       1.49919
       3550.00       1.29142
       3560.00       1.17795
       3570.00      0.999772
       3580.00      0.892457
       3590.00       1.15705
       3600.00       1.49902
       3610.00       1.31038
       3620.00       1.44083
       3630.00       1.54760
       3640.00       1.69114
       3650.00       2.03267
       3660.00       2.46997
       3670.00       2.35749
       3680.00       2.01772
       3690.00       2.21049
       3700.00       2.17501
       3710.00       1.88262
       3720.00       1.58327
       3730.00       1.44118
       3740.00       1.24254
       3750.00       1.42026
       3760.00       1.72692
       3770.00       2.07960
       3780.00       2.22797
       3790.00       1.76196
       3800.00       1.86154
       3810.00       1.72405
       3820.00       1.20898
       3830.00       1.06122
       3840.00       1.14453
       3850.00       1.25653
       3860.00       1.17382
       3870.00       1.17823
       3880.00       1.51772
       3890.00       2.12772
       3900.00       2.46303
       3910.00       2.47730
       3920.00       2.28108
       3930.00       1.30798
       3940.00       1.54146
       3950.00       2.11877
       3960.00       2.00288
       3970.00       2.03509
       3980.00       3.36417
       3990.00       4.24629
       4000.00       4.67488
       4010.00       5.32904
       4020.00       5.19974
       4030.00       4.70658
       4040.00       4.83251
       4050.00       5.01418
       4060.00       5.05317
       4070.00       5.07489
       4080.00       6.03310
       4090.00       6.06446
       4100.00       5.64297
       4110.00       5.34669
       4120.00       5.65171
       4130.00       5.55632
       4140.00       5.04663
       4150.00       4.80486
       4160.00       5.06054
       4170.00       5.19835
       4180.00       5.07432
       4190.00       4.77558
       4200.00       5.41172
       4210.00       6.22874
       4220.00       5.97172
       4230.00       6.01861
       4240.00       7.03910
       4250.00       6.40132
       4260.00       6.23951
       4270.00       5.92039
       4280.00       6.37036
       4290.00       5.88816
       4300.00       5.39436
       4310.00       6.25003
       4320.00       8.01846
       4330.00       8.71054
       4340.00       8.73621
       4350.00       8.51534
       4360.00       9.35176
       4370.00       9.54613
       4380.00       8.60204
       4390.00       8.37444
       4400.00       9.30735
       4410.00       9.19621
       4420.00       9.56614
       4430.00       9.38099
       4440.00       10.5782
       4450.00       10.7128
       4460.00       10.3727
       4470.00       10.9269
       4480.00       11.4453
       4490.00       11.5679
       4500.00       11.8686
       4510.00       11.3889
       4520.00       11.3637
       4530.00       11.5446
       4540.00       11.7006
       4550.00       11.9280
       4560.00       12.6157
       4570.00       11.6825
       4580.00       11.3687
       4590.00       10.9007
       4600.00       12.0594
       4610.00       13.1119
       4620.00       13.8097
       4630.00       12.9138
       4640.00       12.3597
       4650.00       12.7046
       4660.00       12.2407
       4670.00       11.5194
       4680.00       12.7440
       4690.00       13.1612
       4700.00       13.0678
       4710.00       13.3582
       4720.00       14.5853
       4730.00       13.9376
       4740.00       14.0401
       4750.00       13.6595
       4760.00       14.4086
       4770.00       15.0359
       4780.00       15.0937
       4790.00       14.8488
       4800.00       15.0267
       4810.00       15.6867
       4820.00       14.5751
       4830.00       13.4558
       4840.00       14.4226
       4850.00       14.6487
       4860.00       13.9181
       4870.00       13.5084
       4880.00       14.1539
       4890.00       13.6135
       4900.00       14.0131
       4910.00       12.9536
       4920.00       13.7766
       4930.00       14.2882
       4940.00       15.1272
       4950.00       15.1047
       4960.00       15.0162
       4970.00       15.5072
       4980.00       14.4696
       4990.00       13.5953
       5000.00       14.0107
       5010.00       14.3592
       5020.00       14.6865
       5030.00       14.5803
       5040.00       15.3116
       5050.00       14.9628
       5060.00       14.7803
       5070.00       13.7253
       5080.00       14.2981
       5090.00       14.6892
       5100.00       14.2946
       5110.00       13.8043
       5120.00       13.5505
       5130.00       13.9672
       5140.00       13.1966
       5150.00       12.3364
       5160.00       12.2568
       5170.00       11.5381
       5180.00       12.2803
       5190.00       13.5342
       5200.00       14.3022
       5210.00       13.3946
       5220.00       13.7587
       5230.00       13.8975
       5240.00       15.5322
       5250.00       15.4591
       5260.00       14.6070
       5270.00       14.2516
       5280.00       15.9465
       5290.00       17.4117
       5300.00       17.0530
       5310.00       16.5368
       5320.00       16.6512
       5330.00       17.3406
       5340.00       17.8992
       5350.00       18.5040
       5360.00       19.5546
       5370.00       17.9582
       5380.00       17.6684
       5390.00       16.4755
       5400.00       16.6637
       5410.00       17.7795
       5420.00       18.4957
       5430.00       17.7561
       5440.00       17.6596
       5450.00       18.3757
       5460.00       17.6640
       5470.00       16.4160
       5480.00       16.9239
       5490.00       18.2599
       5500.00       18.1726
       5510.00       17.4587
       5520.00       18.3225
       5530.00       16.8337
       5540.00       16.9951
       5550.00       16.8357
       5560.00       17.9229
       5570.00       17.9976
       5580.00       18.2500
       5590.00       17.6918
       5600.00       17.9898
       5610.00       19.7270
       5620.00       19.4270
       5630.00       18.1584
       5640.00       19.8861
       5650.00       20.8346
       5660.00       20.2542
       5670.00       20.8136
       5680.00       21.8604
       5690.00       21.9790
       5700.00       20.9479
       5710.00       19.5901
       5720.00       21.8464
       5730.00       23.8695
       5740.00       21.4071
       5760.00       21.3845
       5780.00       21.7741
       5800.00       21.6477
       5820.00       20.7377
       5840.00       21.6524
       5860.00       21.8834
       5880.00       20.6105
       5900.00       20.9612
       5920.00       22.4160
       5940.00       22.0064
       5960.00       21.0499
       5980.00       20.5314
       6000.00       21.0585
       6020.00       21.3182
       6040.00       22.8416
       6060.00       22.7171
       6080.00       22.9526
       6100.00       22.3892
       6120.00       21.8132
       6140.00       21.7099
       6160.00       21.3332
       6180.00       20.4612
       6200.00       21.8039
       6220.00       22.3562
       6240.00       21.8391
       6260.00       21.7059
       6280.00       22.8064
       6300.00       22.5764
       6320.00       21.5313
       6340.00       21.5416
       6360.00       22.3010
       6380.00       22.6667
       6400.00       23.5884
       6420.00       23.5458
       6440.00       23.7964
       6460.00       23.1081
       6480.00       22.8377
       6500.00       23.2866
       6520.00       23.1999
       6540.00       21.4292
       6560.00       22.4835
       6580.00       24.1348
       6600.00       24.1519
       6620.00       23.4792
       6640.00       23.9316
       6660.00       23.1444
       6680.00       22.1688
       6700.00       21.6137
       6720.00       22.3765
       6740.00       22.5016
       6760.00       23.6537
       6780.00       23.7742
       6800.00       24.2297
       6820.00       23.9695
       6840.00       23.9865
       6860.00       23.8731
       6880.00       23.4575
       6900.00       22.6846
       6920.00       24.2542
       6940.00       24.5418
       6960.00       24.2004
       6980.00       23.6760
       7000.00       24.4875
       7020.00       24.1915
       7040.00       23.4742
       7060.00       23.6889
       7080.00       23.9164
       7100.00       23.3877
       7120.00       24.2420
       7140.00       24.0073
       7160.00       24.2175
       7180.00       23.6662
       7200.00       23.5591
       7220.00       24.0712
       7240.00       23.2644
       7260.00       21.8195
       7280.00       22.9048
       7300.00       24.1881
       7320.00       24.0949
       7340.00       23.2720
       7360.00       24.0179
       7380.00       23.5359
       7400.00       22.4798
       7420.00       22.4593
       7440.00       23.3461
       7460.00       23.4166
       7480.00       24.7207
       7500.00       24.7739
       7520.00       25.3943
       7540.00       25.2085
       7560.00       25.0236
       7580.00       23.3994
       7600.00       19.5505
       7620.00       22.3648
       7640.00       23.7093
       7660.00       24.3989
       7680.00       22.8104
       7700.00       22.7769
       7720.00       24.0679
       7740.00       23.9544
       7760.00       23.1892
       7780.00       22.9254
       7800.00       23.2993
       7820.00       23.2270
       7840.00       24.2565
       7860.00       23.9170
       7880.00       23.4658
       7900.00       22.9290
       7920.00       22.4325
       7940.00       22.7635
       7960.00       22.5317
       7980.00       21.7165
       8000.00       23.2131
       8020.00       24.2319
       8040.00       23.7889
       8060.00       23.2004
       8080.00       23.6343
       8100.00       22.4731
       8120.00       21.8799
       8140.00       21.6433
       8160.00       22.1498
       8180.00       22.6295
       8200.00       23.8089
       8220.00       23.5337
       8240.00       24.5004
       8260.00       23.9364
       8280.00       23.3032
       8300.00       22.9122
       8320.00       22.6662
       8340.00       21.3623
       8360.00       22.5578
       8380.00       23.7358
       8400.00       24.1401
       8420.00       23.2694
       8440.00       23.4259
       8460.00       23.3119
       8480.00       21.5831
       8500.00       20.9952
       8520.00       21.2838
       8540.00       21.1177
       8560.00       23.5845
       8580.00       24.2467
       8600.00       24.2942
       8620.00       23.8579
       8640.00       22.8721
       8660.00       22.9912
       8680.00       23.3499
       8700.00       22.9654
       8720.00       24.6542
       8740.00       25.0180
       8760.00       25.5047
       8780.00       24.8701
       8800.00       25.3211
       8820.00       24.7010
       8840.00       24.3981
       8860.00       24.6007
       8880.00       24.5341
       8900.00       24.2114
       8920.00       24.9471
       8940.00       24.7914
       8960.00       24.9797
       8980.00       23.8851
       9000.00       23.2145
       9020.00       24.2964
       9040.00       24.4073
       9060.00       23.1265
       9080.00       22.9662
       9100.00       24.2464
       9120.00       23.6382
       9140.00       21.9793
       9160.00       22.1697
       9180.00       21.6781
       9200.00       21.4691
       9220.00       21.6379
       9240.00       22.1389
       9260.00       21.2550
       9280.00       22.5461
       9300.00       22.6364
       9320.00       20.7561
       9340.00       22.8901
       9360.00       21.1552
       9380.00       21.2370
       9400.00       22.2266
       9420.00       18.3441
       9440.00       18.8205
       9460.00       21.4037
       9480.00       22.0181
       9500.00       21.6374
       9520.00       22.3114
       9540.00       21.1826
       9560.00       20.5049
       9580.00       21.1770
       9600.00       21.8566
       9620.00       21.4810
       9640.00       22.5690
       9660.00       23.1696
       9680.00       22.9372
       9700.00       22.3783
       9720.00       22.3322
       9740.00       22.6023
       9760.00       22.2712
       9780.00       21.3529
       9800.00       22.4841
       9820.00       23.6613
       9840.00       23.4216
       9860.00       22.8003
       9880.00       23.1861
       9900.00       22.6480
       9920.00       21.5918
       9940.00       21.3986
       9960.00       22.1927
       9980.00       22.2974
       10000.0       23.2057
       10020.0       23.2980
       10040.0       23.6273
       10060.0       22.5937
       10080.0       22.7556
       10100.0       23.5557
       10120.0       23.3620
       10140.0       21.7204
       10160.0       22.6253
       10180.0       23.9848
       10200.0       23.3248
       10220.0       22.9975
       10240.0       24.3774
       10260.0       23.3141
       10280.0       22.1584
       10300.0       22.6550
       10320.0       22.8227
       10340.0       22.8170
       10360.0       23.7022
       10380.0       22.7482
       10400.0       22.8762
       10420.0       23.2514
       10440.0       22.7981
       10460.0       23.4282
       10480.0       22.6732
       10500.0       21.2121
       10520.0       22.1058
       10540.0       22.0262
       10560.0       21.3735
       10580.0       21.8303
       10600.0       22.3135
       10620.0       21.7855
