       3160.00    0.00687864
       3170.00    0.00442768
       3180.00    0.00418680
       3190.00    0.00528955
       3200.00    0.00415588
       3210.00    0.00359268
       3220.00    0.00376997
       3230.00    0.00270596
       3240.00    0.00331840
       3250.00    0.00138340
       3260.00    0.00287082
       3270.00    0.00220868
       3280.00    0.00211538
       3290.00    0.00305682
       3300.00    0.00332107
       3310.00    0.00368125
       3320.00    0.00352660
       3330.00    0.00341297
       3340.00    0.00449736
       3350.00    0.00451168
       3360.00    0.00341871
       3370.00    0.00419651
       3380.00    0.00455715
       3390.00    0.00537985
       3400.00    0.00484204
       3410.00    0.00621572
       3420.00    0.00603446
       3430.00    0.00641602
       3440.00    0.00587653
       3450.00    0.00634453
       3460.00    0.00783568
       3470.00    0.00787155
       3480.00    0.00928661
       3490.00    0.00889193
       3500.00    0.00882306
       3510.00    0.00857641
       3520.00    0.00721714
       3530.00     0.0101845
       3540.00     0.0119606
       3550.00     0.0155597
       3560.00     0.0145807
       3570.00     0.0113914
       3580.00    0.00914996
       3590.00    0.00921864
       3600.00     0.0124186
       3610.00     0.0147674
       3620.00     0.0193864
       3630.00     0.0225039
       3640.00     0.0207008
       3650.00     0.0227141
       3660.00     0.0283185
       3670.00     0.0306316
       3680.00     0.0262630
       3690.00     0.0280058
       3700.00     0.0277154
       3710.00     0.0273719
       3720.00     0.0276663
       3730.00     0.0210125
       3740.00     0.0199846
       3750.00     0.0259531
       3760.00     0.0324562
       3770.00     0.0412652
       3780.00     0.0464593
       3790.00     0.0402045
       3800.00     0.0404813
       3810.00     0.0393236
       3820.00     0.0288934
       3830.00     0.0289592
       3840.00     0.0368816
       3850.00     0.0354380
       3860.00     0.0366117
       3870.00     0.0384301
       3880.00     0.0394244
       3890.00     0.0432076
       3900.00     0.0455932
       3910.00     0.0489781
       3920.00     0.0405528
       3930.00     0.0227989
       3940.00     0.0260357
       3950.00     0.0429193
       3960.00     0.0348335
       3970.00     0.0331662
       3980.00     0.0647643
       3990.00     0.0828176
       4000.00     0.0957099
       4010.00      0.105124
       4020.00      0.108142
       4030.00      0.108125
       4040.00      0.107899
       4050.00      0.113935
       4060.00      0.118983
       4070.00      0.115991
       4080.00      0.123495
       4090.00      0.129434
       4100.00      0.122975
       4110.00      0.121895
       4120.00      0.116184
       4130.00      0.111851
       4140.00      0.114561
       4150.00      0.133509
       4160.00      0.144117
       4170.00      0.121357
       4180.00      0.109542
       4190.00      0.116663
       4200.00      0.117190
       4210.00     0.0906949
       4220.00     0.0526298
       4230.00     0.0586190
       4240.00      0.102889
       4250.00      0.103443
       4260.00     0.0977642
       4270.00     0.0964269
       4280.00     0.0839197
       4290.00     0.0898704
       4300.00     0.0926488
       4310.00     0.0863552
       4320.00     0.0921807
       4330.00      0.103171
       4340.00      0.106127
       4350.00     0.0956637
       4360.00     0.0953668
       4370.00      0.109537
       4380.00      0.109248
       4390.00      0.103571
       4400.00     0.0978419
       4410.00      0.104826
       4420.00     0.0871889
       4430.00     0.0669229
       4440.00     0.0786114
       4450.00     0.0835245
       4460.00     0.0649189
       4470.00     0.0614839
       4480.00     0.0737217
       4490.00     0.0832698
       4500.00     0.0792160
       4510.00     0.0728190
       4520.00     0.0801743
       4530.00     0.0890641
       4540.00     0.0894264
       4550.00     0.0888212
       4560.00      0.100080
       4570.00      0.115469
       4580.00     0.0821132
       4590.00     0.0503390
       4600.00     0.0618775
       4610.00     0.0846587
       4620.00     0.0797560
       4630.00     0.0567673
       4640.00     0.0605062
       4650.00     0.0730257
       4660.00     0.0796880
       4670.00     0.0730749
       4680.00     0.0776138
       4690.00     0.0952878
       4700.00      0.107564
       4710.00      0.106151
       4720.00      0.105819
       4730.00      0.117316
       4740.00      0.133365
       4750.00      0.138778
       4760.00     0.0801089
       4770.00     0.0448250
       4780.00     0.0600071
       4790.00     0.0769254
       4800.00     0.0695816
       4810.00     0.0599139
       4820.00     0.0689422
       4830.00     0.0847570
       4840.00     0.0918108
       4850.00     0.0835711
       4860.00     0.0915373
       4870.00      0.104850
       4880.00      0.128327
       4890.00      0.142098
       4900.00      0.160642
       4910.00      0.191400
       4920.00      0.229454
       4930.00      0.268621
       4940.00      0.320188
       4950.00      0.214473
       4960.00     0.0615098
       4970.00     0.0518975
       4980.00     0.0655053
       4990.00     0.0753665
       5000.00     0.0714972
       5010.00     0.0714894
       5020.00     0.0875087
       5030.00      0.111966
       5040.00      0.138238
       5050.00      0.158079
       5060.00      0.180114
       5070.00      0.205363
       5080.00      0.237033
       5090.00      0.260377
       5100.00      0.269047
       5110.00      0.314596
       5120.00      0.366109
       5130.00      0.384835
       5140.00      0.383428
       5150.00      0.427319
       5160.00      0.356064
       5170.00      0.137148
       5180.00     0.0750493
       5190.00      0.104085
       5200.00      0.114514
       5210.00      0.129704
       5220.00      0.159472
       5230.00      0.179301
       5240.00      0.180540
       5250.00      0.191947
       5260.00      0.200483
       5270.00      0.206966
       5280.00      0.245405
       5290.00      0.272611
       5300.00      0.289414
       5310.00      0.280434
       5320.00      0.269708
       5330.00      0.279730
       5340.00      0.301141
       5350.00      0.323199
       5360.00      0.307491
       5370.00      0.296028
       5380.00      0.331765
       5390.00      0.341811
       5400.00      0.351194
       5410.00      0.358044
       5420.00      0.374535
       5430.00      0.385985
       5440.00      0.391800
       5450.00      0.270004
       5460.00      0.170727
       5470.00      0.190222
       5480.00      0.215475
       5490.00      0.235402
       5500.00      0.226769
       5510.00      0.226572
       5520.00      0.259660
       5530.00      0.273464
       5540.00      0.299636
       5550.00      0.322212
       5560.00      0.323456
       5570.00      0.301664
       5580.00      0.285766
       5590.00      0.286222
       5600.00      0.249763
       5610.00      0.232446
       5620.00      0.230558
       5630.00      0.227867
       5640.00      0.249700
       5650.00      0.271934
       5660.00      0.292418
       5670.00      0.288951
       5680.00      0.310969
       5690.00      0.329731
       5700.00      0.360585
       5710.00      0.401987
       5720.00      0.383259
       5730.00      0.415628
       5740.00      0.378096
       5760.00      0.388814
       5780.00      0.447124
       5800.00      0.450537
       5820.00      0.390033
       5840.00      0.308527
       5860.00      0.228788
       5880.00      0.197540
       5900.00      0.201282
       5920.00      0.242858
       5940.00      0.271378
       5960.00      0.302315
       5980.00      0.355855
       6000.00      0.403968
       6020.00      0.449233
       6040.00      0.497278
       6060.00      0.527712
       6080.00      0.574904
       6100.00      0.630377
       6120.00      0.673887
       6140.00      0.520836
       6160.00      0.324329
       6180.00      0.279519
       6200.00      0.271911
       6220.00      0.282884
       6240.00      0.339944
       6260.00      0.396370
       6280.00      0.453781
       6300.00      0.536048
       6320.00      0.612177
       6340.00      0.640639
       6360.00      0.669452
       6380.00      0.774650
       6400.00      0.801280
       6420.00      0.822215
       6440.00      0.929370
       6460.00      0.983270
       6480.00       1.00658
       6500.00       1.09892
       6520.00       1.21350
       6540.00       1.16327
       6560.00       1.03373
       6580.00      0.986916
       6600.00      0.954986
       6620.00      0.898994
       6640.00      0.752208
       6660.00      0.637520
       6680.00      0.635106
       6700.00      0.599405
       6720.00      0.593093
       6740.00      0.678103
       6760.00      0.755358
       6780.00      0.805731
       6800.00      0.915961
       6820.00       1.09122
       6840.00       1.16464
       6860.00       1.22407
       6880.00       1.47454
       6900.00       1.67260
       6920.00       1.87343
       6940.00       2.11451
       6960.00       2.34327
       6980.00       2.45303
       7000.00       2.54985
       7020.00       2.61722
       7040.00       1.87823
       7060.00       1.08716
       7080.00      0.932497
       7100.00      0.850834
       7120.00      0.807612
       7140.00      0.808428
       7160.00      0.996912
       7180.00       1.12997
       7200.00       1.24045
       7220.00       1.42570
       7240.00       1.71195
       7260.00       1.96636
       7280.00       2.29831
       7300.00       2.84794
       7320.00       3.29274
       7340.00       3.61306
       7360.00       4.07862
       7380.00       4.51418
       7400.00       4.73267
       7420.00       4.88165
       7440.00       5.07754
       7460.00       5.36753
       7480.00       5.70117
       7500.00       5.98120
       7520.00       6.59239
       7540.00       7.19585
       7560.00       6.87275
       7580.00       4.42183
       7600.00       2.47754
       7620.00       3.31394
       7640.00       2.83403
       7660.00       2.46696
       7680.00       2.09916
       7700.00       2.34000
       7720.00       2.57915
       7740.00       2.60524
       7760.00       2.63338
       7780.00       2.89383
       7800.00       3.16162
       7820.00       3.19892
       7840.00       3.22310
       7860.00       3.47080
       7880.00       3.64002
       7900.00       3.68002
       7920.00       3.87560
       7940.00       4.24476
       7960.00       4.47192
       7980.00       4.70217
       8000.00       5.27566
       8020.00       6.05494
       8040.00       6.91443
       8060.00       7.71933
       8080.00       8.53279
       8100.00       9.45909
       8120.00       10.7826
       8140.00       11.7756
       8160.00       12.2418
       8180.00       11.3254
       8200.00       9.38908
       8220.00       9.67056
       8240.00       9.84196
       8260.00       9.00984
       8280.00       8.03477
       8300.00       7.93395
       8320.00       7.92097
       8340.00       7.83104
       8360.00       7.70920
       8380.00       7.70693
       8400.00       7.77108
       8420.00       6.53613
       8440.00       4.89449
       8460.00       4.75305
       8480.00       5.10461
       8500.00       5.19202
       8520.00       5.41988
       8540.00       5.91584
       8560.00       6.25152
       8580.00       6.68807
       8600.00       7.39775
       8620.00       7.94335
       8640.00       8.05408
       8660.00       8.44535
       8680.00       9.36448
       8700.00       10.2541
       8720.00       10.9071
       8740.00       11.5455
       8760.00       12.3121
       8780.00       12.9829
       8800.00       13.4912
       8820.00       14.2444
       8840.00       12.4627
       8860.00       9.63590
       8880.00       9.58945
       8900.00       10.5782
       8920.00       10.8388
       8940.00       10.6519
       8960.00       11.4884
       8980.00       12.9987
       9000.00       13.3830
       9020.00       14.1797
       9040.00       15.4234
       9060.00       15.4622
       9080.00       16.1634
       9100.00       17.0659
       9120.00       17.2786
       9140.00       17.4424
       9160.00       17.8269
       9180.00       17.7033
       9200.00       16.3641
       9220.00       15.0600
       9240.00       15.1756
       9260.00       14.7248
       9280.00       14.4818
       9300.00       13.2929
       9320.00       12.5861
       9340.00       13.3971
       9360.00       13.0976
       9380.00       13.9724
       9400.00       14.2969
       9420.00       13.6116
       9440.00       14.3653
       9460.00       16.1591
       9480.00       16.8382
       9500.00       16.7423
       9520.00       18.0032
       9540.00       19.1702
       9560.00       19.2362
       9580.00       19.7077
       9600.00       20.2829
       9620.00       19.6961
       9640.00       18.8662
       9660.00       19.3870
       9680.00       20.1502
       9700.00       19.2374
       9720.00       18.2414
       9740.00       18.4642
       9760.00       18.9806
       9780.00       19.6849
       9800.00       19.6792
       9820.00       19.3121
       9840.00       19.9428
       9860.00       20.3995
       9880.00       20.0502
       9900.00       19.2073
       9920.00       19.9012
       9940.00       20.7964
       9960.00       21.2977
       9980.00       21.1026
       10000.0       20.8407
       10020.0       20.5966
       10040.0       20.4209
       10060.0       20.9852
       10080.0       21.5640
       10100.0       21.8058
       10120.0       21.0278
       10140.0       20.6696
       10160.0       20.8618
       10180.0       21.0201
       10200.0       21.4760
       10220.0       21.7647
       10240.0       21.5407
       10260.0       21.4163
       10280.0       21.6870
       10300.0       21.6449
       10320.0       21.3901
       10340.0       21.7574
       10360.0       21.9438
       10380.0       21.7875
       10400.0       22.2169
       10420.0       22.6933
       10440.0       22.7308
       10460.0       22.1380
       10480.0       21.8377
       10500.0       21.4902
       10520.0       21.4172
       10540.0       21.2643
       10560.0       21.0320
       10580.0       20.9443
       10600.0       21.3831
       10620.0       22.1227
