       3160.00      0.410514
       3170.00      0.530548
       3180.00      0.357917
       3190.00      0.155970
       3200.00      0.429310
       3210.00      0.346743
       3220.00      0.263313
       3230.00      0.264328
       3240.00      0.325832
       3250.00      0.279984
       3260.00      0.371805
       3270.00      0.325645
       3280.00      0.373864
       3290.00      0.456384
       3300.00      0.468977
       3310.00      0.457646
       3320.00      0.359030
       3330.00      0.411219
       3340.00      0.378123
       3350.00      0.449357
       3360.00      0.393733
       3370.00      0.374143
       3380.00      0.352744
       3390.00      0.386935
       3400.00      0.485529
       3410.00      0.446566
       3420.00      0.428923
       3430.00      0.468009
       3440.00      0.350717
       3450.00      0.392802
       3460.00      0.400638
       3470.00      0.398547
       3480.00      0.425520
       3490.00      0.422268
       3500.00      0.464646
       3510.00      0.540472
       3520.00      0.439414
       3530.00      0.456677
       3540.00      0.567292
       3550.00      0.473924
       3560.00      0.454406
       3570.00      0.357406
       3580.00      0.282170
       3590.00      0.325193
       3600.00      0.510701
       3610.00      0.572179
       3620.00      0.543404
       3630.00      0.640613
       3640.00      0.673614
       3650.00      0.753330
       3660.00      0.901429
       3670.00      0.947305
       3680.00      0.787034
       3690.00      0.763190
       3700.00      0.842945
       3710.00      0.843860
       3720.00      0.630439
       3730.00      0.411108
       3740.00      0.433959
       3750.00      0.508641
       3760.00      0.523171
       3770.00      0.667089
       3780.00      0.807899
       3790.00      0.673475
       3800.00      0.581146
       3810.00      0.564723
       3820.00      0.435474
       3830.00      0.344258
       3840.00      0.370538
       3850.00      0.376026
       3860.00      0.399407
       3870.00      0.429924
       3880.00      0.476284
       3890.00      0.703812
       3900.00      0.899018
       3910.00      0.948133
       3920.00      0.893677
       3930.00      0.500991
       3940.00      0.515326
       3950.00      0.951255
       3960.00      0.913765
       3970.00      0.666545
       3980.00       1.06442
       3990.00       1.54483
       4000.00       1.70948
       4010.00       1.88436
       4020.00       2.00249
       4030.00       1.77378
       4040.00       1.71085
       4050.00       1.75334
       4060.00       1.69295
       4070.00       1.62270
       4080.00       1.92812
       4090.00       2.10989
       4100.00       1.98072
       4110.00       1.89462
       4120.00       1.86419
       4130.00       1.73298
       4140.00       1.60454
       4150.00       1.49525
       4160.00       1.62596
       4170.00       1.64333
       4180.00       1.63940
       4190.00       1.70463
       4200.00       1.76674
       4210.00       1.94863
       4220.00       1.91949
       4230.00       2.04774
       4240.00       2.32809
       4250.00       2.33235
       4260.00       2.29842
       4270.00       2.25357
       4280.00       2.12605
       4290.00       2.14728
       4300.00       1.71878
       4310.00       2.02345
       4320.00       2.51217
       4330.00       2.71802
       4340.00       2.94744
       4350.00       2.85979
       4360.00       3.05394
       4370.00       3.09025
       4380.00       2.55740
       4390.00       2.61218
       4400.00       2.72450
       4410.00       2.81820
       4420.00       3.09007
       4430.00       3.10511
       4440.00       3.25326
       4450.00       3.23466
       4460.00       3.11671
       4470.00       3.40272
       4480.00       3.61751
       4490.00       3.53176
       4500.00       3.75516
       4510.00       3.83926
       4520.00       3.64109
       4530.00       3.48360
       4540.00       3.53714
       4550.00       3.67556
       4560.00       3.86912
       4570.00       3.91241
       4580.00       3.90709
       4590.00       3.79617
       4600.00       3.85219
       4610.00       4.16190
       4620.00       4.32439
       4630.00       4.27163
       4640.00       3.88205
       4650.00       3.86290
       4660.00       3.95675
       4670.00       3.93245
       4680.00       4.05480
       4690.00       3.88038
       4700.00       3.81992
       4710.00       3.94236
       4720.00       4.22275
       4730.00       4.13694
       4740.00       4.22426
       4750.00       4.36723
       4760.00       4.21211
       4770.00       4.32723
       4780.00       4.47650
       4790.00       4.46284
       4800.00       4.63708
       4810.00       4.61023
       4820.00       4.61293
       4830.00       4.49566
       4840.00       4.56088
       4850.00       4.39849
       4860.00       4.10171
       4870.00       4.10604
       4880.00       4.16971
       4890.00       4.37218
       4900.00       4.53400
       4910.00       4.47479
       4920.00       4.28723
       4930.00       4.28094
       4940.00       4.65288
       4950.00       4.69126
       4960.00       4.71875
       4970.00       4.82347
       4980.00       4.58404
       4990.00       4.48599
       5000.00       4.41908
       5010.00       4.10164
       5020.00       4.18063
       5030.00       4.43562
       5040.00       4.43855
       5050.00       4.46782
       5060.00       4.67516
       5070.00       4.56040
       5080.00       4.34774
       5090.00       4.36359
       5100.00       4.42691
       5110.00       4.34940
       5120.00       4.37209
       5130.00       4.20855
       5140.00       4.27743
       5150.00       4.26224
       5160.00       4.06434
       5170.00       3.74941
       5180.00       3.76443
       5190.00       4.09211
       5200.00       4.38556
       5210.00       4.33288
       5220.00       4.45710
       5230.00       4.57181
       5240.00       4.84912
       5250.00       4.87761
       5260.00       4.59294
       5270.00       4.30599
       5280.00       4.66905
       5290.00       5.10339
       5300.00       5.16125
       5310.00       5.38258
       5320.00       5.22298
       5330.00       4.92920
       5340.00       5.08162
       5350.00       5.26055
       5360.00       5.45040
       5370.00       5.30868
       5380.00       5.26089
       5390.00       5.23084
       5400.00       4.82479
       5410.00       4.93664
       5420.00       5.28261
       5430.00       5.22443
       5440.00       5.40177
       5450.00       5.42223
       5460.00       5.39931
       5470.00       5.42619
       5480.00       5.24150
       5490.00       5.22603
       5500.00       5.38046
       5510.00       5.36211
       5520.00       5.41453
       5530.00       5.48492
       5540.00       5.45368
       5550.00       5.57702
       5560.00       5.65206
       5570.00       5.52515
       5580.00       5.60002
       5590.00       5.48951
       5600.00       5.40053
       5610.00       5.73870
       5620.00       5.76531
       5630.00       5.69731
       5640.00       5.72914
       5650.00       5.72946
       5660.00       5.74023
       5670.00       5.78225
       5680.00       5.94383
       5690.00       6.02171
       5700.00       5.92297
       5710.00       5.77281
       5720.00       5.98495
       5730.00       6.17572
       5740.00       6.09801
       5760.00       6.11276
       5780.00       6.08138
       5800.00       6.32036
       5820.00       6.44595
       5840.00       6.44412
       5860.00       6.19511
       5880.00       5.81204
       5900.00       5.78733
       5920.00       6.45192
       5940.00       6.40034
       5960.00       6.44334
       5980.00       6.37236
       6000.00       6.32648
       6020.00       6.42823
       6040.00       6.56357
       6060.00       6.49313
       6080.00       6.58360
       6100.00       6.57171
       6120.00       6.48260
       6140.00       6.33630
       6160.00       6.24854
       6180.00       6.31443
       6200.00       6.33697
       6220.00       6.25956
       6240.00       6.13053
       6260.00       6.12511
       6280.00       6.26095
       6300.00       6.25985
       6320.00       6.28214
       6340.00       6.27164
       6360.00       6.29376
       6380.00       6.49644
       6400.00       6.38376
       6420.00       6.43755
       6440.00       6.46805
       6460.00       6.48006
       6480.00       6.39163
       6500.00       6.39470
       6520.00       6.58819
       6540.00       6.50024
       6560.00       6.38579
       6580.00       6.55508
       6600.00       6.67407
       6620.00       6.58245
       6640.00       6.63386
       6660.00       6.60950
       6680.00       6.65610
       6700.00       6.64947
       6720.00       6.64727
       6740.00       6.72405
       6760.00       6.67354
       6780.00       6.64513
       6800.00       6.84296
       6820.00       6.89225
       6840.00       7.01473
       6860.00       6.73571
       6880.00       6.60441
       6900.00       6.90232
       6920.00       6.77129
       6940.00       6.58991
       6960.00       6.56247
       6980.00       6.43779
       7000.00       6.41517
       7020.00       6.49796
       7040.00       6.68107
       7060.00       6.69564
       7080.00       6.60992
       7100.00       6.56215
       7120.00       6.56448
       7140.00       6.39703
       7160.00       6.55258
       7180.00       6.41492
       7200.00       6.45459
       7220.00       6.54726
       7240.00       6.47609
       7260.00       6.44196
       7280.00       6.42427
       7300.00       6.41881
       7320.00       6.56686
       7340.00       6.52077
       7360.00       6.53117
       7380.00       6.61362
       7400.00       6.53582
       7420.00       6.53414
       7440.00       6.64770
       7460.00       6.61799
       7480.00       6.50149
       7500.00       6.46838
       7520.00       6.94652
       7540.00       7.21039
       7560.00       7.42594
       7580.00       6.70822
       7600.00       5.50027
       7620.00       6.80880
       7640.00       6.67876
       7660.00       6.67676
       7680.00       6.30138
       7700.00       6.41555
       7720.00       6.60572
       7740.00       6.68032
       7760.00       6.78882
       7780.00       6.78277
       7800.00       6.81844
       7820.00       6.78210
       7840.00       6.72332
       7860.00       6.68364
       7880.00       6.53537
       7900.00       6.32798
       7920.00       6.35679
       7940.00       6.33333
       7960.00       6.54397
       7980.00       6.47941
       8000.00       6.59624
       8020.00       6.64983
       8040.00       6.65535
       8060.00       6.61683
       8080.00       6.48703
       8100.00       6.30677
       8120.00       6.54973
       8140.00       6.59901
       8160.00       6.49226
       8180.00       6.58843
       8200.00       6.56875
       8220.00       6.68224
       8240.00       6.82747
       8260.00       6.88968
       8280.00       6.57312
       8300.00       6.51098
       8320.00       6.61614
       8340.00       6.46203
       8360.00       6.49608
       8380.00       6.75221
       8400.00       6.92619
       8420.00       6.64992
       8440.00       6.78127
       8460.00       6.76175
       8480.00       6.48434
       8500.00       6.53168
       8520.00       6.31510
       8540.00       6.22415
       8560.00       6.61368
       8580.00       6.91526
       8600.00       6.65167
       8620.00       6.86602
       8640.00       6.42584
       8660.00       6.27445
       8680.00       6.37580
       8700.00       6.81988
       8720.00       6.83475
       8740.00       6.81234
       8760.00       6.71242
       8780.00       6.51194
       8800.00       6.87004
       8820.00       6.76396
       8840.00       6.66839
       8860.00       7.05374
       8880.00       6.87140
       8900.00       6.99215
       8920.00       6.82070
       8940.00       6.71616
       8960.00       6.51310
       8980.00       6.70928
       9000.00       6.51700
       9020.00       7.00073
       9040.00       7.25013
       9060.00       6.65330
       9080.00       6.25446
       9100.00       6.51360
       9120.00       6.52201
       9140.00       6.02904
       9160.00       5.89646
       9180.00       5.96734
       9200.00       6.15681
       9220.00       6.24927
       9240.00       6.41491
       9260.00       6.23824
       9280.00       6.44460
       9300.00       6.41167
       9320.00       5.72862
       9340.00       6.47600
       9360.00       5.87785
       9380.00       6.18680
       9400.00       6.28685
       9420.00       5.57366
       9440.00       5.79359
       9460.00       5.78447
       9480.00       6.05917
       9500.00       5.99351
       9520.00       6.47156
       9540.00       6.45799
       9560.00       6.38264
       9580.00       6.23353
       9600.00       6.24518
       9620.00       6.30595
       9640.00       6.13647
       9660.00       6.05337
       9680.00       6.61197
       9700.00       6.27528
       9720.00       6.32319
       9740.00       6.32842
       9760.00       6.30031
       9780.00       6.32068
       9800.00       6.60039
       9820.00       6.49964
       9840.00       6.41733
       9860.00       6.74612
       9880.00       6.46616
       9900.00       6.35754
       9920.00       6.41922
       9940.00       6.43605
       9960.00       6.47061
       9980.00       6.60872
       10000.0       6.84974
       10020.0       6.65610
       10040.0       6.50739
       10060.0       6.59731
       10080.0       6.57249
       10100.0       6.72924
       10120.0       6.48808
       10140.0       6.63272
       10160.0       6.56729
       10180.0       6.49050
       10200.0       6.38793
       10220.0       6.58080
       10240.0       6.67766
       10260.0       6.64735
       10280.0       6.67468
       10300.0       6.54691
       10320.0       6.47693
       10340.0       6.82465
       10360.0       6.66879
       10380.0       6.66734
       10400.0       6.61472
       10420.0       6.68997
       10440.0       6.83856
       10460.0       6.59373
       10480.0       6.67424
       10500.0       6.56580
       10520.0       6.28354
       10540.0       6.74844
       10560.0       6.50050
       10580.0       6.78719
       10600.0       6.66841
       10620.0       6.44429
