       3160.00     0.0636853
       3170.00     0.0521750
       3180.00     0.0319316
       3190.00     0.0316560
       3200.00     0.0222237
       3210.00     0.0214569
       3220.00     0.0132406
       3230.00     0.0114419
       3240.00    0.00876573
       3250.00    0.00687700
       3260.00    0.00465646
       3270.00    0.00190457
       3280.00    0.00405961
       3290.00    0.00587789
       3300.00    0.00766535
       3310.00    0.00799652
       3320.00    0.00852641
       3330.00    0.00714403
       3340.00     0.0129564
       3350.00     0.0139561
       3360.00     0.0136131
       3370.00     0.0136320
       3380.00     0.0141201
       3390.00     0.0124469
       3400.00     0.0144878
       3410.00     0.0119361
       3420.00     0.0116674
       3430.00     0.0103939
       3440.00     0.0101700
       3450.00    0.00638176
       3460.00    0.00599354
       3470.00    0.00529644
       3480.00    0.00596292
       3490.00    0.00526227
       3500.00    0.00283267
       3510.00    0.00282156
       3520.00    0.00251557
       3530.00    0.00166651
       3540.00    0.00274645
       3550.00    0.00170292
       3560.00    0.00195533
       3570.00    0.00125324
       3580.00    0.00195818
       3590.00    0.00159299
       3600.00    0.00146233
       3610.00    0.00205672
       3620.00    0.00234888
       3630.00    0.00213975
       3640.00    0.00230998
       3650.00    0.00192756
       3660.00    0.00192193
       3670.00    0.00228602
       3680.00    0.00199080
       3690.00    0.00302957
       3700.00    0.00282327
       3710.00    0.00278333
       3720.00    0.00250643
       3730.00    0.00252937
       3740.00    0.00259245
       3750.00    0.00281904
       3760.00    0.00344318
       3770.00    0.00293630
       3780.00    0.00270499
       3790.00    0.00308784
       3800.00    0.00321965
       3810.00    0.00292751
       3820.00    0.00296590
       3830.00    0.00314780
       3840.00    0.00408156
       3850.00    0.00389787
       3860.00    0.00308052
       3870.00    0.00318690
       3880.00    0.00377842
       3890.00    0.00377556
       3900.00    0.00441175
       3910.00    0.00494243
       3920.00    0.00418185
       3930.00    0.00353705
       3940.00    0.00401179
       3950.00    0.00452461
       3960.00    0.00434491
       3970.00    0.00466967
       3980.00    0.00681445
       3990.00    0.00762575
       4000.00    0.00797986
       4010.00     0.0105324
       4020.00     0.0109272
       4030.00     0.0125008
       4040.00     0.0135354
       4050.00     0.0148314
       4060.00     0.0168203
       4070.00     0.0163827
       4080.00     0.0169828
       4090.00     0.0163417
       4100.00     0.0134706
       4110.00     0.0145922
       4120.00     0.0154366
       4130.00     0.0158865
       4140.00     0.0142611
       4150.00     0.0162403
       4160.00     0.0152818
       4170.00     0.0150278
       4180.00     0.0164904
       4190.00     0.0155477
       4200.00     0.0156630
       4210.00     0.0134257
       4220.00    0.00861236
       4230.00    0.00930721
       4240.00     0.0166626
       4250.00     0.0190599
       4260.00     0.0224722
       4270.00     0.0269859
       4280.00     0.0268543
       4290.00     0.0270589
       4300.00     0.0286480
       4310.00     0.0369522
       4320.00     0.0479112
       4330.00     0.0493703
       4340.00     0.0523581
       4350.00     0.0525135
       4360.00     0.0567643
       4370.00     0.0600196
       4380.00     0.0616170
       4390.00     0.0728308
       4400.00     0.0775420
       4410.00     0.0918723
       4420.00      0.110118
       4430.00      0.124551
       4440.00      0.147293
       4450.00      0.141451
       4460.00      0.154850
       4470.00      0.193443
       4480.00      0.221659
       4490.00      0.221878
       4500.00      0.236904
       4510.00      0.253962
       4520.00      0.226067
       4530.00      0.206503
       4540.00      0.230560
       4550.00      0.262831
       4560.00      0.325297
       4570.00      0.347041
       4580.00      0.367816
       4590.00      0.424216
       4600.00      0.438070
       4610.00      0.542063
       4620.00      0.632336
       4630.00      0.575127
       4640.00      0.490016
       4650.00      0.480937
       4660.00      0.478475
       4670.00      0.406390
       4680.00      0.367077
       4690.00      0.375956
       4700.00      0.378842
       4710.00      0.379170
       4720.00      0.404061
       4730.00      0.427157
       4740.00      0.518199
       4750.00      0.641124
       4760.00      0.697455
       4770.00      0.690126
       4780.00      0.652714
       4790.00      0.728145
       4800.00      0.832138
       4810.00      0.871969
       4820.00      0.839192
       4830.00      0.778957
       4840.00      0.786159
       4850.00      0.854061
       4860.00      0.873145
       4870.00      0.855479
       4880.00      0.829693
       4890.00      0.930201
       4900.00       1.01507
       4910.00      0.991014
       4920.00       1.03207
       4930.00      0.999159
       4940.00       1.00739
       4950.00       1.08290
       4960.00       1.07964
       4970.00       1.05655
       4980.00       1.02151
       4990.00      0.999431
       5000.00       1.00916
       5010.00      0.967243
       5020.00      0.975140
       5030.00      0.930012
       5040.00      0.889031
       5050.00      0.937941
       5060.00      0.883673
       5070.00      0.805435
       5080.00      0.813556
       5090.00      0.812482
       5100.00      0.725174
       5110.00      0.692718
       5120.00      0.661951
       5130.00      0.656764
       5140.00      0.638892
       5150.00      0.588740
       5160.00      0.653462
       5170.00      0.839093
       5180.00       1.12692
       5190.00       1.23209
       5200.00      0.983930
       5210.00       1.17569
       5220.00       1.48645
       5230.00       1.54987
       5240.00       1.46272
       5250.00       1.29747
       5260.00       1.23875
       5270.00       1.33199
       5280.00       1.61319
       5290.00       1.48518
       5300.00       1.49143
       5310.00       1.72957
       5320.00       1.62736
       5330.00       1.66207
       5340.00       1.72559
       5350.00       1.86735
       5360.00       2.00385
       5370.00       2.02866
       5380.00       2.08707
       5390.00       1.86808
       5400.00       1.79576
       5410.00       2.09447
       5420.00       2.35494
       5430.00       2.22641
       5440.00       2.29042
       5450.00       2.40433
       5460.00       2.47755
       5470.00       2.49008
       5480.00       2.36831
       5490.00       2.25111
       5500.00       2.25889
       5510.00       2.29737
       5520.00       2.48201
       5530.00       2.62694
       5540.00       2.62942
       5550.00       2.77597
       5560.00       2.76618
       5570.00       2.70618
       5580.00       2.63207
       5590.00       2.60113
       5600.00       2.63457
       5610.00       2.53722
       5620.00       2.28513
       5630.00       2.17620
       5640.00       2.65133
       5650.00       3.13964
       5660.00       3.22592
       5670.00       3.21083
       5680.00       3.32484
       5690.00       3.43143
       5700.00       3.40437
       5710.00       3.38907
       5720.00       3.37615
       5730.00       3.30048
       5740.00       3.12988
       5760.00       3.11670
       5780.00       3.20967
       5800.00       3.41690
       5820.00       3.79674
       5840.00       3.95718
       5860.00       3.44332
       5880.00       1.99188
       5900.00       1.36347
       5920.00       2.37509
       5940.00       3.47997
       5960.00       4.26436
       5980.00       4.66018
       6000.00       4.47805
       6020.00       4.43882
       6040.00       4.88088
       6060.00       5.24744
       6080.00       5.40554
       6100.00       5.49487
       6120.00       5.40070
       6140.00       5.39613
       6160.00       5.29207
       6180.00       4.90617
       6200.00       4.32715
       6220.00       3.95112
       6240.00       3.91710
       6260.00       3.66613
       6280.00       3.75420
       6300.00       4.20981
       6320.00       4.46852
       6340.00       4.47124
       6360.00       4.12608
       6380.00       3.89381
       6400.00       4.21900
       6420.00       4.64180
       6440.00       4.95850
       6460.00       5.36196
       6480.00       5.43385
       6500.00       5.15263
       6520.00       5.46388
       6540.00       5.98108
       6560.00       6.14773
       6580.00       6.46729
       6600.00       6.88589
       6620.00       7.26974
       6640.00       7.11337
       6660.00       6.66376
       6680.00       6.91715
       6700.00       6.28383
       6720.00       6.54873
       6740.00       7.77110
       6760.00       8.05172
       6780.00       8.02207
       6800.00       7.70841
       6820.00       7.31060
       6840.00       7.16257
       6860.00       6.88136
       6880.00       6.80711
       6900.00       6.68501
       6920.00       6.45191
       6940.00       5.83415
       6960.00       5.33484
       6980.00       5.16680
       7000.00       4.95974
       7020.00       5.67844
       7040.00       7.07836
       7060.00       7.68504
       7080.00       6.99130
       7100.00       6.30336
       7120.00       5.97493
       7140.00       5.69500
       7160.00       5.88570
       7180.00       6.40390
       7200.00       6.74706
       7220.00       7.67348
       7240.00       7.89343
       7260.00       7.35217
       7280.00       7.12693
       7300.00       7.16948
       7320.00       7.17356
       7340.00       7.35193
       7360.00       7.98746
       7380.00       8.75319
       7400.00       9.78133
       7420.00       10.0316
       7440.00       9.84159
       7460.00       9.41145
       7480.00       9.28473
       7500.00       10.1574
       7520.00       10.5468
       7540.00       10.6691
       7560.00       10.9071
       7580.00       12.2620
       7600.00       11.4704
       7620.00       11.1640
       7640.00       12.8809
       7660.00       13.2440
       7680.00       13.1644
       7700.00       14.3885
       7720.00       14.4790
       7740.00       14.8549
       7760.00       15.8161
       7780.00       15.8491
       7800.00       16.1639
       7820.00       16.6338
       7840.00       15.5187
       7860.00       13.7735
       7880.00       11.6650
       7900.00       9.40687
       7920.00       8.14628
       7940.00       7.25964
       7960.00       7.24475
       7980.00       9.05704
       8000.00       10.2139
       8020.00       10.8016
       8040.00       10.9753
       8060.00       10.4636
       8080.00       9.39030
       8100.00       7.89615
       8120.00       7.38430
       8140.00       7.35306
       8160.00       7.39057
       8180.00       8.28327
       8200.00       10.0298
       8220.00       10.8031
       8240.00       10.8351
       8260.00       11.5446
       8280.00       11.5875
       8300.00       10.6540
       8320.00       9.68168
       8340.00       10.0260
       8360.00       10.7338
       8380.00       11.2171
       8400.00       12.4866
       8420.00       13.3988
       8440.00       13.7697
       8460.00       14.6114
       8480.00       14.8457
       8500.00       13.8779
       8520.00       13.2477
       8540.00       12.9124
       8560.00       13.9846
       8580.00       15.4478
       8600.00       16.0085
       8620.00       16.5280
       8640.00       17.2456
       8660.00       17.0980
       8680.00       17.5039
       8700.00       18.7198
       8720.00       18.9061
       8740.00       18.6799
       8760.00       18.5764
       8780.00       19.4448
       8800.00       19.7035
       8820.00       19.5682
       8840.00       20.5491
       8860.00       21.9468
       8880.00       22.6028
       8900.00       23.2408
       8920.00       23.4278
       8940.00       22.9877
       8960.00       22.8769
       8980.00       22.1878
       9000.00       22.4495
       9020.00       24.7933
       9040.00       27.7903
       9060.00       27.3170
       9080.00       25.2753
       9100.00       23.3744
       9120.00       21.2481
       9140.00       17.5853
       9160.00       13.0685
       9180.00       11.1005
       9200.00       10.5027
       9220.00       10.9092
       9240.00       11.6688
       9260.00       12.1574
       9280.00       13.0058
       9300.00       11.8042
       9320.00       10.8780
       9340.00       11.0145
       9360.00       11.0080
       9380.00       12.5773
       9400.00       12.7944
       9420.00       10.9025
       9440.00       8.85349
       9460.00       9.31377
       9480.00       11.6672
       9500.00       13.5744
       9520.00       14.5455
       9540.00       15.1576
       9560.00       15.4884
       9580.00       14.0370
       9600.00       13.9245
       9620.00       15.2532
       9640.00       15.4566
       9660.00       14.3623
       9680.00       14.1398
       9700.00       14.8252
       9720.00       14.8221
       9740.00       14.8190
       9760.00       15.9493
       9780.00       16.8298
       9800.00       18.2778
       9820.00       19.3941
       9840.00       20.3434
       9860.00       21.1943
       9880.00       21.6775
       9900.00       20.8259
       9920.00       20.0719
       9940.00       20.7019
       9960.00       21.3428
       9980.00       21.8876
       10000.0       22.9633
       10020.0       24.1146
       10040.0       23.8940
       10060.0       24.3896
       10080.0       26.0072
       10100.0       26.7870
       10120.0       26.9975
       10140.0       27.1808
       10160.0       27.8356
       10180.0       28.0559
       10200.0       28.4190
       10220.0       29.0676
       10240.0       29.6355
       10260.0       30.0194
       10280.0       30.5055
       10300.0       31.0415
       10320.0       31.0846
       10340.0       31.9912
       10360.0       33.2674
       10380.0       33.0492
       10400.0       33.7161
       10420.0       34.5211
       10440.0       35.0039
       10460.0       35.3574
       10480.0       34.9848
       10500.0       35.5147
       10520.0       35.8526
       10540.0       36.0501
       10560.0       36.1459
       10580.0       36.4932
       10600.0       36.1855
       10620.0       36.8201
