       3160.00       1.54334
       3170.00      0.603608
       3180.00      0.335774
       3190.00       0.00000
       3200.00      0.239443
       3210.00      0.379606
       3220.00      0.120329
       3230.00      0.238349
       3240.00      0.210750
       3250.00      0.143840
       3260.00      0.272328
       3270.00      0.145193
       3280.00      0.171286
       3290.00      0.259775
       3300.00      0.240865
       3310.00      0.242343
       3320.00      0.276456
       3330.00      0.222844
       3340.00      0.313637
       3350.00      0.211959
       3360.00      0.113728
       3370.00      0.225031
       3380.00      0.226359
       3390.00      0.243084
       3400.00      0.252031
       3410.00      0.191927
       3420.00      0.266402
       3430.00      0.262678
       3440.00      0.185356
       3450.00      0.224615
       3460.00      0.234758
       3470.00      0.244762
       3480.00      0.250110
       3490.00      0.263472
       3500.00      0.267933
       3510.00      0.236134
       3520.00      0.212969
       3530.00      0.310595
       3540.00      0.312494
       3550.00      0.276260
       3560.00      0.203952
       3570.00      0.185449
       3580.00      0.162971
       3590.00      0.220392
       3600.00      0.247154
       3610.00      0.297024
       3620.00      0.331803
       3630.00      0.406998
       3640.00      0.387060
       3650.00      0.511614
       3660.00      0.631959
       3670.00      0.516706
       3680.00      0.473339
       3690.00      0.508503
       3700.00      0.503790
       3710.00      0.412147
       3720.00      0.429531
       3730.00      0.322846
       3740.00      0.272661
       3750.00      0.294770
       3760.00      0.339685
       3770.00      0.438431
       3780.00      0.470919
       3790.00      0.356035
       3800.00      0.394554
       3810.00      0.363599
       3820.00      0.229760
       3830.00      0.227694
       3840.00      0.286545
       3850.00      0.281425
       3860.00      0.239017
       3870.00      0.290490
       3880.00      0.365289
       3890.00      0.512457
       3900.00      0.662326
       3910.00      0.674706
       3920.00      0.546353
       3930.00      0.306131
       3940.00      0.403623
       3950.00      0.673631
       3960.00      0.529773
       3970.00      0.508142
       3980.00      0.949534
       3990.00       1.14278
       4000.00       1.30838
       4010.00       1.41435
       4020.00       1.45203
       4030.00       1.27913
       4040.00       1.22246
       4050.00       1.20141
       4060.00       1.22542
       4070.00       1.18033
       4080.00       1.33984
       4090.00       1.38462
       4100.00       1.34974
       4110.00       1.33826
       4120.00       1.25324
       4130.00       1.19854
       4140.00       1.04101
       4150.00       1.00265
       4160.00       1.03466
       4170.00       1.01063
       4180.00       1.09822
       4190.00       1.19276
       4200.00       1.25209
       4210.00       1.39317
       4220.00       1.43112
       4230.00       1.35937
       4240.00       1.70646
       4250.00       1.64563
       4260.00       1.65232
       4270.00       1.68790
       4280.00       1.60261
       4290.00       1.50332
       4300.00       1.32549
       4310.00       1.71393
       4320.00       2.19350
       4330.00       2.13203
       4340.00       2.40335
       4350.00       2.44559
       4360.00       2.61900
       4370.00       2.49801
       4380.00       2.04358
       4390.00       2.08178
       4400.00       2.24615
       4410.00       2.27034
       4420.00       2.49833
       4430.00       2.53896
       4440.00       2.74192
       4450.00       2.65500
       4460.00       2.51055
       4470.00       2.88306
       4480.00       3.08595
       4490.00       2.96839
       4500.00       3.20762
       4510.00       3.21359
       4520.00       2.99714
       4530.00       2.89322
       4540.00       2.97281
       4550.00       3.26494
       4560.00       3.32735
       4570.00       3.26171
       4580.00       3.26930
       4590.00       3.28603
       4600.00       3.41561
       4610.00       3.81261
       4620.00       3.98302
       4630.00       3.60451
       4640.00       3.21976
       4650.00       3.29918
       4660.00       3.36320
       4670.00       3.24657
       4680.00       3.47781
       4690.00       3.35186
       4700.00       3.30232
       4710.00       3.46400
       4720.00       3.59408
       4730.00       3.62031
       4740.00       3.81703
       4750.00       3.87047
       4760.00       3.81515
       4770.00       3.99433
       4780.00       4.05646
       4790.00       4.06440
       4800.00       4.14777
       4810.00       4.26348
       4820.00       4.22318
       4830.00       4.04935
       4840.00       4.06998
       4850.00       3.83814
       4860.00       3.66906
       4870.00       3.66440
       4880.00       3.72306
       4890.00       3.80846
       4900.00       4.07917
       4910.00       3.92790
       4920.00       3.91307
       4930.00       4.00707
       4940.00       4.33316
       4950.00       4.46904
       4960.00       4.34116
       4970.00       4.23187
       4980.00       4.17657
       4990.00       4.06186
       5000.00       3.96277
       5010.00       3.71780
       5020.00       3.85581
       5030.00       4.01002
       5040.00       4.05944
       5050.00       4.25267
       5060.00       4.35913
       5070.00       4.19990
       5080.00       4.08607
       5090.00       4.11996
       5100.00       4.09977
       5110.00       4.07417
       5120.00       4.04592
       5130.00       3.94554
       5140.00       3.93240
       5150.00       3.85280
       5160.00       3.65489
       5170.00       3.28776
       5180.00       3.49226
       5190.00       3.89668
       5200.00       3.91078
       5210.00       3.91998
       5220.00       4.08136
       5230.00       4.22710
       5240.00       4.46497
       5250.00       4.48374
       5260.00       4.09036
       5270.00       3.99682
       5280.00       4.59120
       5290.00       4.77890
       5300.00       4.93570
       5310.00       5.16963
       5320.00       4.84220
       5330.00       4.63663
       5340.00       4.86140
       5350.00       5.13308
       5360.00       5.19160
       5370.00       4.96756
       5380.00       5.03296
       5390.00       4.91684
       5400.00       4.53337
       5410.00       4.85351
       5420.00       5.18541
       5430.00       5.02436
       5440.00       4.94390
       5450.00       5.15172
       5460.00       5.21942
       5470.00       5.01277
       5480.00       4.99645
       5490.00       5.02877
       5500.00       5.15083
       5510.00       5.04976
       5520.00       5.12199
       5530.00       5.13812
       5540.00       5.20993
       5550.00       5.51419
       5560.00       5.46388
       5570.00       5.37342
       5580.00       5.37888
       5590.00       5.12817
       5600.00       5.11400
       5610.00       5.43019
       5620.00       5.33560
       5630.00       5.27625
       5640.00       5.36148
       5650.00       5.36690
       5660.00       5.47647
       5670.00       5.40244
       5680.00       5.61537
       5690.00       5.62524
       5700.00       5.61045
       5710.00       5.38427
       5720.00       5.69882
       5730.00       5.89467
       5740.00       5.87951
       5760.00       5.78110
       5780.00       5.79996
       5800.00       6.14302
       5820.00       6.25699
       5840.00       6.27402
       5860.00       5.93639
       5880.00       5.36230
       5900.00       5.50592
       5920.00       6.09913
       5940.00       6.11641
       5960.00       6.22307
       5980.00       6.15531
       6000.00       6.04120
       6020.00       6.21235
       6040.00       6.57296
       6060.00       6.52810
       6080.00       6.62207
       6100.00       6.48529
       6120.00       6.45034
       6140.00       6.09551
       6160.00       6.16232
       6180.00       6.20144
       6200.00       6.20861
       6220.00       6.08031
       6240.00       5.90784
       6260.00       5.90242
       6280.00       6.08928
       6300.00       6.14126
       6320.00       6.17957
       6340.00       6.17337
       6360.00       6.32171
       6380.00       6.55273
       6400.00       6.59806
       6420.00       6.74369
       6440.00       6.67043
       6460.00       6.63674
       6480.00       6.52094
       6500.00       6.38857
       6520.00       6.72639
       6540.00       6.53839
       6560.00       6.44997
       6580.00       6.69919
       6600.00       6.76397
       6620.00       6.70536
       6640.00       6.63865
       6660.00       6.53862
       6680.00       6.69137
       6700.00       6.62530
       6720.00       6.63901
       6740.00       6.71928
       6760.00       6.99429
       6780.00       6.94881
       6800.00       7.13070
       6820.00       7.10155
       6840.00       7.33939
       6860.00       6.94554
       6880.00       7.00289
       6900.00       7.23488
       6920.00       7.14093
       6940.00       6.78052
       6960.00       6.74893
       6980.00       6.63306
       7000.00       6.44966
       7020.00       6.64326
       7040.00       6.79189
       7060.00       6.74879
       7080.00       6.63851
       7100.00       6.57236
       7120.00       6.66037
       7140.00       6.57093
       7160.00       6.74472
       7180.00       6.66728
       7200.00       6.79694
       7220.00       6.87533
       7240.00       6.76714
       7260.00       6.59381
       7280.00       6.62197
       7300.00       6.69614
       7320.00       6.76223
       7340.00       6.67877
       7360.00       6.73310
       7380.00       6.85562
       7400.00       6.84468
       7420.00       6.87542
       7440.00       6.91355
       7460.00       7.04180
       7480.00       7.19188
       7500.00       7.27752
       7520.00       7.63900
       7540.00       7.91663
       7560.00       8.16308
       7580.00       7.34147
       7600.00       6.47984
       7620.00       8.64045
       7640.00       8.08496
       7660.00       7.83293
       7680.00       6.88760
       7700.00       7.23799
       7720.00       7.37199
       7740.00       7.53795
       7760.00       7.71752
       7780.00       7.66159
       7800.00       7.64194
       7820.00       7.71934
       7840.00       7.76411
       7860.00       7.56932
       7880.00       7.27219
       7900.00       6.99789
       7920.00       6.84196
       7940.00       6.92727
       7960.00       7.10034
       7980.00       7.13532
       8000.00       7.22628
       8020.00       7.15225
       8040.00       7.20430
       8060.00       7.17945
       8080.00       6.74818
       8100.00       6.65179
       8120.00       6.97772
       8140.00       6.96403
       8160.00       6.65449
       8180.00       6.77208
       8200.00       7.44379
       8220.00       7.23782
       8240.00       7.30884
       8260.00       7.40332
       8280.00       7.37865
       8300.00       6.99215
       8320.00       6.80324
       8340.00       6.86099
       8360.00       7.03936
       8380.00       6.97901
       8400.00       7.13620
       8420.00       7.27597
       8440.00       7.31196
       8460.00       7.14201
       8480.00       7.38342
       8500.00       7.23392
       8520.00       6.84456
       8540.00       6.74305
       8560.00       7.64241
       8580.00       7.66387
       8600.00       7.86152
       8620.00       7.86934
       8640.00       7.17520
       8660.00       7.10027
       8680.00       7.48177
       8700.00       7.57752
       8720.00       7.79519
       8740.00       7.26336
       8760.00       7.80447
       8780.00       7.41574
       8800.00       7.56161
       8820.00       7.48398
       8840.00       7.59727
       8860.00       7.56427
       8880.00       7.54407
       8900.00       7.55236
       8920.00       7.77464
       8940.00       7.66932
       8960.00       7.78381
       8980.00       7.82588
       9000.00       7.50588
       9020.00       7.87522
       9040.00       8.29572
       9060.00       7.72268
       9080.00       7.52014
       9100.00       7.35243
       9120.00       7.56105
       9140.00       6.83797
       9160.00       6.62381
       9180.00       6.73478
       9200.00       7.03447
       9220.00       7.24151
       9240.00       7.04048
       9260.00       7.03437
       9280.00       8.00251
       9300.00       8.08794
       9320.00       7.89888
       9340.00       8.48618
       9360.00       7.74513
       9380.00       8.00101
       9400.00       8.34540
       9420.00       6.47377
       9440.00       6.40949
       9460.00       7.36943
       9480.00       7.19692
       9500.00       7.35318
       9520.00       7.94528
       9540.00       7.65197
       9560.00       7.48325
       9580.00       7.30350
       9600.00       6.96364
       9620.00       7.04548
       9640.00       6.94640
       9660.00       6.87679
       9680.00       7.30056
       9700.00       6.62845
       9720.00       6.56571
       9740.00       6.82031
       9760.00       6.86962
       9780.00       6.81538
       9800.00       7.08224
       9820.00       7.11357
       9840.00       7.01636
       9860.00       6.89107
       9880.00       6.93680
       9900.00       6.98802
       9920.00       6.87487
       9940.00       7.00791
       9960.00       7.12352
       9980.00       7.11205
       10000.0       7.15679
       10020.0       7.25739
       10040.0       7.07235
       10060.0       7.22016
       10080.0       7.30333
       10100.0       7.18045
       10120.0       7.20232
       10140.0       7.10782
       10160.0       7.30109
       10180.0       7.26468
       10200.0       6.96141
       10220.0       6.99724
       10240.0       7.24953
       10260.0       7.12047
       10280.0       7.11481
       10300.0       6.94834
       10320.0       7.03282
       10340.0       7.08438
       10360.0       7.15472
       10380.0       7.00839
       10400.0       7.24599
       10420.0       7.27250
       10440.0       7.36076
       10460.0       7.17221
       10480.0       7.36214
       10500.0       7.45240
       10520.0       7.38752
       10540.0       7.12310
       10560.0       7.49780
       10580.0       6.96083
       10600.0       7.15165
       10620.0       7.24393
