       3160.00    0.00506712
       3170.00    0.00557895
       3180.00    0.00643427
       3190.00    0.00627585
       3200.00    0.00477466
       3210.00    0.00244816
       3220.00    0.00257324
       3230.00    0.00239460
       3240.00    0.00263392
       3250.00    0.00218903
       3260.00    0.00143487
       3270.00    0.00233917
       3280.00    0.00196648
       3290.00    0.00331442
       3300.00    0.00298780
       3310.00    0.00430286
       3320.00    0.00366888
       3330.00    0.00398648
       3340.00    0.00510930
       3350.00    0.00469581
       3360.00    0.00390741
       3370.00    0.00402668
       3380.00    0.00559360
       3390.00    0.00453795
       3400.00    0.00543665
       3410.00    0.00563654
       3420.00    0.00597066
       3430.00    0.00507087
       3440.00    0.00708499
       3450.00    0.00756620
       3460.00    0.00839676
       3470.00    0.00873002
       3480.00    0.00971087
       3490.00    0.00964356
       3500.00    0.00972626
       3510.00    0.00955720
       3520.00    0.00868432
       3530.00     0.0106587
       3540.00     0.0122949
       3550.00     0.0130290
       3560.00     0.0118774
       3570.00     0.0130641
       3580.00     0.0118727
       3590.00     0.0138589
       3600.00     0.0161481
       3610.00     0.0169127
       3620.00     0.0190361
       3630.00     0.0193861
       3640.00     0.0183333
       3650.00     0.0205109
       3660.00     0.0208163
       3670.00     0.0224720
       3680.00     0.0231151
       3690.00     0.0243597
       3700.00     0.0239214
       3710.00     0.0233665
       3720.00     0.0230888
       3730.00     0.0221845
       3740.00     0.0225600
       3750.00     0.0254694
       3760.00     0.0317136
       3770.00     0.0355192
       3780.00     0.0334053
       3790.00     0.0314553
       3800.00     0.0334471
       3810.00     0.0311961
       3820.00     0.0306022
       3830.00     0.0376256
       3840.00     0.0393796
       3850.00     0.0316095
       3860.00     0.0317418
       3870.00     0.0340458
       3880.00     0.0405721
       3890.00     0.0453217
       3900.00     0.0408517
       3910.00     0.0393585
       3920.00     0.0332811
       3930.00     0.0228440
       3940.00     0.0272705
       3950.00     0.0403555
       3960.00     0.0331329
       3970.00     0.0315150
       3980.00     0.0525107
       3990.00     0.0624791
       4000.00     0.0681734
       4010.00     0.0712823
       4020.00     0.0726134
       4030.00     0.0755112
       4040.00     0.0764841
       4050.00     0.0802428
       4060.00     0.0826250
       4070.00     0.0830316
       4080.00     0.0892462
       4090.00      0.119288
       4100.00      0.145620
       4110.00      0.123268
       4120.00      0.100556
       4130.00      0.102382
       4140.00      0.103067
       4150.00      0.106870
       4160.00      0.116950
       4170.00      0.113562
       4180.00      0.113818
       4190.00      0.114270
       4200.00      0.116951
       4210.00      0.119031
       4220.00      0.107775
       4230.00      0.111430
       4240.00      0.128005
       4250.00      0.129585
       4260.00      0.129022
       4270.00      0.128590
       4280.00      0.121979
       4290.00      0.123622
       4300.00      0.124296
       4310.00      0.130914
       4320.00      0.138779
       4330.00      0.183210
       4340.00      0.197714
       4350.00      0.147263
       4360.00      0.136936
       4370.00      0.158637
       4380.00      0.153492
       4390.00      0.144979
       4400.00      0.138949
       4410.00      0.154323
       4420.00      0.148174
       4430.00      0.133030
       4440.00      0.145209
       4450.00      0.150520
       4460.00      0.136956
       4470.00      0.137575
       4480.00      0.156403
       4490.00      0.164895
       4500.00      0.157668
       4510.00      0.153957
       4520.00      0.169716
       4530.00      0.180720
       4540.00      0.176254
       4550.00      0.173261
       4560.00      0.192708
       4570.00      0.210743
       4580.00      0.164242
       4590.00      0.127913
       4600.00      0.155738
       4610.00      0.193309
       4620.00      0.178691
       4630.00      0.145085
       4640.00      0.158673
       4650.00      0.186311
       4660.00      0.194488
       4670.00      0.175597
       4680.00      0.182820
       4690.00      0.214637
       4700.00      0.241569
       4710.00      0.230288
       4720.00      0.227230
       4730.00      0.244582
       4740.00      0.272677
       4750.00      0.260149
       4760.00      0.161564
       4770.00      0.126380
       4780.00      0.181648
       4790.00      0.219018
       4800.00      0.187322
       4810.00      0.161718
       4820.00      0.207533
       4830.00      0.242029
       4840.00      0.235948
       4850.00      0.225800
       4860.00      0.247965
       4870.00      0.288208
       4880.00      0.324502
       4890.00      0.333477
       4900.00      0.357323
       4910.00      0.385620
       4920.00      0.415145
       4930.00      0.445726
       4940.00      0.465022
       4950.00      0.295077
       4960.00      0.127374
       4970.00      0.160228
       4980.00      0.217027
       4990.00      0.233717
       5000.00      0.200448
       5010.00      0.197187
       5020.00      0.246157
       5030.00      0.301618
       5040.00      0.326342
       5050.00      0.344199
       5060.00      0.385410
       5070.00      0.429992
       5080.00      0.467671
       5090.00      0.497349
       5100.00      0.514912
       5110.00      0.548589
       5120.00      0.580358
       5130.00      0.577077
       5140.00      0.564693
       5150.00      0.597851
       5160.00      0.451072
       5170.00      0.208678
       5180.00      0.199229
       5190.00      0.280795
       5200.00      0.318845
       5210.00      0.358601
       5220.00      0.406706
       5230.00      0.421897
       5240.00      0.396053
       5250.00      0.409159
       5260.00      0.416714
       5270.00      0.428581
       5280.00      0.475015
       5290.00      0.511425
       5300.00      0.510252
       5310.00      0.482298
       5320.00      0.478541
       5330.00      0.503036
       5340.00      0.537865
       5350.00      0.552317
       5360.00      0.500837
       5370.00      0.506834
       5380.00      0.556922
       5390.00      0.563048
       5400.00      0.569662
       5410.00      0.567590
       5420.00      0.584852
       5430.00      0.602557
       5440.00      0.588782
       5450.00      0.414577
       5460.00      0.336729
       5470.00      0.391947
       5480.00      0.442085
       5490.00      0.466635
       5500.00      0.423538
       5510.00      0.422870
       5520.00      0.471689
       5530.00      0.500943
       5540.00      0.524418
       5550.00      0.537380
       5560.00      0.522532
       5570.00      0.485122
       5580.00      0.482474
       5590.00      0.482203
       5600.00      0.424195
       5610.00      0.400198
       5620.00      0.387911
       5630.00      0.380906
       5640.00      0.409799
       5650.00      0.454250
       5660.00      0.455298
       5670.00      0.444626
       5680.00      0.470389
       5690.00      0.511078
       5700.00      0.536779
       5710.00      0.572044
       5720.00      0.559960
       5730.00      0.578706
       5740.00      0.599788
       5760.00      0.591484
       5780.00      0.614236
       5800.00      0.623999
       5820.00      0.575441
       5840.00      0.475768
       5860.00      0.386653
       5880.00      0.348585
       5900.00      0.332874
       5920.00      0.360431
       5940.00      0.410216
       5960.00      0.440613
       5980.00      0.529161
       6000.00      0.585282
       6020.00      0.630957
       6040.00      0.720597
       6060.00      0.785992
       6080.00      0.839170
       6100.00      0.892451
       6120.00      0.952140
       6140.00      0.874067
       6160.00      0.590216
       6180.00      0.409094
       6200.00      0.410308
       6220.00      0.424100
       6240.00      0.469565
       6260.00      0.580348
       6280.00      0.651360
       6300.00      0.767863
       6320.00      0.863129
       6340.00      0.909535
       6360.00      0.967785
       6380.00       1.04252
       6400.00       1.10559
       6420.00       1.10429
       6440.00       1.13938
       6460.00       1.24039
       6480.00       1.24422
       6500.00       1.25566
       6520.00       1.38963
       6540.00       1.35714
       6560.00       1.19922
       6580.00       1.15075
       6600.00       1.12095
       6620.00       1.05844
       6640.00      0.941089
       6660.00      0.874111
       6680.00      0.832294
       6700.00      0.784554
       6720.00      0.795755
       6740.00      0.844924
       6760.00      0.978207
       6780.00       1.02329
       6800.00       1.07014
       6820.00       1.23554
       6840.00       1.34517
       6860.00       1.33803
       6880.00       1.46075
       6900.00       1.65626
       6920.00       1.75663
       6940.00       1.86039
       6960.00       2.09109
       6980.00       2.20791
       7000.00       2.25043
       7020.00       2.32412
       7040.00       2.07672
       7060.00       1.59295
       7080.00       1.23650
       7100.00       1.18099
       7120.00       1.10257
       7140.00       1.01224
       7160.00       1.23577
       7180.00       1.42927
       7200.00       1.50379
       7220.00       1.66035
       7240.00       1.96301
       7260.00       2.20173
       7280.00       2.39522
       7300.00       2.76625
       7320.00       3.06145
       7340.00       3.19280
       7360.00       3.30360
       7380.00       3.40744
       7400.00       3.43883
       7420.00       3.42288
       7440.00       3.40664
       7460.00       3.40785
       7480.00       3.45033
       7500.00       3.48560
       7520.00       3.53241
       7540.00       3.66671
       7560.00       3.68618
       7580.00       3.32990
       7600.00       2.67990
       7620.00       2.66600
       7640.00       2.70339
       7660.00       2.60709
       7680.00       2.33543
       7700.00       2.57100
       7720.00       2.78464
       7740.00       2.76498
       7760.00       2.73512
       7780.00       2.81702
       7800.00       3.15788
       7820.00       3.16813
       7840.00       3.05563
       7860.00       3.18883
       7880.00       3.32346
       7900.00       3.28992
       7920.00       3.31746
       7940.00       3.51671
       7960.00       3.62561
       7980.00       3.64070
       8000.00       3.75564
       8020.00       3.99029
       8040.00       4.12093
       8060.00       4.33984
       8080.00       4.52696
       8100.00       4.64169
       8120.00       4.99348
       8140.00       5.27582
       8160.00       5.37099
       8180.00       5.27361
       8200.00       4.97166
       8220.00       5.00651
       8240.00       5.15493
       8260.00       5.10908
       8280.00       4.94693
       8300.00       4.99146
       8320.00       5.02254
       8340.00       5.11956
       8360.00       5.18974
       8380.00       5.18722
       8400.00       5.34551
       8420.00       5.08074
       8440.00       4.18037
       8460.00       3.95219
       8480.00       4.23866
       8500.00       4.11519
       8520.00       4.17023
       8540.00       4.36704
       8560.00       4.52750
       8580.00       4.46876
       8600.00       4.74683
       8620.00       5.10355
       8640.00       5.04070
       8660.00       5.23595
       8680.00       5.34773
       8700.00       5.50969
       8720.00       5.74046
       8740.00       5.87240
       8760.00       5.96597
       8780.00       6.07796
       8800.00       6.00150
       8820.00       6.26291
       8840.00       6.09907
       8860.00       5.32309
       8880.00       4.89825
       8900.00       5.18766
       8920.00       5.25947
       8940.00       5.25387
       8960.00       5.44518
       8980.00       5.74308
       9000.00       6.16522
       9020.00       6.52742
       9040.00       7.05268
       9060.00       6.86674
       9080.00       6.77572
       9100.00       7.06373
       9120.00       6.82458
       9140.00       6.89409
       9160.00       6.59918
       9180.00       6.74095
       9200.00       6.78322
       9220.00       6.79840
       9240.00       6.46150
       9260.00       5.64384
       9280.00       5.01088
       9300.00       4.84302
       9320.00       4.65813
       9340.00       5.23545
       9360.00       5.10941
       9380.00       5.78909
       9400.00       6.24889
       9420.00       5.59479
       9440.00       5.30263
       9460.00       5.91496
       9480.00       5.57683
       9500.00       5.74788
       9520.00       6.28304
       9540.00       6.26698
       9560.00       5.94247
       9580.00       5.61357
       9600.00       5.55880
       9620.00       5.58449
       9640.00       5.35274
       9660.00       5.58705
       9680.00       5.68941
       9700.00       5.60095
       9720.00       5.66033
       9740.00       5.63738
       9760.00       5.62865
       9780.00       5.64815
       9800.00       5.87289
       9820.00       5.86373
       9840.00       6.02549
       9860.00       6.02725
       9880.00       6.28846
       9900.00       6.22285
       9920.00       6.58543
       9940.00       6.49176
       9960.00       6.74163
       9980.00       6.83308
       10000.0       7.00134
       10020.0       7.06439
       10040.0       7.10797
       10060.0       7.08014
       10080.0       7.22743
       10100.0       7.04937
       10120.0       7.03271
       10140.0       6.98894
       10160.0       7.06471
       10180.0       7.01022
       10200.0       7.04241
       10220.0       7.23361
       10240.0       7.16564
       10260.0       7.35317
       10280.0       7.45416
       10300.0       7.51997
       10320.0       7.46533
       10340.0       7.61351
       10360.0       7.80634
       10380.0       7.75678
       10400.0       7.74716
       10420.0       7.74023
       10440.0       7.58811
       10460.0       7.18359
       10480.0       6.83584
       10500.0       6.75457
       10520.0       6.67360
       10540.0       6.59033
       10560.0       6.52303
       10580.0       6.36741
       10600.0       6.62324
       10620.0       6.73275
