       3160.00      0.160988
       3170.00      0.145131
       3180.00      0.142779
       3190.00      0.141954
       3200.00      0.147960
       3210.00      0.134171
       3220.00      0.126643
       3230.00      0.122753
       3240.00      0.121119
       3250.00      0.140538
       3260.00      0.155310
       3270.00      0.167458
       3280.00      0.164467
       3290.00      0.188235
       3300.00      0.198803
       3310.00      0.183730
       3320.00      0.179501
       3330.00      0.184753
       3340.00      0.186951
       3350.00      0.191159
       3360.00      0.181265
       3370.00      0.169373
       3380.00      0.184783
       3390.00      0.191748
       3400.00      0.206337
       3410.00      0.203744
       3420.00      0.213499
       3430.00      0.211427
       3440.00      0.196712
       3450.00      0.202342
       3460.00      0.216647
       3470.00      0.208209
       3480.00      0.209991
       3490.00      0.213749
       3500.00      0.234960
       3510.00      0.238196
       3520.00      0.228490
       3530.00      0.238511
       3540.00      0.261583
       3550.00      0.244424
       3560.00      0.224187
       3570.00      0.206850
       3580.00      0.194784
       3590.00      0.216607
       3600.00      0.260738
       3610.00      0.256093
       3620.00      0.282102
       3630.00      0.299460
       3640.00      0.302900
       3650.00      0.328485
       3660.00      0.349237
       3670.00      0.353416
       3680.00      0.330924
       3690.00      0.346153
       3700.00      0.349492
       3710.00      0.339495
       3720.00      0.311005
       3730.00      0.270835
       3740.00      0.257704
       3750.00      0.274130
       3760.00      0.297400
       3770.00      0.329897
       3780.00      0.365011
       3790.00      0.333005
       3800.00      0.323367
       3810.00      0.316667
       3820.00      0.258105
       3830.00      0.236191
       3840.00      0.255113
       3850.00      0.264115
       3860.00      0.266865
       3870.00      0.276413
       3880.00      0.300587
       3890.00      0.355580
       3900.00      0.400170
       3910.00      0.414172
       3920.00      0.396975
       3930.00      0.339541
       3940.00      0.366438
       3950.00      0.458413
       3960.00      0.453451
       3970.00      0.438649
       3980.00      0.601816
       3990.00      0.715838
       4000.00      0.780331
       4010.00      0.839995
       4020.00      0.878002
       4030.00      0.870964
       4040.00      0.857622
       4050.00      0.822028
       4060.00      0.838555
       4070.00      0.818359
       4080.00      0.869890
       4090.00      0.930746
       4100.00      0.910105
       4110.00      0.921086
       4120.00      0.937132
       4130.00      0.916625
       4140.00      0.850733
       4150.00      0.844691
       4160.00      0.877424
       4170.00      0.862315
       4180.00      0.870343
       4190.00      0.886601
       4200.00      0.885925
       4210.00      0.949660
       4220.00      0.947767
       4230.00      0.968318
       4240.00       1.02537
       4250.00       1.00771
       4260.00       1.02055
       4270.00       1.01605
       4280.00      0.999947
       4290.00      0.992700
       4300.00      0.808919
       4310.00      0.946500
       4320.00       1.09460
       4330.00       1.15644
       4340.00       1.24819
       4350.00       1.23770
       4360.00       1.29118
       4370.00       1.29305
       4380.00       1.21787
       4390.00       1.23020
       4400.00       1.27396
       4410.00       1.32607
       4420.00       1.39771
       4430.00       1.39421
       4440.00       1.43382
       4450.00       1.45735
       4460.00       1.44901
       4470.00       1.52867
       4480.00       1.60865
       4490.00       1.60373
       4500.00       1.66076
       4510.00       1.71052
       4520.00       1.64174
       4530.00       1.60819
       4540.00       1.62721
       4550.00       1.67562
       4560.00       1.70663
       4570.00       1.71575
       4580.00       1.71036
       4590.00       1.70302
       4600.00       1.73305
       4610.00       1.79988
       4620.00       1.81522
       4630.00       1.80511
       4640.00       1.76194
       4650.00       1.74778
       4660.00       1.77571
       4670.00       1.77288
       4680.00       1.78229
       4690.00       1.79455
       4700.00       1.78656
       4710.00       1.82051
       4720.00       1.88783
       4730.00       1.92269
       4740.00       1.95042
       4750.00       1.98246
       4760.00       1.96342
       4770.00       1.99594
       4780.00       2.06646
       4790.00       2.06843
       4800.00       2.09017
       4810.00       2.10117
       4820.00       2.12588
       4830.00       2.09653
       4840.00       2.07383
       4850.00       2.05682
       4860.00       1.99711
       4870.00       1.97754
       4880.00       2.02041
       4890.00       2.05725
       4900.00       2.14251
       4910.00       2.13968
       4920.00       2.09400
       4930.00       2.12123
       4940.00       2.14651
       4950.00       2.18143
       4960.00       2.17582
       4970.00       2.17811
       4980.00       2.13804
       4990.00       2.12017
       5000.00       2.11322
       5010.00       2.07382
       5020.00       2.08770
       5030.00       2.14674
       5040.00       2.17177
       5050.00       2.18149
       5060.00       2.23315
       5070.00       2.21330
       5080.00       2.17691
       5090.00       2.18950
       5100.00       2.21859
       5110.00       2.22516
       5120.00       2.22846
       5130.00       2.21149
       5140.00       2.21891
       5150.00       2.22191
       5160.00       2.18579
       5170.00       2.09647
       5180.00       2.07992
       5190.00       2.21263
       5200.00       2.26486
       5210.00       2.29550
       5220.00       2.33670
       5230.00       2.35729
       5240.00       2.44565
       5250.00       2.44099
       5260.00       2.34957
       5270.00       2.30681
       5280.00       2.42370
       5290.00       2.55040
       5300.00       2.57628
       5310.00       2.62108
       5320.00       2.58897
       5330.00       2.53748
       5340.00       2.57532
       5350.00       2.66399
       5360.00       2.72450
       5370.00       2.68212
       5380.00       2.68862
       5390.00       2.66714
       5400.00       2.58520
       5410.00       2.61217
       5420.00       2.65210
       5430.00       2.67884
       5440.00       2.68139
       5450.00       2.72954
       5460.00       2.73310
       5470.00       2.73030
       5480.00       2.67749
       5490.00       2.69374
       5500.00       2.75814
       5510.00       2.75860
       5520.00       2.78089
       5530.00       2.77314
       5540.00       2.78173
       5550.00       2.82558
       5560.00       2.84488
       5570.00       2.81002
       5580.00       2.79689
       5590.00       2.76224
       5600.00       2.73310
       5610.00       2.82758
       5620.00       2.88688
       5630.00       2.82824
       5640.00       2.89000
       5650.00       2.85022
       5660.00       2.87446
       5670.00       2.83751
       5680.00       2.95452
       5690.00       2.91490
       5700.00       2.96001
       5710.00       2.82555
       5720.00       2.95756
       5730.00       2.98920
       5740.00       3.12571
       5760.00       3.13840
       5780.00       3.12233
       5800.00       3.15571
       5820.00       3.22511
       5840.00       3.22954
       5860.00       3.18767
       5880.00       3.14096
       5900.00       3.12521
       5920.00       3.17572
       5940.00       3.23097
       5960.00       3.26056
       5980.00       3.28745
       6000.00       3.27649
       6020.00       3.26560
       6040.00       3.33710
       6060.00       3.36834
       6080.00       3.35726
       6100.00       3.32403
       6120.00       3.29347
       6140.00       3.26066
       6160.00       3.23540
       6180.00       3.27125
       6200.00       3.30929
       6220.00       3.31802
       6240.00       3.30256
       6260.00       3.31607
       6280.00       3.32231
       6300.00       3.35719
       6320.00       3.37040
       6340.00       3.42630
       6360.00       3.43447
       6380.00       3.44024
       6400.00       3.50716
       6420.00       3.48920
       6440.00       3.52280
       6460.00       3.51889
       6480.00       3.51268
       6500.00       3.49956
       6520.00       3.55351
       6540.00       3.57490
       6560.00       3.52266
       6580.00       3.53714
       6600.00       3.60859
       6620.00       3.64547
       6640.00       3.63222
       6660.00       3.63036
       6680.00       3.64430
       6700.00       3.67839
       6720.00       3.67193
       6740.00       3.64315
       6760.00       3.74157
       6780.00       3.73053
       6800.00       3.72177
       6820.00       3.68214
       6840.00       3.74626
       6860.00       3.69800
       6880.00       3.71791
       6900.00       3.68093
       6920.00       3.90322
       6940.00       3.92888
       6960.00       3.87863
       6980.00       3.86104
       7000.00       3.82849
       7020.00       3.76393
       7040.00       3.75966
       7060.00       3.73834
       7080.00       3.74267
       7100.00       3.72152
       7120.00       3.74281
       7140.00       3.70911
       7160.00       3.88600
       7180.00       3.93393
       7200.00       3.71168
       7220.00       3.68053
       7240.00       3.74319
       7260.00       3.69968
       7280.00       3.68745
       7300.00       3.72068
       7320.00       3.71463
       7340.00       3.69425
       7360.00       3.74152
       7380.00       3.76608
       7400.00       3.78847
       7420.00       3.74984
       7440.00       3.78228
       7460.00       3.79839
       7480.00       3.74191
       7500.00       3.74599
       7520.00       3.75206
       7540.00       3.74610
       7560.00       3.67442
       7580.00       4.12579
       7600.00       4.38451
       7620.00       4.83363
       7640.00       4.21170
       7660.00       3.79558
       7680.00       3.41497
       7700.00       3.68000
       7720.00       3.74852
       7740.00       3.81084
       7760.00       3.83791
       7780.00       3.88032
       7800.00       3.87423
       7820.00       3.84121
       7840.00       0.00000
       7860.00       0.00000
       7880.00       0.00000
       7900.00       0.00000
       7920.00       0.00000
       7940.00       0.00000
       7960.00       0.00000
       7980.00       0.00000
       8000.00       0.00000
       8020.00       0.00000
       8040.00       0.00000
       8060.00       0.00000
       8080.00       0.00000
       8100.00       0.00000
       8120.00       0.00000
       8140.00       3.69760
       8160.00       3.62024
       8180.00       3.58560
       8200.00       3.68157
       8220.00       3.70377
       8240.00       3.70758
       8260.00       3.81897
       8280.00       3.80247
       8300.00       3.72433
       8320.00       3.71719
       8340.00       3.68118
       8360.00       3.69040
       8380.00       3.79304
       8400.00       3.78581
       8420.00       3.81617
       8440.00       3.83569
       8460.00       3.83552
       8480.00       3.82470
       8500.00       3.81039
       8520.00       3.77492
       8540.00       3.66553
       8560.00       3.62529
       8580.00       3.85738
       8600.00       3.87819
       8620.00       3.91637
       8640.00       3.89510
       8660.00       3.69998
       8680.00       3.69319
       8700.00       3.81976
       8720.00       3.84036
       8740.00       3.89190
       8760.00       3.87442
       8780.00       3.93594
       8800.00       3.87564
       8820.00       3.90784
       8840.00       3.97909
       8860.00       3.94291
       8880.00       3.90688
       8900.00       3.85409
       8920.00       3.88599
       8940.00       3.91436
       8960.00       3.96615
       8980.00       3.96738
       9000.00       3.82466
       9020.00       3.85459
       9040.00       4.04270
       9060.00       4.01050
       9080.00       3.84903
       9100.00       3.82567
       9120.00       3.85362
       9140.00       3.76937
       9160.00       3.69207
       9180.00       3.77757
       9200.00       3.87087
       9220.00       3.79059
       9240.00       3.64706
       9260.00       3.50741
       9280.00       3.60212
       9300.00       3.65593
       9320.00       3.87922
       9340.00       4.18704
       9360.00       3.59870
       9380.00       3.63117
       9400.00       3.87666
       9420.00       3.65893
       9440.00       3.49798
       9460.00       3.51925
       9480.00       3.51024
       9500.00       3.55676
       9520.00       3.56353
       9540.00       3.64291
       9560.00       3.66208
       9580.00       3.62613
       9600.00       3.65153
       9620.00       3.68935
       9640.00       3.67232
       9660.00       3.65068
       9680.00       3.67270
       9700.00       3.56108
       9720.00       3.61575
       9740.00       3.59131
       9760.00       3.55617
       9780.00       3.57354
       9800.00       3.61390
       9820.00       3.68171
       9840.00       3.69719
       9860.00       3.67288
       9880.00       3.68679
       9900.00       3.70065
       9920.00       3.69015
       9940.00       3.68272
       9960.00       3.71012
       9980.00       3.65891
       10000.0       3.68172
       10020.0       3.64280
       10040.0       3.69856
       10060.0       3.64778
       10080.0       3.66147
       10100.0       3.64079
       10120.0       3.69760
       10140.0       3.62494
       10160.0       3.62670
       10180.0       3.63734
       10200.0       3.59476
       10220.0       3.64668
       10240.0       3.61750
       10260.0       3.64275
       10280.0       3.61807
       10300.0       3.63445
       10320.0       3.63616
       10340.0       3.57668
       10360.0       3.59013
       10380.0       3.57161
       10400.0       3.53432
       10420.0       3.59404
       10440.0       3.54098
       10460.0       3.57021
       10480.0       3.63815
       10500.0       3.60970
       10520.0       3.60283
       10540.0       3.66031
       10560.0       3.64197
       10580.0       3.54823
       10600.0       3.56712
       10620.0       3.53770
