       3160.00       6.24259
       3170.00       5.64648
       3180.00       4.66362
       3190.00       4.29300
       3200.00       3.88171
       3210.00       4.51476
       3220.00       3.43657
       3230.00       3.44783
       3240.00       3.46751
       3250.00       4.36246
       3260.00       4.88066
       3270.00       5.36445
       3280.00       4.72391
       3290.00       5.21120
       3300.00       6.17424
       3310.00       5.25807
       3320.00       5.10256
       3330.00       5.17220
       3340.00       5.01083
       3350.00       5.43575
       3360.00       4.87107
       3370.00       3.91677
       3380.00       4.56671
       3390.00       4.96358
       3400.00       5.89209
       3410.00       5.72615
       3420.00       5.84155
       3430.00       6.20487
       3440.00       4.80005
       3450.00       5.03786
       3460.00       5.63318
       3470.00       5.39159
       3480.00       5.63582
       3490.00       5.30440
       3500.00       6.35922
       3510.00       7.00275
       3520.00       5.68564
       3530.00       6.24840
       3540.00       7.24423
       3550.00       6.52535
       3560.00       5.46833
       3570.00       4.61205
       3580.00       3.77812
       3590.00       4.59730
       3600.00       6.94339
       3610.00       6.83054
       3620.00       7.54983
       3630.00       8.28247
       3640.00       8.42705
       3650.00       9.60653
       3660.00       11.2305
       3670.00       11.4033
       3680.00       10.0675
       3690.00       10.2361
       3700.00       10.5536
       3710.00       10.4129
       3720.00       8.84371
       3730.00       6.33582
       3740.00       5.74730
       3750.00       6.85637
       3760.00       7.36591
       3770.00       8.91092
       3780.00       10.5621
       3790.00       8.71770
       3800.00       7.74648
       3810.00       7.66427
       3820.00       5.30496
       3830.00       4.35950
       3840.00       5.18932
       3850.00       5.44530
       3860.00       5.17873
       3870.00       5.42224
       3880.00       6.21140
       3890.00       9.13708
       3900.00       11.0230
       3910.00       11.5878
       3920.00       10.1047
       3930.00       5.56343
       3940.00       6.04201
       3950.00       10.8636
       3960.00       9.63447
       3970.00       7.66124
       3980.00       13.3192
       3990.00       18.4859
       4000.00       20.2276
       4010.00       22.1861
       4020.00       23.5874
       4030.00       22.2515
       4040.00       20.8444
       4050.00       21.3266
       4060.00       21.1385
       4070.00       20.6039
       4080.00       23.6835
       4090.00       26.1717
       4100.00       24.9386
       4110.00       24.2278
       4120.00       23.8256
       4130.00       22.8735
       4140.00       21.0528
       4150.00       20.1214
       4160.00       21.6884
       4170.00       21.2029
       4180.00       21.5846
       4190.00       22.7242
       4200.00       23.1098
       4210.00       25.6684
       4220.00       25.5238
       4230.00       25.9930
       4240.00       29.6666
       4250.00       29.4489
       4260.00       29.4167
       4270.00       29.4122
       4280.00       27.8102
       4290.00       26.7744
       4300.00       22.2434
       4310.00       27.2337
       4320.00       33.4289
       4330.00       34.0686
       4340.00       37.7749
       4350.00       37.2364
       4360.00       38.9806
       4370.00       39.0262
       4380.00       33.1953
       4390.00       33.4508
       4400.00       36.3667
       4410.00       36.7297
       4420.00       39.7139
       4430.00       39.5621
       4440.00       41.0926
       4450.00       40.1702
       4460.00       38.5383
       4470.00       43.1025
       4480.00       45.5149
       4490.00       44.4684
       4500.00       47.5744
       4510.00       49.7691
       4520.00       45.1469
       4530.00       43.9369
       4540.00       45.6578
       4550.00       46.6629
       4560.00       48.3530
       4570.00       49.3307
       4580.00       49.1286
       4590.00       48.4651
       4600.00       49.4959
       4610.00       52.8749
       4620.00       55.1165
       4630.00       53.6310
       4640.00       50.1702
       4650.00       51.1017
       4660.00       50.9583
       4670.00       50.5968
       4680.00       51.7481
       4690.00       51.6546
       4700.00       50.7587
       4710.00       52.1694
       4720.00       54.3567
       4730.00       54.4245
       4740.00       56.1087
       4750.00       56.8923
       4760.00       55.1960
       4770.00       57.0163
       4780.00       58.1548
       4790.00       57.9924
       4800.00       59.3861
       4810.00       60.2593
       4820.00       60.3300
       4830.00       58.6267
       4840.00       58.6355
       4850.00       56.8698
       4860.00       54.0441
       4870.00       54.5141
       4880.00       55.1835
       4890.00       57.5216
       4900.00       60.3314
       4910.00       58.0476
       4920.00       57.1709
       4930.00       57.8998
       4940.00       60.6622
       4950.00       62.6513
       4960.00       61.2732
       4970.00       62.0671
       4980.00       60.0014
       4990.00       58.9755
       5000.00       58.8969
       5010.00       55.6889
       5020.00       56.9166
       5030.00       59.2956
       5040.00       59.7315
       5050.00       61.9554
       5060.00       63.1066
       5070.00       60.9669
       5080.00       59.5164
       5090.00       60.1870
       5100.00       59.0056
       5110.00       60.5589
       5120.00       59.0822
       5130.00       57.3048
       5140.00       58.0342
       5150.00       58.6312
       5160.00       56.2557
       5170.00       52.6278
       5180.00       54.8096
       5190.00       57.5660
       5200.00       58.2034
       5210.00       59.7510
       5220.00       60.9540
       5230.00       61.5662
       5240.00       64.7334
       5250.00       64.4080
       5260.00       59.1457
       5270.00       57.5720
       5280.00       64.4737
       5290.00       66.9443
       5300.00       68.4640
       5310.00       71.1620
       5320.00       66.6850
       5330.00       65.6088
       5340.00       68.0395
       5350.00       70.8136
       5360.00       72.3091
       5370.00       70.3230
       5380.00       70.1923
       5390.00       68.5019
       5400.00       64.2271
       5410.00       66.5926
       5420.00       71.0011
       5430.00       68.6848
       5440.00       69.3531
       5450.00       72.1028
       5460.00       71.7980
       5470.00       70.8549
       5480.00       69.2986
       5490.00       70.3749
       5500.00       71.5187
       5510.00       70.2336
       5520.00       71.8291
       5530.00       72.1256
       5540.00       71.9954
       5550.00       74.7686
       5560.00       74.6341
       5570.00       73.0892
       5580.00       73.7328
       5590.00       71.7029
       5600.00       70.8731
       5610.00       74.8095
       5620.00       75.6553
       5630.00       74.7531
       5640.00       75.2477
       5650.00       75.2536
       5660.00       75.7455
       5670.00       75.8891
       5680.00       77.7618
       5690.00       79.4207
       5700.00       76.9374
       5710.00       74.6005
       5720.00       78.2485
       5730.00       82.7068
       5740.00       79.5504
       5760.00       78.1827
       5780.00       79.3399
       5800.00       81.9796
       5820.00       83.6559
       5840.00       82.5620
       5860.00       81.1402
       5880.00       77.9905
       5900.00       78.1924
       5920.00       82.9066
       5940.00       83.5536
       5960.00       83.6688
       5980.00       83.7176
       6000.00       82.5216
       6020.00       84.3363
       6040.00       86.0739
       6060.00       85.5953
       6080.00       86.0246
       6100.00       86.1291
       6120.00       85.2698
       6140.00       82.4320
       6160.00       83.8868
       6180.00       85.8408
       6200.00       86.1343
       6220.00       84.7833
       6240.00       83.5670
       6260.00       83.8649
       6280.00       86.2259
       6300.00       87.5116
       6320.00       87.6077
       6340.00       88.4470
       6360.00       89.8371
       6380.00       91.3417
       6400.00       90.0738
       6420.00       90.3441
       6440.00       90.9178
       6460.00       90.4538
       6480.00       89.0224
       6500.00       89.4740
       6520.00       92.5746
       6540.00       90.3087
       6560.00       89.9735
       6580.00       92.9846
       6600.00       93.8936
       6620.00       93.1351
       6640.00       93.0913
       6660.00       93.4018
       6680.00       93.6516
       6700.00       93.4893
       6720.00       93.5619
       6740.00       94.0422
       6760.00       95.4498
       6780.00       94.5306
       6800.00       96.2752
       6820.00       96.6267
       6840.00       97.3208
       6860.00       93.5428
       6880.00       93.6136
       6900.00       96.3037
       6920.00       95.6279
       6940.00       93.4837
       6960.00       92.9328
       6980.00       90.9213
       7000.00       91.3351
       7020.00       92.4743
       7040.00       93.7187
       7060.00       94.4551
       7080.00       93.5223
       7100.00       92.3733
       7120.00       92.0586
       7140.00       91.0853
       7160.00       90.3918
       7180.00       89.0454
       7200.00       90.5445
       7220.00       91.8721
       7240.00       90.3699
       7260.00       90.3916
       7280.00       90.0893
       7300.00       91.4574
       7320.00       93.1938
       7340.00       92.1368
       7360.00       92.5805
       7380.00       93.7140
       7400.00       92.5580
       7420.00       92.4674
       7440.00       93.8034
       7460.00       93.8153
       7480.00       92.9340
       7500.00       92.9482
       7520.00       97.4562
       7540.00       101.002
       7560.00       103.802
       7580.00       89.6861
       7600.00       74.1971
       7620.00       97.6727
       7640.00       94.8453
       7660.00       95.4185
       7680.00       90.2580
       7700.00       91.5546
       7720.00       93.2517
       7740.00       95.9046
       7760.00       96.3157
       7780.00       96.3712
       7800.00       96.8798
       7820.00       96.7325
       7840.00       96.2852
       7860.00       94.9403
       7880.00       92.3057
       7900.00       90.9280
       7920.00       89.8053
       7940.00       90.9153
       7960.00       93.1059
       7980.00       93.7096
       8000.00       94.4578
       8020.00       94.6632
       8040.00       95.6496
       8060.00       94.6322
       8080.00       92.5985
       8100.00       91.5937
       8120.00       92.9167
       8140.00       92.0125
       8160.00       90.4386
       8180.00       91.6106
       8200.00       92.1060
       8220.00       92.9814
       8240.00       96.4278
       8260.00       95.4807
       8280.00       92.0704
       8300.00       92.2746
       8320.00       91.4388
       8340.00       91.0781
       8360.00       92.0824
       8380.00       93.3163
       8400.00       94.8718
       8420.00       93.8997
       8440.00       93.9100
       8460.00       96.1962
       8480.00       93.0036
       8500.00       92.6923
       8520.00       88.0931
       8540.00       88.6231
       8560.00       97.1382
       8580.00       95.3546
       8600.00       97.1891
       8620.00       98.3312
       8640.00       91.4633
       8660.00       89.1647
       8680.00       97.4704
       8700.00       97.8335
       8720.00       99.9524
       8740.00       98.9594
       8760.00       98.9129
       8780.00       96.8078
       8800.00       97.5702
       8820.00       98.5519
       8840.00       97.1287
       8860.00       100.857
       8880.00       100.054
       8900.00       98.3283
       8920.00       98.7687
       8940.00       96.4818
       8960.00       93.1087
       8980.00       93.9516
       9000.00       93.0879
       9020.00       99.5034
       9040.00       103.500
       9060.00       95.6810
       9080.00       93.2631
       9100.00       95.4763
       9120.00       93.6727
       9140.00       88.1366
       9160.00       86.5713
       9180.00       88.9939
       9200.00       91.0215
       9220.00       91.7617
       9240.00       91.9033
       9260.00       89.9225
       9280.00       89.9404
       9300.00       84.8878
       9320.00       77.4958
       9340.00       80.4432
       9360.00       78.2561
       9380.00       86.2166
       9400.00       87.9980
       9420.00       77.3405
       9440.00       77.0518
       9460.00       82.4136
       9480.00       84.6439
       9500.00       81.6116
       9520.00       86.3109
       9540.00       88.5602
       9560.00       88.3338
       9580.00       88.8877
       9600.00       88.7844
       9620.00       87.3335
       9640.00       84.6250
       9660.00       88.9652
       9680.00       91.2983
       9700.00       89.0844
       9720.00       88.4969
       9740.00       89.0817
       9760.00       89.3823
       9780.00       90.2844
       9800.00       92.0248
       9820.00       93.4781
       9840.00       93.1283
       9860.00       92.4213
       9880.00       92.1945
       9900.00       92.6830
       9920.00       92.3377
       9940.00       93.6542
       9960.00       94.1763
       9980.00       95.0507
       10000.0       95.7251
       10020.0       95.4948
       10040.0       93.8173
       10060.0       93.4745
       10080.0       94.4196
       10100.0       93.5712
       10120.0       93.0756
       10140.0       93.0858
       10160.0       92.3224
       10180.0       92.4498
       10200.0       91.8448
       10220.0       91.6650
       10240.0       92.5605
       10260.0       93.2227
       10280.0       92.0474
       10300.0       92.2121
       10320.0       92.1476
       10340.0       91.7794
       10360.0       93.1953
       10380.0       91.4257
       10400.0       91.8922
       10420.0       93.1112
       10440.0       93.4974
       10460.0       93.1683
       10480.0       93.6655
       10500.0       93.1502
       10520.0       92.2261
       10540.0       94.1016
       10560.0       91.9139
       10580.0       91.9631
       10600.0       91.9378
       10620.0       93.4298
