       3160.00      0.277111
       3170.00      0.237036
       3180.00      0.499150
       3190.00      0.471983
       3200.00      0.342513
       3210.00      0.378897
       3220.00      0.337269
       3230.00      0.302058
       3240.00      0.314979
       3250.00      0.406728
       3260.00      0.451212
       3270.00      0.522821
       3280.00      0.503787
       3290.00      0.569237
       3300.00      0.581914
       3310.00      0.574306
       3320.00      0.533344
       3330.00      0.509860
       3340.00      0.581795
       3350.00      0.664651
       3360.00      0.475553
       3370.00      0.411152
       3380.00      0.478571
       3390.00      0.604887
       3400.00      0.610355
       3410.00      0.636955
       3420.00      0.622226
       3430.00      0.680451
       3440.00      0.630888
       3450.00      0.572429
       3460.00      0.661834
       3470.00      0.623912
       3480.00      0.639822
       3490.00      0.598650
       3500.00      0.648738
       3510.00      0.707567
       3520.00      0.651552
       3530.00      0.630759
       3540.00      0.715990
       3550.00      0.738764
       3560.00      0.624949
       3570.00      0.601012
       3580.00      0.454884
       3590.00      0.497645
       3600.00      0.692323
       3610.00      0.696743
       3620.00      0.655920
       3630.00      0.698238
       3640.00      0.750962
       3650.00      0.779767
       3660.00      0.894979
       3670.00      0.937623
       3680.00      0.866200
       3690.00      0.854790
       3700.00      0.880071
       3710.00      0.909486
       3720.00      0.776923
       3730.00      0.643655
       3740.00      0.625462
       3750.00      0.660875
       3760.00      0.709674
       3770.00      0.814708
       3780.00      0.995551
       3790.00      0.902363
       3800.00      0.805497
       3810.00      0.801996
       3820.00      0.632177
       3830.00      0.488979
       3840.00      0.568838
       3850.00      0.630908
       3860.00      0.615594
       3870.00      0.603087
       3880.00      0.604255
       3890.00      0.776001
       3900.00      0.895416
       3910.00      0.973255
       3920.00      0.951914
       3930.00      0.584923
       3940.00      0.533403
       3950.00      0.925077
       3960.00      0.952077
       3970.00      0.662824
       3980.00      0.977808
       3990.00       1.43546
       4000.00       1.53660
       4010.00       1.59335
       4020.00       1.64149
       4030.00       1.59854
       4040.00       1.56147
       4050.00       1.58543
       4060.00       1.58196
       4070.00       1.47212
       4080.00       1.63503
       4090.00       1.73045
       4100.00       1.68716
       4110.00       1.68348
       4120.00       1.71742
       4130.00       1.61396
       4140.00       1.56202
       4150.00       1.55614
       4160.00       1.63659
       4170.00       1.66433
       4180.00       1.57486
       4190.00       1.60555
       4200.00       1.62059
       4210.00       1.64475
       4220.00       1.67881
       4230.00       1.62699
       4240.00       1.71199
       4250.00       1.73074
       4260.00       1.72667
       4270.00       1.64637
       4280.00       1.60551
       4290.00       1.55787
       4300.00       1.24888
       4310.00       1.31051
       4320.00       1.66439
       4330.00       1.93534
       4340.00       1.96982
       4350.00       1.94465
       4360.00       2.05000
       4370.00       2.01107
       4380.00       1.88391
       4390.00       1.83271
       4400.00       2.02056
       4410.00       2.00042
       4420.00       2.20137
       4430.00       2.16104
       4440.00       2.23189
       4450.00       2.16913
       4460.00       2.16900
       4470.00       2.28740
       4480.00       2.39741
       4490.00       2.42853
       4500.00       2.56668
       4510.00       2.66441
       4520.00       2.44940
       4530.00       2.37639
       4540.00       2.49832
       4550.00       2.51178
       4560.00       2.65488
       4570.00       2.67603
       4580.00       2.59717
       4590.00       2.55547
       4600.00       2.68001
       4610.00       2.69901
       4620.00       2.73584
       4630.00       2.72651
       4640.00       2.67018
       4650.00       2.67314
       4660.00       2.61755
       4670.00       2.65190
       4680.00       2.64849
       4690.00       2.70401
       4700.00       2.62823
       4710.00       2.60695
       4720.00       2.71032
       4730.00       2.74552
       4740.00       2.79320
       4750.00       2.82697
       4760.00       2.78036
       4770.00       2.75276
       4780.00       2.82028
       4790.00       2.88715
       4800.00       2.89067
       4810.00       2.92967
       4820.00       2.96485
       4830.00       2.87708
       4840.00       2.84023
       4850.00       2.83038
       4860.00       2.69273
       4870.00       2.53721
       4880.00       2.77439
       4890.00       2.75108
       4900.00       2.87442
       4910.00       2.87143
       4920.00       2.74468
       4930.00       2.71983
       4940.00       2.87965
       4950.00       2.92041
       4960.00       2.91240
       4970.00       2.97595
       4980.00       2.84698
       4990.00       2.83069
       5000.00       2.84439
       5010.00       2.71223
       5020.00       2.76504
       5030.00       2.85017
       5040.00       2.89585
       5050.00       2.87095
       5060.00       2.94841
       5070.00       2.92003
       5080.00       2.85157
       5090.00       2.82245
       5100.00       2.83314
       5110.00       2.76732
       5120.00       2.85989
       5130.00       2.79667
       5140.00       2.82547
       5150.00       2.76872
       5160.00       2.73811
       5170.00       2.60038
       5180.00       2.54949
       5190.00       2.69176
       5200.00       2.88359
       5210.00       2.90440
       5220.00       2.90086
       5230.00       2.92258
       5240.00       3.06245
       5250.00       3.01504
       5260.00       2.84501
       5270.00       2.73874
       5280.00       2.92824
       5290.00       3.14896
       5300.00       3.11578
       5310.00       3.16892
       5320.00       3.15701
       5330.00       3.05036
       5340.00       3.07102
       5350.00       3.14720
       5360.00       3.30027
       5370.00       3.20136
       5380.00       3.21864
       5390.00       3.23618
       5400.00       3.13240
       5410.00       3.05764
       5420.00       3.09746
       5430.00       3.17798
       5440.00       3.20514
       5450.00       3.28452
       5460.00       3.14698
       5470.00       3.25964
       5480.00       3.15316
       5490.00       3.15319
       5500.00       3.25146
       5510.00       3.20084
       5520.00       3.19823
       5530.00       3.17749
       5540.00       3.20575
       5550.00       3.29511
       5560.00       3.34617
       5570.00       3.23272
       5580.00       3.22377
       5590.00       3.20226
       5600.00       3.16511
       5610.00       3.28811
       5620.00       3.30105
       5630.00       3.28893
       5640.00       3.27062
       5650.00       3.27418
       5660.00       3.27461
       5670.00       3.25331
       5680.00       3.31576
       5690.00       3.35015
       5700.00       3.28251
       5710.00       3.21819
       5720.00       3.29873
       5730.00       3.38820
       5740.00       3.40069
       5760.00       3.37361
       5780.00       3.43197
       5800.00       3.44138
       5820.00       3.61101
       5840.00       3.61974
       5860.00       3.50527
       5880.00       3.44245
       5900.00       3.39499
       5920.00       3.58867
       5940.00       3.62992
       5960.00       3.63251
       5980.00       3.60859
       6000.00       3.58189
       6020.00       3.58168
       6040.00       3.63976
       6060.00       3.65099
       6080.00       3.64766
       6100.00       3.67899
       6120.00       3.66409
       6140.00       3.58335
       6160.00       3.56029
       6180.00       3.61142
       6200.00       3.63100
       6220.00       3.65612
       6240.00       3.57952
       6260.00       3.52310
       6280.00       3.59035
       6300.00       3.62086
       6320.00       3.65397
       6340.00       3.60912
       6360.00       3.64482
       6380.00       3.63891
       6400.00       3.64679
       6420.00       3.63543
       6440.00       3.57495
       6460.00       3.58840
       6480.00       3.51214
       6500.00       3.58527
       6520.00       3.66876
       6540.00       3.60102
       6560.00       3.53370
       6580.00       3.62193
       6600.00       3.72830
       6620.00       3.64791
       6640.00       3.68198
       6660.00       3.66564
       6680.00       3.71000
       6700.00       3.68842
       6720.00       3.70625
       6740.00       3.71092
       6760.00       3.80930
       6780.00       3.76951
       6800.00       3.75583
       6820.00       3.86096
       6840.00       3.99377
       6860.00       3.76917
       6880.00       3.68402
       6900.00       3.82384
       6920.00       3.84840
       6940.00       3.77644
       6960.00       3.71754
       6980.00       3.70941
       7000.00       3.62841
       7020.00       3.75597
       7040.00       3.74780
       7060.00       3.71225
       7080.00       3.70177
       7100.00       3.68886
       7120.00       3.69086
       7140.00       3.64354
       7160.00       3.64566
       7180.00       3.57667
       7200.00       3.53495
       7220.00       3.60805
       7240.00       3.55918
       7260.00       3.58817
       7280.00       3.59282
       7300.00       3.59503
       7320.00       3.66937
       7340.00       3.62580
       7360.00       3.68530
       7380.00       3.66577
       7400.00       3.65586
       7420.00       3.66736
       7440.00       3.69299
       7460.00       3.68544
       7480.00       3.65912
       7500.00       3.65171
       7520.00       3.76605
       7540.00       3.94748
       7560.00       4.03017
       7580.00       3.95219
       7600.00       3.33732
       7620.00       3.66581
       7640.00       3.65851
       7660.00       3.62139
       7680.00       3.36673
       7700.00       3.52486
       7720.00       3.63428
       7740.00       3.68857
       7760.00       3.73576
       7780.00       3.70128
       7800.00       3.66471
       7820.00       3.67559
       7840.00       3.63927
       7860.00       3.61210
       7880.00       3.54039
       7900.00       3.54925
       7920.00       3.49584
       7940.00       3.50477
       7960.00       3.50923
       7980.00       3.55337
       8000.00       3.56869
       8020.00       3.53565
       8040.00       3.58158
       8060.00       3.53994
       8080.00       3.54642
       8100.00       3.53984
       8120.00       3.59832
       8140.00       3.55488
       8160.00       3.48361
       8180.00       3.37181
       8200.00       3.67913
       8220.00       3.58881
       8240.00       3.54805
       8260.00       3.82927
       8280.00       3.65421
       8300.00       3.66449
       8320.00       3.48432
       8340.00       3.59415
       8360.00       3.40659
       8380.00       3.59800
       8400.00       3.77802
       8420.00       3.75232
       8440.00       3.63499
       8460.00       3.75747
       8480.00       3.65520
       8500.00       3.71286
       8520.00       3.49343
       8540.00       3.42135
       8560.00       3.49150
       8580.00       3.64132
       8600.00       3.56736
       8620.00       3.73060
       8640.00       3.52232
       8660.00       3.49996
       8680.00       3.47364
       8700.00       3.75497
       8720.00       3.61717
       8740.00       3.59077
       8760.00       3.65290
       8780.00       3.49823
       8800.00       3.58629
       8820.00       3.55022
       8840.00       3.58201
       8860.00       3.55008
       8880.00       3.61344
       8900.00       3.53808
       8920.00       3.66828
       8940.00       3.53997
       8960.00       3.42795
       8980.00       3.54969
       9000.00       3.20346
       9020.00       3.44808
       9040.00       3.86881
       9060.00       3.45034
       9080.00       3.18105
       9100.00       3.47967
       9120.00       3.49133
       9140.00       3.33349
       9160.00       3.33005
       9180.00       3.36114
       9200.00       3.60255
       9220.00       3.52983
       9240.00       3.46123
       9260.00       3.47086
       9280.00       3.82186
       9300.00       3.45972
       9320.00       3.01981
       9340.00       3.51652
       9360.00       3.10658
       9380.00       3.13185
       9400.00       3.84422
       9420.00       3.08866
       9440.00       2.84718
       9460.00       3.42167
       9480.00       3.24921
       9500.00       3.08859
       9520.00       3.56096
       9540.00       3.78043
       9560.00       3.57736
       9580.00       3.41739
       9600.00       3.30943
       9620.00       3.34098
       9640.00       3.27197
       9660.00       3.47291
       9680.00       3.29117
       9700.00       3.40597
       9720.00       3.41163
       9740.00       3.40643
       9760.00       3.39945
       9780.00       3.31691
       9800.00       3.30116
       9820.00       3.45038
       9840.00       3.48272
       9860.00       3.27394
       9880.00       3.38667
       9900.00       3.52740
       9920.00       3.51674
       9940.00       3.41935
       9960.00       3.56623
       9980.00       3.46385
       10000.0       3.57309
       10020.0       3.63095
       10040.0       3.46243
       10060.0       3.49929
       10080.0       3.49409
       10100.0       3.46626
       10120.0       3.42636
       10140.0       3.53417
       10160.0       3.53588
       10180.0       3.61538
       10200.0       3.58241
       10220.0       3.56162
       10240.0       3.50653
       10260.0       3.55803
       10280.0       3.55795
       10300.0       3.51516
       10320.0       3.43671
       10340.0       3.29218
       10360.0       3.49820
       10380.0       3.32867
       10400.0       3.26642
       10420.0       3.52704
       10440.0       3.44104
       10460.0       3.24768
       10480.0       3.58075
       10500.0       3.46161
       10520.0       3.32955
       10540.0       3.49857
       10560.0       3.57029
       10580.0       3.44708
       10600.0       3.42896
       10620.0       3.52526
