       3160.00      0.121485
       3170.00      0.130542
       3180.00      0.138710
       3190.00      0.128428
       3200.00      0.128957
       3210.00      0.131800
       3220.00      0.116809
       3230.00      0.108308
       3240.00      0.116394
       3250.00      0.122649
       3260.00      0.137537
       3270.00      0.139796
       3280.00      0.123997
       3290.00      0.136082
       3300.00      0.143586
       3310.00      0.145000
       3320.00      0.134554
       3330.00      0.134746
       3340.00      0.137758
       3350.00      0.142035
       3360.00      0.133690
       3370.00      0.131527
       3380.00      0.128203
       3390.00      0.135141
       3400.00      0.141356
       3410.00      0.132603
       3420.00      0.142367
       3430.00      0.145277
       3440.00      0.140818
       3450.00      0.141608
       3460.00      0.139861
       3470.00      0.141030
       3480.00      0.142905
       3490.00      0.137569
       3500.00      0.139254
       3510.00      0.142955
       3520.00      0.141610
       3530.00      0.143410
       3540.00      0.149310
       3550.00      0.150892
       3560.00      0.147774
       3570.00      0.143887
       3580.00      0.135496
       3590.00      0.143868
       3600.00      0.151368
       3610.00      0.144949
       3620.00      0.146695
       3630.00      0.143923
       3640.00      0.145798
       3650.00      0.152148
       3660.00      0.156249
       3670.00      0.162761
       3680.00      0.152300
       3690.00      0.155562
       3700.00      0.158314
       3710.00      0.155570
       3720.00      0.163507
       3730.00      0.165196
       3740.00      0.172313
       3750.00      0.181553
       3760.00      0.189073
       3770.00      0.192431
       3780.00      0.215977
       3790.00      0.222692
       3800.00      0.202136
       3810.00      0.224170
       3820.00      0.249638
       3830.00      0.205215
       3840.00      0.191635
       3850.00      0.244429
       3860.00      0.284057
       3870.00      0.286527
       3880.00      0.249826
       3890.00      0.206640
       3900.00      0.223448
       3910.00      0.280171
       3920.00      0.294724
       3930.00      0.239874
       3940.00      0.228188
       3950.00      0.285161
       3960.00      0.265654
       3970.00      0.201435
       3980.00      0.250818
       3990.00      0.328752
       4000.00      0.353391
       4010.00      0.356261
       4020.00      0.371908
       4030.00      0.357488
       4040.00      0.361759
       4050.00      0.362662
       4060.00      0.362950
       4070.00      0.347313
       4080.00      0.330415
       4090.00      0.309961
       4100.00      0.257953
       4110.00      0.267503
       4120.00      0.326485
       4130.00      0.346951
       4140.00      0.361527
       4150.00      0.363564
       4160.00      0.357007
       4170.00      0.354129
       4180.00      0.347468
       4190.00      0.359659
       4200.00      0.359748
       4210.00      0.362938
       4220.00      0.364194
       4230.00      0.352506
       4240.00      0.356822
       4250.00      0.366836
       4260.00      0.368924
       4270.00      0.361362
       4280.00      0.357582
       4290.00      0.351160
       4300.00      0.334234
       4310.00      0.334762
       4320.00      0.332074
       4330.00      0.301678
       4340.00      0.250927
       4350.00      0.264678
       4360.00      0.337104
       4370.00      0.352979
       4380.00      0.346247
       4390.00      0.343613
       4400.00      0.345124
       4410.00      0.345841
       4420.00      0.346592
       4430.00      0.352975
       4440.00      0.346297
       4450.00      0.347377
       4460.00      0.346153
       4470.00      0.348152
       4480.00      0.346121
       4490.00      0.349842
       4500.00      0.361556
       4510.00      0.362184
       4520.00      0.359554
       4530.00      0.347045
       4540.00      0.350869
       4550.00      0.347627
       4560.00      0.346176
       4570.00      0.357791
       4580.00      0.348454
       4590.00      0.345354
       4600.00      0.353265
       4610.00      0.360424
       4620.00      0.362149
       4630.00      0.359939
       4640.00      0.358450
       4650.00      0.359102
       4660.00      0.351626
       4670.00      0.354023
       4680.00      0.353974
       4690.00      0.359917
       4700.00      0.353523
       4710.00      0.357335
       4720.00      0.357979
       4730.00      0.356523
       4740.00      0.356469
       4750.00      0.357111
       4760.00      0.349761
       4770.00      0.352494
       4780.00      0.355215
       4790.00      0.356544
       4800.00      0.353735
       4810.00      0.352312
       4820.00      0.344035
       4830.00      0.344692
       4840.00      0.329223
       4850.00      0.299808
       4860.00      0.248538
       4870.00      0.257126
       4880.00      0.303521
       4890.00      0.331199
       4900.00      0.339093
       4910.00      0.337392
       4920.00      0.329347
       4930.00      0.327841
       4940.00      0.341033
       4950.00      0.340678
       4960.00      0.341991
       4970.00      0.342301
       4980.00      0.335306
       4990.00      0.331983
       5000.00      0.331319
       5010.00      0.322936
       5020.00      0.318571
       5030.00      0.326122
       5040.00      0.325639
       5050.00      0.324536
       5060.00      0.324352
       5070.00      0.325147
       5080.00      0.319560
       5090.00      0.325136
       5100.00      0.321192
       5110.00      0.319108
       5120.00      0.324846
       5130.00      0.311611
       5140.00      0.311713
       5150.00      0.308347
       5160.00      0.309703
       5170.00      0.308337
       5180.00      0.302795
       5190.00      0.304760
       5200.00      0.306335
       5210.00      0.308635
       5220.00      0.309311
       5230.00      0.304578
       5240.00      0.305985
       5250.00      0.315857
       5260.00      0.304633
       5270.00      0.294894
       5280.00      0.301944
       5290.00      0.313469
       5300.00      0.314749
       5310.00      0.312911
       5320.00      0.306169
       5330.00      0.299360
       5340.00      0.303041
       5350.00      0.308841
       5360.00      0.307771
       5370.00      0.307352
       5380.00      0.307211
       5390.00      0.308880
       5400.00      0.305705
       5410.00      0.298387
       5420.00      0.303449
       5430.00      0.314216
       5440.00      0.312727
       5450.00      0.312457
       5460.00      0.306434
       5470.00      0.308594
       5480.00      0.305919
       5490.00      0.306265
       5500.00      0.305408
       5510.00      0.307554
       5520.00      0.313885
       5530.00      0.309730
       5540.00      0.305590
       5550.00      0.311891
       5560.00      0.314303
       5570.00      0.307803
       5580.00      0.308733
       5590.00      0.306110
       5600.00      0.300249
       5610.00      0.306492
       5620.00      0.308006
       5630.00      0.310102
       5640.00      0.290058
       5650.00      0.303444
       5660.00      0.284360
       5670.00      0.297709
       5680.00      0.279924
       5690.00      0.301021
       5700.00      0.289993
       5710.00      0.301993
       5720.00      0.280770
       5730.00      0.311326
       5740.00      0.292638
       5760.00      0.283958
       5780.00      0.279915
       5800.00      0.284508
       5820.00      0.279270
       5840.00      0.282588
       5860.00      0.288338
       5880.00      0.282578
       5900.00      0.283581
       5920.00      0.276730
       5940.00      0.278888
       5960.00      0.279339
       5980.00      0.280064
       6000.00      0.273619
       6020.00      0.273672
       6040.00      0.273258
       6060.00      0.276367
       6080.00      0.270481
       6100.00      0.275097
       6120.00      0.275818
       6140.00      0.266330
       6160.00      0.267586
       6180.00      0.263269
       6200.00      0.271459
       6220.00      0.275105
       6240.00      0.267865
       6260.00      0.266481
       6280.00      0.265106
       6300.00      0.260774
       6320.00      0.265520
       6340.00      0.266769
       6360.00      0.262031
       6380.00      0.261987
       6400.00      0.259101
       6420.00      0.259067
       6440.00      0.258519
       6460.00      0.255876
       6480.00      0.253913
       6500.00      0.252979
       6520.00      0.253826
       6540.00      0.246982
       6560.00      0.220749
       6580.00      0.221385
       6600.00      0.247192
       6620.00      0.255486
       6640.00      0.254965
       6660.00      0.252958
       6680.00      0.255666
       6700.00      0.252929
       6720.00      0.245435
       6740.00      0.249220
       6760.00      0.239947
       6780.00      0.243677
       6800.00      0.241867
       6820.00      0.242660
       6840.00      0.245576
       6860.00      0.237317
       6880.00      0.232302
       6900.00      0.229759
       6920.00      0.230624
       6940.00      0.237964
       6960.00      0.236378
       6980.00      0.236032
       7000.00      0.232665
       7020.00      0.235464
       7040.00      0.231719
       7060.00      0.236753
       7080.00      0.229242
       7100.00      0.230832
       7120.00      0.230207
       7140.00      0.228636
       7160.00      0.235986
       7180.00      0.238322
       7200.00      0.227993
       7220.00      0.226469
       7240.00      0.225866
       7260.00      0.222465
       7280.00      0.219924
       7300.00      0.223149
       7320.00      0.223013
       7340.00      0.219185
       7360.00      0.220993
       7380.00      0.219050
       7400.00      0.218793
       7420.00      0.217334
       7440.00      0.216883
       7460.00      0.216412
       7480.00      0.214640
       7500.00      0.212481
       7520.00      0.210772
       7540.00      0.206595
       7560.00      0.204496
       7580.00      0.212637
       7600.00      0.193674
       7620.00      0.188501
       7640.00      0.191145
       7660.00      0.195805
       7680.00      0.192604
       7700.00      0.206210
       7720.00      0.210388
       7740.00      0.206127
       7760.00      0.202123
       7780.00      0.208510
       7800.00      0.211049
       7820.00      0.210826
       7840.00      0.210879
       7860.00      0.208028
       7880.00      0.207962
       7900.00      0.202999
       7920.00      0.203342
       7940.00      0.201206
       7960.00      0.204480
       7980.00      0.199638
       8000.00      0.202879
       8020.00      0.204311
       8040.00      0.199279
       8060.00      0.201390
       8080.00      0.198743
       8100.00      0.199844
       8120.00      0.207272
       8140.00      0.206966
       8160.00      0.198516
       8180.00      0.194191
       8200.00      0.182245
       8220.00      0.196202
       8240.00      0.191914
       8260.00      0.189808
       8280.00      0.187233
       8300.00      0.195865
       8320.00      0.191678
       8340.00      0.186342
       8360.00      0.187538
       8380.00      0.188747
       8400.00      0.190305
       8420.00      0.186339
       8440.00      0.182626
       8460.00      0.186005
       8480.00      0.195743
       8500.00      0.183826
       8520.00      0.181396
       8540.00      0.176248
       8560.00      0.170756
       8580.00      0.169029
       8600.00      0.180997
       8620.00      0.186427
       8640.00      0.182742
       8660.00      0.167467
       8680.00      0.176891
       8700.00      0.179220
       8720.00      0.180023
       8740.00      0.179043
       8760.00      0.170406
       8780.00      0.168040
       8800.00      0.173257
       8820.00      0.180887
       8840.00      0.172754
       8860.00      0.165348
       8880.00      0.162369
       8900.00      0.172852
       8920.00      0.174151
       8940.00      0.178330
       8960.00      0.176049
       8980.00      0.165660
       9000.00      0.161086
       9020.00      0.153488
       9040.00      0.170596
       9060.00      0.163176
       9080.00      0.164091
       9100.00      0.167618
       9120.00      0.155413
       9140.00      0.175730
       9160.00      0.162170
       9180.00      0.172983
       9200.00      0.155553
       9220.00      0.156991
       9240.00      0.145540
       9260.00      0.156348
       9280.00      0.158238
       9300.00      0.184351
       9320.00      0.185197
       9340.00      0.179667
       9360.00      0.170663
       9380.00      0.168537
       9400.00      0.178696
       9420.00      0.173911
       9440.00      0.151843
       9460.00      0.168824
       9480.00      0.170090
       9500.00      0.164198
       9520.00      0.151853
       9540.00      0.155953
       9560.00      0.153915
       9580.00      0.158892
       9600.00      0.157166
       9620.00      0.154571
       9640.00      0.151077
       9660.00      0.164850
       9680.00      0.150128
       9700.00      0.152495
       9720.00      0.155209
       9740.00      0.154822
       9760.00      0.157486
       9780.00      0.154290
       9800.00      0.153402
       9820.00      0.156625
       9840.00      0.145301
       9860.00      0.149903
       9880.00      0.154184
       9900.00      0.151618
       9920.00      0.151279
       9940.00      0.160905
       9960.00      0.155436
       9980.00      0.150221
       10000.0      0.143919
       10020.0      0.140695
       10040.0      0.124425
       10060.0      0.137489
       10080.0      0.151765
       10100.0      0.138172
       10120.0      0.144516
       10140.0      0.147329
       10160.0      0.143426
       10180.0      0.146522
       10200.0      0.150595
       10220.0      0.155461
       10240.0      0.141644
       10260.0      0.142705
       10280.0      0.136798
       10300.0      0.136180
       10320.0      0.145672
       10340.0      0.139858
       10360.0      0.149785
       10380.0      0.146566
       10400.0      0.136269
       10420.0      0.141339
       10440.0      0.134322
       10460.0      0.125151
       10480.0      0.132752
       10500.0      0.143553
       10520.0      0.131572
       10540.0      0.139322
       10560.0      0.142549
       10580.0      0.130169
       10600.0      0.128192
       10620.0      0.138117
