       3160.00       8.25274
       3170.00       8.80539
       3180.00       8.03193
       3190.00       8.68024
       3200.00       8.20380
       3210.00       8.09330
       3220.00       7.56262
       3230.00       7.88969
       3240.00       7.82963
       3250.00       8.22760
       3260.00       8.02493
       3270.00       7.67189
       3280.00       6.69369
       3290.00       7.51474
       3300.00       7.90262
       3310.00       7.55671
       3320.00       7.44434
       3330.00       7.39469
       3340.00       7.62490
       3350.00       7.33574
       3360.00       7.47131
       3370.00       7.35351
       3380.00       7.18262
       3390.00       7.45150
       3400.00       7.53409
       3410.00       7.82459
       3420.00       7.84037
       3430.00       7.60551
       3440.00       7.22789
       3450.00       7.62370
       3460.00       7.59689
       3470.00       7.63453
       3480.00       7.45587
       3490.00       7.47239
       3500.00       7.43215
       3510.00       7.33565
       3520.00       7.32420
       3530.00       7.32920
       3540.00       7.34584
       3550.00       7.67663
       3560.00       7.52508
       3570.00       7.24476
       3580.00       7.29608
       3590.00       7.21361
       3600.00       7.10405
       3610.00       7.07522
       3620.00       7.23144
       3630.00       7.39590
       3640.00       7.35742
       3650.00       7.57271
       3660.00       7.70780
       3670.00       7.50217
       3680.00       7.50648
       3690.00       7.33611
       3700.00       7.55301
       3710.00       7.73756
       3720.00       8.37648
       3730.00       8.64423
       3740.00       8.63880
       3750.00       9.42445
       3760.00       9.54883
       3770.00       10.2950
       3780.00       11.9663
       3790.00       11.6688
       3800.00       11.2032
       3810.00       13.7893
       3820.00       14.4173
       3830.00       11.1995
       3840.00       11.4630
       3850.00       15.1678
       3860.00       17.7637
       3870.00       16.9385
       3880.00       12.9251
       3890.00       11.2010
       3900.00       14.5093
       3910.00       17.5704
       3920.00       17.4075
       3930.00       15.9314
       3940.00       16.4928
       3950.00       17.1142
       3960.00       13.1669
       3970.00       11.0127
       3980.00       14.8613
       3990.00       18.5104
       4000.00       21.1951
       4010.00       21.6574
       4020.00       22.0557
       4030.00       22.5341
       4040.00       22.8465
       4050.00       22.7085
       4060.00       22.3473
       4070.00       20.4651
       4080.00       18.1223
       4090.00       14.7081
       4100.00       12.4774
       4110.00       15.1150
       4120.00       18.9011
       4130.00       21.1682
       4140.00       22.3146
       4150.00       22.0617
       4160.00       22.3662
       4170.00       21.9361
       4180.00       21.6069
       4190.00       22.3639
       4200.00       22.9599
       4210.00       22.4343
       4220.00       22.3615
       4230.00       22.0938
       4240.00       21.4180
       4250.00       21.4649
       4260.00       21.6278
       4270.00       21.8675
       4280.00       20.9669
       4290.00       20.2824
       4300.00       18.9342
       4310.00       16.8427
       4320.00       15.7594
       4330.00       12.8146
       4340.00       11.7417
       4350.00       14.2450
       4360.00       17.3508
       4370.00       19.1736
       4380.00       19.7524
       4390.00       19.4816
       4400.00       18.7330
       4410.00       19.5244
       4420.00       19.5737
       4430.00       20.1450
       4440.00       19.7088
       4450.00       19.5903
       4460.00       19.9354
       4470.00       19.4841
       4480.00       19.8280
       4490.00       19.8390
       4500.00       20.3275
       4510.00       20.6488
       4520.00       20.3472
       4530.00       20.2840
       4540.00       20.3668
       4550.00       19.9588
       4560.00       20.0419
       4570.00       20.3416
       4580.00       20.0807
       4590.00       20.7210
       4600.00       20.7837
       4610.00       21.0434
       4620.00       20.4612
       4630.00       20.1315
       4640.00       20.4977
       4650.00       19.9738
       4660.00       20.0196
       4670.00       19.8529
       4680.00       20.0577
       4690.00       19.8211
       4700.00       19.7438
       4710.00       19.5966
       4720.00       19.0124
       4730.00       19.5312
       4740.00       19.4028
       4750.00       19.7621
       4760.00       19.3560
       4770.00       19.1422
       4780.00       19.6899
       4790.00       19.1485
       4800.00       19.0570
       4810.00       18.6051
       4820.00       17.7264
       4830.00       17.2791
       4840.00       15.6728
       4850.00       12.5601
       4860.00       10.9377
       4870.00       12.7664
       4880.00       15.1091
       4890.00       16.6717
       4900.00       17.2515
       4910.00       17.6371
       4920.00       17.5341
       4930.00       17.8002
       4940.00       18.2326
       4950.00       17.8786
       4960.00       18.4756
       4970.00       17.7734
       4980.00       17.4390
       4990.00       17.6690
       5000.00       17.8485
       5010.00       17.3181
       5020.00       17.4811
       5030.00       17.1835
       5040.00       16.9035
       5050.00       17.2464
       5060.00       17.3103
       5070.00       17.2924
       5080.00       17.1282
       5090.00       16.9160
       5100.00       17.0287
       5110.00       16.6558
       5120.00       16.9137
       5130.00       16.4781
       5140.00       16.5425
       5150.00       16.8633
       5160.00       16.4783
       5170.00       16.2547
       5180.00       16.3669
       5190.00       16.0010
       5200.00       15.7048
       5210.00       16.1775
       5220.00       15.9723
       5230.00       16.0050
       5240.00       16.0533
       5250.00       16.2903
       5260.00       15.9451
       5270.00       15.5260
       5280.00       15.8691
       5290.00       15.9328
       5300.00       15.9183
       5310.00       15.8261
       5320.00       15.7032
       5330.00       15.5652
       5340.00       15.8455
       5350.00       15.4761
       5360.00       15.0402
       5370.00       15.0692
       5380.00       15.0335
       5390.00       15.2938
       5400.00       15.0099
       5410.00       15.0311
       5420.00       15.1939
       5430.00       14.9574
       5440.00       15.2201
       5450.00       14.9920
       5460.00       15.0902
       5470.00       15.0475
       5480.00       15.2748
       5490.00       15.3975
       5500.00       15.3395
       5510.00       15.0417
       5520.00       14.5444
       5530.00       15.0919
       5540.00       15.1243
       5550.00       15.2757
       5560.00       15.1442
       5570.00       15.2506
       5580.00       15.1048
       5590.00       14.7141
       5600.00       15.0361
       5610.00       14.7441
       5620.00       14.6517
       5630.00       14.7064
       5640.00       14.5954
       5650.00       14.6207
       5660.00       14.5248
       5670.00       14.3608
       5680.00       14.3573
       5690.00       14.2043
       5700.00       14.4925
       5710.00       14.2688
       5720.00       14.3262
       5730.00       14.2609
       5740.00       14.0186
       5760.00       14.3401
       5780.00       13.9931
       5800.00       14.1415
       5820.00       14.1440
       5840.00       14.1436
       5860.00       13.7076
       5880.00       13.6539
       5900.00       13.2393
       5920.00       13.2016
       5940.00       13.3992
       5960.00       13.5095
       5980.00       13.4353
       6000.00       13.0586
       6020.00       13.2884
       6040.00       13.2553
       6060.00       13.3220
       6080.00       13.3190
       6100.00       12.8919
       6120.00       13.1009
       6140.00       12.4742
       6160.00       12.5061
       6180.00       12.4817
       6200.00       12.5854
       6220.00       12.4984
       6240.00       12.1525
       6260.00       11.8681
       6280.00       11.6751
       6300.00       11.9003
       6320.00       12.0261
       6340.00       11.9060
       6360.00       11.7621
       6380.00       11.7343
       6400.00       11.8822
       6420.00       11.7628
       6440.00       11.8546
       6460.00       11.3830
       6480.00       11.6208
       6500.00       11.4261
       6520.00       10.7802
       6540.00       9.70989
       6560.00       9.59715
       6580.00       10.8100
       6600.00       11.4508
       6620.00       11.3738
       6640.00       11.2748
       6660.00       11.3724
       6680.00       11.7120
       6700.00       11.5204
       6720.00       11.3705
       6740.00       11.3355
       6760.00       11.4487
       6780.00       11.5660
       6800.00       11.4202
       6820.00       11.2014
       6840.00       11.5177
       6860.00       10.7915
       6880.00       10.6761
       6900.00       11.1709
       6920.00       11.2795
       6940.00       10.9684
       6960.00       10.7505
       6980.00       10.5054
       7000.00       10.2275
       7020.00       10.3773
       7040.00       10.3771
       7060.00       10.3407
       7080.00       10.1738
       7100.00       10.2324
       7120.00       10.2257
       7140.00       10.1866
       7160.00       10.1697
       7180.00       9.88361
       7200.00       10.0616
       7220.00       9.83687
       7240.00       9.70127
       7260.00       9.79633
       7280.00       9.86816
       7300.00       9.86943
       7320.00       9.87068
       7340.00       9.46665
       7360.00       9.45440
       7380.00       9.34816
       7400.00       9.50268
       7420.00       9.59956
       7440.00       9.38050
       7460.00       9.46501
       7480.00       9.50047
       7500.00       9.31317
       7520.00       9.51586
       7540.00       9.59692
       7560.00       9.79670
       7580.00       8.46596
       7600.00       7.35751
       7620.00       9.27603
       7640.00       9.13494
       7660.00       8.92447
       7680.00       8.32130
       7700.00       8.32436
       7720.00       8.39806
       7740.00       8.56639
       7760.00       8.61460
       7780.00       8.51598
       7800.00       8.45283
       7820.00       8.55484
       7840.00       8.46345
       7860.00       8.50920
       7880.00       8.36806
       7900.00       8.27366
       7920.00       8.27572
       7940.00       8.08107
       7960.00       8.31199
       7980.00       8.25905
       8000.00       8.35409
       8020.00       8.18901
       8040.00       8.15734
       8060.00       8.11557
       8080.00       7.92674
       8100.00       7.80617
       8120.00       7.90601
       8140.00       8.14950
       8160.00       7.81257
       8180.00       7.64396
       8200.00       7.85407
       8220.00       7.63994
       8240.00       8.15088
       8260.00       7.87805
       8280.00       7.69336
       8300.00       7.29650
       8320.00       7.99007
       8340.00       7.53001
       8360.00       7.72747
       8380.00       7.34912
       8400.00       7.86676
       8420.00       7.23275
       8440.00       7.41925
       8460.00       6.97390
       8480.00       7.45831
       8500.00       7.51951
       8520.00       7.37093
       8540.00       7.33431
       8560.00       7.46970
       8580.00       7.69402
       8600.00       7.68381
       8620.00       7.82224
       8640.00       7.80317
       8660.00       6.70788
       8680.00       7.71676
       8700.00       7.71137
       8720.00       7.28526
       8740.00       7.32720
       8760.00       7.28312
       8780.00       7.80204
       8800.00       7.25095
       8820.00       7.46686
       8840.00       6.67786
       8860.00       6.75698
       8880.00       7.09909
       8900.00       7.30968
       8920.00       7.45170
       8940.00       7.80752
       8960.00       7.30592
       8980.00       6.86361
       9000.00       6.18638
       9020.00       6.42459
       9040.00       7.27052
       9060.00       6.93798
       9080.00       7.24122
       9100.00       7.38149
       9120.00       7.19224
       9140.00       7.17379
       9160.00       6.87126
       9180.00       6.75458
       9200.00       6.42913
       9220.00       6.01994
       9240.00       6.19471
       9260.00       6.68284
       9280.00       7.34516
       9300.00       7.34181
       9320.00       6.64159
       9340.00       6.98921
       9360.00       6.95133
       9380.00       7.03429
       9400.00       6.94284
       9420.00       5.90617
       9440.00       6.37947
       9460.00       6.68306
       9480.00       6.63845
       9500.00       5.69552
       9520.00       5.45788
       9540.00       5.45076
       9560.00       6.06169
       9580.00       6.41303
       9600.00       6.30585
       9620.00       6.16390
       9640.00       6.10054
       9660.00       6.60714
       9680.00       6.84275
       9700.00       6.37459
       9720.00       6.33682
       9740.00       6.59783
       9760.00       6.30577
       9780.00       6.32413
       9800.00       6.22185
       9820.00       6.51463
       9840.00       6.30573
       9860.00       6.32813
       9880.00       6.04016
       9900.00       5.98038
       9920.00       6.37482
       9940.00       6.14669
       9960.00       5.84397
       9980.00       6.11046
       10000.0       6.19822
       10020.0       5.15336
       10040.0       5.34639
       10060.0       5.61667
       10080.0       6.14165
       10100.0       5.94950
       10120.0       5.98347
       10140.0       5.78587
       10160.0       6.15348
       10180.0       5.75339
       10200.0       6.14069
       10220.0       5.57079
       10240.0       5.66400
       10260.0       5.34047
       10280.0       5.71913
       10300.0       5.70481
       10320.0       5.47277
       10340.0       5.71711
       10360.0       5.71564
       10380.0       5.73329
       10400.0       5.69366
       10420.0       5.28940
       10440.0       5.40907
       10460.0       5.46509
       10480.0       5.45623
       10500.0       5.57254
       10520.0       5.40407
       10540.0       5.71917
       10560.0       5.27405
       10580.0       5.29688
       10600.0       5.39524
       10620.0       5.19601
