       3160.00     0.0569257
       3170.00     0.0614689
       3180.00     0.0613982
       3190.00     0.0533350
       3200.00     0.0610875
       3210.00     0.0626462
       3220.00     0.0557924
       3230.00     0.0546057
       3240.00     0.0588413
       3250.00     0.0592120
       3260.00     0.0613505
       3270.00     0.0661227
       3280.00     0.0563883
       3290.00     0.0664080
       3300.00     0.0662304
       3310.00     0.0656298
       3320.00     0.0668413
       3330.00     0.0661020
       3340.00     0.0640365
       3350.00     0.0691755
       3360.00     0.0681806
       3370.00     0.0641143
       3380.00     0.0666698
       3390.00     0.0672092
       3400.00     0.0688462
       3410.00     0.0688044
       3420.00     0.0688084
       3430.00     0.0706992
       3440.00     0.0675470
       3450.00     0.0643679
       3460.00     0.0685312
       3470.00     0.0671428
       3480.00     0.0689664
       3490.00     0.0655962
       3500.00     0.0687728
       3510.00     0.0705096
       3520.00     0.0684264
       3530.00     0.0710599
       3540.00     0.0762336
       3550.00     0.0780835
       3560.00     0.0752140
       3570.00     0.0695211
       3580.00     0.0665172
       3590.00     0.0693293
       3600.00     0.0746382
       3610.00     0.0707379
       3620.00     0.0713610
       3630.00     0.0716585
       3640.00     0.0715259
       3650.00     0.0753247
       3660.00     0.0780589
       3670.00     0.0789510
       3680.00     0.0748166
       3690.00     0.0786076
       3700.00     0.0779948
       3710.00     0.0798863
       3720.00     0.0810759
       3730.00     0.0754652
       3740.00     0.0773065
       3750.00     0.0835254
       3760.00     0.0857503
       3770.00     0.0870120
       3780.00     0.0960232
       3790.00     0.0920666
       3800.00     0.0897929
       3810.00      0.101673
       3820.00      0.100447
       3830.00     0.0788491
       3840.00     0.0812226
       3850.00      0.103776
       3860.00      0.113163
       3870.00      0.110271
       3880.00     0.0978691
       3890.00     0.0875951
       3900.00     0.0982269
       3910.00      0.114089
       3920.00      0.111113
       3930.00     0.0804538
       3940.00     0.0814964
       3950.00      0.112065
       3960.00      0.100204
       3970.00     0.0798003
       3980.00      0.107204
       3990.00      0.133689
       4000.00      0.142848
       4010.00      0.146342
       4020.00      0.148422
       4030.00      0.146970
       4040.00      0.141723
       4050.00      0.142798
       4060.00      0.140660
       4070.00      0.138552
       4080.00      0.136263
       4090.00      0.130515
       4100.00      0.114945
       4110.00      0.123942
       4120.00      0.143267
       4130.00      0.145507
       4140.00      0.150052
       4150.00      0.148601
       4160.00      0.149331
       4170.00      0.143251
       4180.00      0.139756
       4190.00      0.144968
       4200.00      0.146071
       4210.00      0.148539
       4220.00      0.144196
       4230.00      0.142454
       4240.00      0.144196
       4250.00      0.144866
       4260.00      0.148315
       4270.00      0.144644
       4280.00      0.141409
       4290.00      0.136154
       4300.00      0.125592
       4310.00      0.131976
       4320.00      0.140262
       4330.00      0.125928
       4340.00      0.110708
       4350.00      0.126138
       4360.00      0.150851
       4370.00      0.155573
       4380.00      0.144963
       4390.00      0.147866
       4400.00      0.146998
       4410.00      0.148751
       4420.00      0.152013
       4430.00      0.153061
       4440.00      0.153067
       4450.00      0.148465
       4460.00      0.146262
       4470.00      0.150069
       4480.00      0.151544
       4490.00      0.151745
       4500.00      0.157108
       4510.00      0.157037
       4520.00      0.151324
       4530.00      0.147083
       4540.00      0.149644
       4550.00      0.148407
       4560.00      0.150458
       4570.00      0.154514
       4580.00      0.150619
       4590.00      0.148982
       4600.00      0.151591
       4610.00      0.153546
       4620.00      0.154749
       4630.00      0.155206
       4640.00      0.151998
       4650.00      0.153013
       4660.00      0.150894
       4670.00      0.150838
       4680.00      0.155231
       4690.00      0.154152
       4700.00      0.150224
       4710.00      0.150600
       4720.00      0.155898
       4730.00      0.156623
       4740.00      0.156408
       4750.00      0.156571
       4760.00      0.152655
       4770.00      0.154607
       4780.00      0.158802
       4790.00      0.159626
       4800.00      0.158563
       4810.00      0.159546
       4820.00      0.159587
       4830.00      0.154365
       4840.00      0.149858
       4850.00      0.138247
       4860.00      0.118950
       4870.00      0.126439
       4880.00      0.145226
       4890.00      0.149075
       4900.00      0.151587
       4910.00      0.148976
       4920.00      0.147786
       4930.00      0.146742
       4940.00      0.148118
       4950.00      0.151348
       4960.00      0.151121
       4970.00      0.153123
       4980.00      0.148338
       4990.00      0.144994
       5000.00      0.146294
       5010.00      0.139995
       5020.00      0.139918
       5030.00      0.144368
       5040.00      0.144391
       5050.00      0.144367
       5060.00      0.146362
       5070.00      0.145182
       5080.00      0.145387
       5090.00      0.146174
       5100.00      0.145536
       5110.00      0.148058
       5120.00      0.145911
       5130.00      0.144654
       5140.00      0.141870
       5150.00      0.143880
       5160.00      0.140338
       5170.00      0.137698
       5180.00      0.137402
       5190.00      0.136296
       5200.00      0.138433
       5210.00      0.141086
       5220.00      0.140681
       5230.00      0.139518
       5240.00      0.141186
       5250.00      0.142402
       5260.00      0.139478
       5270.00      0.132896
       5280.00      0.137783
       5290.00      0.142888
       5300.00      0.141780
       5310.00      0.142908
       5320.00      0.140983
       5330.00      0.137749
       5340.00      0.139608
       5350.00      0.139318
       5360.00      0.140513
       5370.00      0.142298
       5380.00      0.142353
       5390.00      0.142161
       5400.00      0.139169
       5410.00      0.138335
       5420.00      0.145158
       5430.00      0.147619
       5440.00      0.147777
       5450.00      0.148794
       5460.00      0.147522
       5470.00      0.146112
       5480.00      0.145845
       5490.00      0.144869
       5500.00      0.145882
       5510.00      0.144060
       5520.00      0.146766
       5530.00      0.145090
       5540.00      0.141591
       5550.00      0.145972
       5560.00      0.144728
       5570.00      0.143208
       5580.00      0.143790
       5590.00      0.142278
       5600.00      0.139239
       5610.00      0.142604
       5620.00      0.144015
       5630.00      0.142513
       5640.00      0.144196
       5650.00      0.142285
       5660.00      0.142860
       5670.00      0.139170
       5680.00      0.142906
       5690.00      0.139914
       5700.00      0.141721
       5710.00      0.141336
       5720.00      0.142043
       5730.00      0.144517
       5740.00      0.142091
       5760.00      0.140921
       5780.00      0.140973
       5800.00      0.141697
       5820.00      0.144426
       5840.00      0.143263
       5860.00      0.138783
       5880.00      0.138576
       5900.00      0.138238
       5920.00      0.142513
       5940.00      0.140458
       5960.00      0.140379
       5980.00      0.139127
       6000.00      0.139703
       6020.00      0.138980
       6040.00      0.140972
       6060.00      0.139864
       6080.00      0.140814
       6100.00      0.139074
       6120.00      0.139257
       6140.00      0.136137
       6160.00      0.133036
       6180.00      0.133237
       6200.00      0.135825
       6220.00      0.135639
       6240.00      0.134455
       6260.00      0.134523
       6280.00      0.134964
       6300.00      0.135154
       6320.00      0.132876
       6340.00      0.132580
       6360.00      0.132040
       6380.00      0.132115
       6400.00      0.129875
       6420.00      0.129470
       6440.00      0.130400
       6460.00      0.129031
       6480.00      0.126707
       6500.00      0.127517
       6520.00      0.128202
       6540.00      0.124710
       6560.00      0.114132
       6580.00      0.114970
       6600.00      0.127121
       6620.00      0.127561
       6640.00      0.127177
       6660.00      0.127380
       6680.00      0.127466
       6700.00      0.126154
       6720.00      0.125663
       6740.00      0.124712
       6760.00      0.125150
       6780.00      0.125126
       6800.00      0.125217
       6820.00      0.124392
       6840.00      0.128474
       6860.00      0.122871
       6880.00      0.118547
       6900.00      0.120916
       6920.00      0.121468
       6940.00      0.121230
       6960.00      0.121890
       6980.00      0.121317
       7000.00      0.120191
       7020.00      0.119960
       7040.00      0.118843
       7060.00      0.118175
       7080.00      0.118282
       7100.00      0.117400
       7120.00      0.116851
       7140.00      0.116524
       7160.00      0.121099
       7180.00      0.120219
       7200.00      0.115769
       7220.00      0.115989
       7240.00      0.115453
       7260.00      0.115350
       7280.00      0.114283
       7300.00      0.112368
       7320.00      0.114404
       7340.00      0.112605
       7360.00      0.113676
       7380.00      0.113368
       7400.00      0.112324
       7420.00      0.111916
       7440.00      0.113083
       7460.00      0.112153
       7480.00      0.112791
       7500.00      0.111762
       7520.00      0.110428
       7540.00      0.108274
       7560.00      0.106853
       7580.00      0.110994
       7600.00     0.0987393
       7620.00     0.0952159
       7640.00      0.104509
       7660.00      0.105661
       7680.00      0.102544
       7700.00      0.108252
       7720.00      0.108981
       7740.00      0.109002
       7760.00      0.108018
       7780.00      0.109945
       7800.00      0.110863
       7820.00      0.109083
       7840.00      0.110794
       7860.00      0.110016
       7880.00      0.109935
       7900.00      0.106992
       7920.00      0.105245
       7940.00      0.104292
       7960.00      0.104520
       7980.00      0.103867
       8000.00      0.102438
       8020.00      0.101016
       8040.00      0.101637
       8060.00      0.102159
       8080.00     0.0998797
       8100.00     0.0977078
       8120.00      0.101596
       8140.00      0.102017
       8160.00     0.0973716
       8180.00     0.0967522
       8200.00     0.0999395
       8220.00     0.0973248
       8240.00      0.103996
       8260.00      0.103273
       8280.00      0.100763
       8300.00     0.0983596
       8320.00     0.0979357
       8340.00     0.0973269
       8360.00     0.0970941
       8380.00      0.101515
       8400.00      0.100345
       8420.00     0.0992729
       8440.00     0.0966357
       8460.00     0.0926283
       8480.00     0.0994900
       8500.00     0.0935684
       8520.00     0.0957283
       8540.00     0.0901445
       8560.00     0.0903894
       8580.00     0.0960585
       8600.00     0.0926618
       8620.00     0.0983265
       8640.00     0.0935865
       8660.00     0.0889584
       8680.00     0.0897057
       8700.00     0.0928514
       8720.00     0.0946057
       8740.00     0.0884654
       8760.00     0.0954199
       8780.00     0.0949361
       8800.00     0.0936571
       8820.00     0.0955664
       8840.00     0.0899697
       8860.00     0.0902066
       8880.00     0.0907059
       8900.00     0.0920791
       8920.00     0.0920474
       8940.00     0.0900971
       8960.00     0.0938121
       8980.00     0.0929954
       9000.00     0.0897564
       9020.00     0.0917185
       9040.00     0.0935857
       9060.00     0.0936373
       9080.00     0.0864752
       9100.00     0.0917691
       9120.00     0.0885754
       9140.00     0.0905143
       9160.00     0.0900613
       9180.00     0.0917338
       9200.00     0.0874662
       9220.00     0.0829549
       9240.00     0.0840580
       9260.00     0.0847101
       9280.00     0.0909133
       9300.00     0.0982636
       9320.00     0.0906068
       9340.00      0.103269
       9360.00     0.0906361
       9380.00     0.0989219
       9400.00      0.100702
       9420.00     0.0885689
       9440.00     0.0878030
       9460.00     0.0928101
       9480.00     0.0888308
       9500.00     0.0920090
       9520.00      0.100743
       9540.00     0.0845124
       9560.00     0.0854774
       9580.00     0.0903453
       9600.00     0.0878829
       9620.00     0.0846201
       9640.00     0.0836357
       9660.00     0.0857226
       9680.00     0.0792706
       9700.00     0.0836811
       9720.00     0.0857550
       9740.00     0.0834975
       9760.00     0.0826873
       9780.00     0.0859465
       9800.00     0.0843389
       9820.00     0.0856758
       9840.00     0.0805887
       9860.00     0.0818487
       9880.00     0.0828668
       9900.00     0.0825419
       9920.00     0.0816680
       9940.00     0.0821313
       9960.00     0.0816532
       9980.00     0.0835991
       10000.0     0.0833539
       10020.0     0.0831097
       10040.0     0.0735158
       10060.0     0.0754547
       10080.0     0.0795982
       10100.0     0.0805214
       10120.0     0.0799770
       10140.0     0.0792041
       10160.0     0.0811970
       10180.0     0.0799652
       10200.0     0.0840893
       10220.0     0.0778211
       10240.0     0.0772123
       10260.0     0.0768337
       10280.0     0.0760775
       10300.0     0.0778223
       10320.0     0.0782004
       10340.0     0.0777475
       10360.0     0.0796295
       10380.0     0.0782742
       10400.0     0.0738501
       10420.0     0.0758036
       10440.0     0.0748368
       10460.0     0.0709740
       10480.0     0.0751464
       10500.0     0.0749290
       10520.0     0.0748607
       10540.0     0.0722477
       10560.0     0.0730413
       10580.0     0.0759838
       10600.0     0.0710885
       10620.0     0.0741558
