       3160.00      0.146636
       3170.00      0.157434
       3180.00      0.153491
       3190.00      0.147670
       3200.00      0.161646
       3210.00      0.168847
       3220.00      0.163612
       3230.00      0.146420
       3240.00      0.147840
       3250.00      0.163107
       3260.00      0.174845
       3270.00      0.186226
       3280.00      0.174348
       3290.00      0.179917
       3300.00      0.191462
       3310.00      0.183835
       3320.00      0.183914
       3330.00      0.179297
       3340.00      0.174360
       3350.00      0.185052
       3360.00      0.175961
       3370.00      0.175231
       3380.00      0.180235
       3390.00      0.186792
       3400.00      0.194958
       3410.00      0.188981
       3420.00      0.192044
       3430.00      0.200939
       3440.00      0.186247
       3450.00      0.183746
       3460.00      0.199129
       3470.00      0.194051
       3480.00      0.195504
       3490.00      0.191000
       3500.00      0.203253
       3510.00      0.209055
       3520.00      0.196862
       3530.00      0.203112
       3540.00      0.217961
       3550.00      0.223328
       3560.00      0.219817
       3570.00      0.201490
       3580.00      0.184829
       3590.00      0.193998
       3600.00      0.212384
       3610.00      0.204686
       3620.00      0.202639
       3630.00      0.206065
       3640.00      0.204986
       3650.00      0.216378
       3660.00      0.228091
       3670.00      0.227596
       3680.00      0.220511
       3690.00      0.218585
       3700.00      0.227453
       3710.00      0.224325
       3720.00      0.219833
       3730.00      0.206233
       3740.00      0.208614
       3750.00      0.219505
       3760.00      0.232635
       3770.00      0.242972
       3780.00      0.264921
       3790.00      0.271301
       3800.00      0.251124
       3810.00      0.266387
       3820.00      0.260192
       3830.00      0.212727
       3840.00      0.208042
       3850.00      0.258104
       3860.00      0.284213
       3870.00      0.279258
       3880.00      0.267835
       3890.00      0.244534
       3900.00      0.255633
       3910.00      0.292035
       3920.00      0.292362
       3930.00      0.209214
       3940.00      0.192458
       3950.00      0.280218
       3960.00      0.266312
       3970.00      0.211455
       3980.00      0.266205
       3990.00      0.341205
       4000.00      0.351727
       4010.00      0.351490
       4020.00      0.357638
       4030.00      0.347950
       4040.00      0.346512
       4050.00      0.353145
       4060.00      0.351931
       4070.00      0.354276
       4080.00      0.362329
       4090.00      0.363154
       4100.00      0.331425
       4110.00      0.334649
       4120.00      0.376763
       4130.00      0.371557
       4140.00      0.378719
       4150.00      0.374040
       4160.00      0.376954
       4170.00      0.372525
       4180.00      0.367392
       4190.00      0.374756
       4200.00      0.372364
       4210.00      0.379516
       4220.00      0.367172
       4230.00      0.361615
       4240.00      0.375510
       4250.00      0.363646
       4260.00      0.367339
       4270.00      0.360523
       4280.00      0.350631
       4290.00      0.340405
       4300.00      0.302337
       4310.00      0.301148
       4320.00      0.336043
       4330.00      0.354665
       4340.00      0.333365
       4350.00      0.331848
       4360.00      0.378874
       4370.00      0.385535
       4380.00      0.365904
       4390.00      0.363104
       4400.00      0.374687
       4410.00      0.384525
       4420.00      0.400335
       4430.00      0.401222
       4440.00      0.399741
       4450.00      0.394596
       4460.00      0.392194
       4470.00      0.404940
       4480.00      0.412993
       4490.00      0.410255
       4500.00      0.422876
       4510.00      0.431509
       4520.00      0.417546
       4530.00      0.407405
       4540.00      0.409026
       4550.00      0.415972
       4560.00      0.420382
       4570.00      0.422933
       4580.00      0.418597
       4590.00      0.414838
       4600.00      0.417183
       4610.00      0.421946
       4620.00      0.424214
       4630.00      0.420627
       4640.00      0.418564
       4650.00      0.414955
       4660.00      0.419822
       4670.00      0.417074
       4680.00      0.423263
       4690.00      0.420221
       4700.00      0.416795
       4710.00      0.420071
       4720.00      0.428969
       4730.00      0.433882
       4740.00      0.435084
       4750.00      0.439276
       4760.00      0.431638
       4770.00      0.434695
       4780.00      0.442425
       4790.00      0.440576
       4800.00      0.448456
       4810.00      0.450483
       4820.00      0.453905
       4830.00      0.449101
       4840.00      0.447450
       4850.00      0.427717
       4860.00      0.380990
       4870.00      0.383657
       4880.00      0.426953
       4890.00      0.430612
       4900.00      0.437923
       4910.00      0.437982
       4920.00      0.422248
       4930.00      0.423522
       4940.00      0.427765
       4950.00      0.425676
       4960.00      0.425711
       4970.00      0.432131
       4980.00      0.424236
       4990.00      0.420393
       5000.00      0.425058
       5010.00      0.415175
       5020.00      0.412210
       5030.00      0.423637
       5040.00      0.418630
       5050.00      0.417154
       5060.00      0.423477
       5070.00      0.418730
       5080.00      0.411659
       5090.00      0.409979
       5100.00      0.416999
       5110.00      0.416137
       5120.00      0.421841
       5130.00      0.417607
       5140.00      0.423377
       5150.00      0.420380
       5160.00      0.423996
       5170.00      0.394023
       5180.00      0.383758
       5190.00      0.402530
       5200.00      0.406691
       5210.00      0.412762
       5220.00      0.420821
       5230.00      0.414217
       5240.00      0.416766
       5250.00      0.426461
       5260.00      0.413762
       5270.00      0.401865
       5280.00      0.410030
       5290.00      0.428837
       5300.00      0.427544
       5310.00      0.427969
       5320.00      0.424928
       5330.00      0.416820
       5340.00      0.414685
       5350.00      0.420801
       5360.00      0.428678
       5370.00      0.422275
       5380.00      0.426174
       5390.00      0.427980
       5400.00      0.415219
       5410.00      0.414236
       5420.00      0.423976
       5430.00      0.421132
       5440.00      0.423875
       5450.00      0.431531
       5460.00      0.426767
       5470.00      0.428247
       5480.00      0.428743
       5490.00      0.425412
       5500.00      0.427184
       5510.00      0.425562
       5520.00      0.429017
       5530.00      0.432883
       5540.00      0.435049
       5550.00      0.437629
       5560.00      0.434324
       5570.00      0.433544
       5580.00      0.434858
       5590.00      0.431576
       5600.00      0.426222
       5610.00      0.434196
       5620.00      0.436329
       5630.00      0.433068
       5640.00      0.437678
       5650.00      0.436903
       5660.00      0.432009
       5670.00      0.431247
       5680.00      0.433774
       5690.00      0.433012
       5700.00      0.432252
       5710.00      0.431086
       5720.00      0.428701
       5730.00      0.438947
       5740.00      0.431272
       5760.00      0.428560
       5780.00      0.429499
       5800.00      0.426811
       5820.00      0.432961
       5840.00      0.430679
       5860.00      0.430404
       5880.00      0.413068
       5900.00      0.403759
       5920.00      0.414612
       5940.00      0.421072
       5960.00      0.426706
       5980.00      0.426059
       6000.00      0.426583
       6020.00      0.427103
       6040.00      0.426462
       6060.00      0.428134
       6080.00      0.434401
       6100.00      0.437949
       6120.00      0.435374
       6140.00      0.427496
       6160.00      0.421184
       6180.00      0.420576
       6200.00      0.425241
       6220.00      0.426874
       6240.00      0.415784
       6260.00      0.415201
       6280.00      0.416851
       6300.00      0.417750
       6320.00      0.420489
       6340.00      0.423211
       6360.00      0.422614
       6380.00      0.426774
       6400.00      0.425076
       6420.00      0.422661
       6440.00      0.426783
       6460.00      0.423656
       6480.00      0.420188
       6500.00      0.419972
       6520.00      0.425483
       6540.00      0.423112
       6560.00      0.395858
       6580.00      0.397491
       6600.00      0.422093
       6620.00      0.429982
       6640.00      0.429038
       6660.00      0.427049
       6680.00      0.429612
       6700.00      0.423803
       6720.00      0.422889
       6740.00      0.422672
       6760.00      0.416590
       6780.00      0.418114
       6800.00      0.421002
       6820.00      0.419083
       6840.00      0.433548
       6860.00      0.428203
       6880.00      0.412376
       6900.00      0.397655
       6920.00      0.411341
       6940.00      0.407466
       6960.00      0.402943
       6980.00      0.406134
       7000.00      0.403307
       7020.00      0.397837
       7040.00      0.407643
       7060.00      0.408141
       7080.00      0.408965
       7100.00      0.411757
       7120.00      0.409945
       7140.00      0.407816
       7160.00      0.418408
       7180.00      0.396120
       7200.00      0.363911
       7220.00      0.397157
       7240.00      0.403150
       7260.00      0.380829
       7280.00      0.386833
       7300.00      0.391846
       7320.00      0.387269
       7340.00      0.395432
       7360.00      0.400381
       7380.00      0.391392
       7400.00      0.400739
       7420.00      0.398401
       7440.00      0.399212
       7460.00      0.400018
       7480.00      0.391774
       7500.00      0.390419
       7520.00      0.391862
       7540.00      0.393298
       7560.00      0.392258
       7580.00      0.444781
       7600.00      0.398789
       7620.00      0.363755
       7640.00      0.363109
       7660.00      0.368862
       7680.00      0.351192
       7700.00      0.383005
       7720.00      0.387755
       7740.00      0.383136
       7760.00      0.388763
       7780.00      0.395561
       7800.00      0.389162
       7820.00      0.392941
       7840.00      0.392534
       7860.00      0.393019
       7880.00      0.389653
       7900.00      0.383645
       7920.00      0.382087
       7940.00      0.380831
       7960.00      0.382512
       7980.00      0.387109
       8000.00      0.384391
       8020.00      0.375287
       8040.00      0.371161
       8060.00      0.383267
       8080.00      0.380297
       8100.00      0.375325
       8120.00      0.392790
       8140.00      0.389245
       8160.00      0.357125
       8180.00      0.360530
       8200.00      0.361074
       8220.00      0.358492
       8240.00      0.362719
       8260.00      0.386698
       8280.00      0.368293
       8300.00      0.360940
       8320.00      0.353903
       8340.00      0.360608
       8360.00      0.358908
       8380.00      0.363063
       8400.00      0.366642
       8420.00      0.360784
       8440.00      0.356611
       8460.00      0.360457
       8480.00      0.367311
       8500.00      0.365623
       8520.00      0.356001
       8540.00      0.344239
       8560.00      0.328444
       8580.00      0.361670
       8600.00      0.360558
       8620.00      0.358097
       8640.00      0.372931
       8660.00      0.359676
       8680.00      0.348633
       8700.00      0.363386
       8720.00      0.364693
       8740.00      0.354248
       8760.00      0.349178
       8780.00      0.353166
       8800.00      0.353954
       8820.00      0.348390
       8840.00      0.360270
       8860.00      0.343920
       8880.00      0.341832
       8900.00      0.353123
       8920.00      0.347361
       8940.00      0.348411
       8960.00      0.343206
       8980.00      0.332309
       9000.00      0.319127
       9020.00      0.342734
       9040.00      0.373722
       9060.00      0.365686
       9080.00      0.335330
       9100.00      0.320748
       9120.00      0.314160
       9140.00      0.310410
       9160.00      0.308968
       9180.00      0.315411
       9200.00      0.332224
       9220.00      0.339602
       9240.00      0.332806
       9260.00      0.326544
       9280.00      0.375370
       9300.00      0.353991
       9320.00      0.297906
       9340.00      0.245558
       9360.00      0.225890
       9380.00      0.292518
       9400.00      0.365366
       9420.00      0.362361
       9440.00      0.316858
       9460.00      0.308295
       9480.00      0.307645
       9500.00      0.339171
       9520.00      0.318606
       9540.00      0.325520
       9560.00      0.310928
       9580.00      0.299563
       9600.00      0.294078
       9620.00      0.304380
       9640.00      0.288743
       9660.00      0.290077
       9680.00      0.310207
       9700.00      0.324721
       9720.00      0.305330
       9740.00      0.296558
       9760.00      0.281846
       9780.00      0.277691
       9800.00      0.288076
       9820.00      0.289865
       9840.00      0.283823
       9860.00      0.284667
       9880.00      0.291883
       9900.00      0.284459
       9920.00      0.293999
       9940.00      0.294816
       9960.00      0.292350
       9980.00      0.290128
       10000.0      0.283015
       10020.0      0.288038
       10040.0      0.281422
       10060.0      0.272050
       10080.0      0.284472
       10100.0      0.281830
       10120.0      0.275048
       10140.0      0.276346
       10160.0      0.276950
       10180.0      0.275948
       10200.0      0.270374
       10220.0      0.273270
       10240.0      0.270002
       10260.0      0.269930
       10280.0      0.279391
       10300.0      0.276584
       10320.0      0.274465
       10340.0      0.274837
       10360.0      0.277234
       10380.0      0.275351
       10400.0      0.277962
       10420.0      0.284370
       10440.0      0.281367
       10460.0      0.286852
       10480.0      0.284746
       10500.0      0.284870
       10520.0      0.279893
       10540.0      0.272057
       10560.0      0.274193
       10580.0      0.267059
       10600.0      0.272498
       10620.0      0.274181
