       3160.00     0.0323283
       3170.00     0.0392609
       3180.00     0.0391714
       3190.00     0.0353757
       3200.00     0.0427737
       3210.00     0.0422199
       3220.00     0.0404120
       3230.00     0.0364086
       3240.00     0.0365962
       3250.00     0.0397233
       3260.00     0.0441893
       3270.00     0.0454742
       3280.00     0.0422901
       3290.00     0.0474462
       3300.00     0.0448972
       3310.00     0.0457240
       3320.00     0.0451634
       3330.00     0.0450764
       3340.00     0.0439715
       3350.00     0.0456777
       3360.00     0.0418939
       3370.00     0.0418497
       3380.00     0.0440422
       3390.00     0.0451387
       3400.00     0.0459111
       3410.00     0.0456182
       3420.00     0.0462742
       3430.00     0.0473199
       3440.00     0.0430700
       3450.00     0.0440563
       3460.00     0.0457704
       3470.00     0.0434289
       3480.00     0.0442506
       3490.00     0.0430254
       3500.00     0.0464969
       3510.00     0.0495949
       3520.00     0.0474292
       3530.00     0.0485032
       3540.00     0.0514625
       3550.00     0.0534469
       3560.00     0.0500207
       3570.00     0.0467649
       3580.00     0.0427129
       3590.00     0.0462487
       3600.00     0.0507698
       3610.00     0.0487445
       3620.00     0.0471780
       3630.00     0.0489520
       3640.00     0.0482835
       3650.00     0.0513761
       3660.00     0.0528585
       3670.00     0.0525232
       3680.00     0.0502089
       3690.00     0.0523556
       3700.00     0.0529729
       3710.00     0.0543874
       3720.00     0.0528623
       3730.00     0.0498399
       3740.00     0.0494323
       3750.00     0.0527849
       3760.00     0.0566941
       3770.00     0.0608834
       3780.00     0.0634649
       3790.00     0.0613314
       3800.00     0.0592234
       3810.00     0.0635887
       3820.00     0.0602702
       3830.00     0.0482143
       3840.00     0.0500011
       3850.00     0.0630963
       3860.00     0.0671293
       3870.00     0.0674163
       3880.00     0.0628172
       3890.00     0.0565762
       3900.00     0.0621766
       3910.00     0.0709108
       3920.00     0.0681955
       3930.00     0.0495292
       3940.00     0.0479646
       3950.00     0.0699194
       3960.00     0.0642343
       3970.00     0.0509479
       3980.00     0.0708982
       3990.00     0.0880014
       4000.00     0.0911156
       4010.00     0.0939314
       4020.00     0.0948126
       4030.00     0.0940682
       4040.00     0.0903471
       4050.00     0.0911372
       4060.00     0.0895962
       4070.00     0.0897342
       4080.00     0.0887335
       4090.00     0.0847277
       4100.00     0.0793191
       4110.00     0.0833695
       4120.00     0.0948310
       4130.00     0.0965363
       4140.00     0.0970726
       4150.00     0.0979446
       4160.00     0.0952171
       4170.00     0.0934220
       4180.00     0.0912997
       4190.00     0.0940843
       4200.00     0.0939760
       4210.00     0.0961511
       4220.00     0.0947717
       4230.00     0.0916118
       4240.00     0.0948086
       4250.00     0.0973805
       4260.00     0.0979251
       4270.00     0.0952426
       4280.00     0.0947678
       4290.00     0.0902928
       4300.00     0.0847712
       4310.00     0.0899364
       4320.00     0.0949027
       4330.00     0.0914164
       4340.00     0.0855451
       4350.00     0.0908099
       4360.00     0.0992581
       4370.00      0.102318
       4380.00     0.0964996
       4390.00     0.0920119
       4400.00     0.0940239
       4410.00     0.0965288
       4420.00     0.0979718
       4430.00     0.0997251
       4440.00     0.0977007
       4450.00     0.0974084
       4460.00     0.0956524
       4470.00     0.0997991
       4480.00     0.0999740
       4490.00      0.100545
       4500.00      0.101917
       4510.00      0.105127
       4520.00      0.101168
       4530.00     0.0966536
       4540.00      0.101471
       4550.00      0.100157
       4560.00      0.101441
       4570.00      0.103239
       4580.00      0.103191
       4590.00      0.100425
       4600.00      0.102824
       4610.00      0.103784
       4620.00      0.105090
       4630.00      0.104444
       4640.00      0.104393
       4650.00      0.104807
       4660.00      0.102566
       4670.00      0.101745
       4680.00      0.105116
       4690.00      0.105352
       4700.00      0.103692
       4710.00      0.102589
       4720.00      0.104980
       4730.00      0.105580
       4740.00      0.105973
       4750.00      0.105738
       4760.00      0.103849
       4770.00      0.105566
       4780.00      0.107345
       4790.00      0.108304
       4800.00      0.109384
       4810.00      0.108067
       4820.00      0.107395
       4830.00      0.105719
       4840.00      0.103236
       4850.00     0.0983255
       4860.00     0.0865466
       4870.00     0.0889965
       4880.00     0.0999671
       4890.00      0.104378
       4900.00      0.105146
       4910.00      0.102974
       4920.00      0.100197
       4930.00      0.100289
       4940.00      0.103901
       4950.00      0.105524
       4960.00      0.103591
       4970.00      0.106153
       4980.00      0.101787
       4990.00      0.102319
       5000.00      0.101477
       5010.00     0.0986772
       5020.00     0.0997176
       5030.00      0.102332
       5040.00     0.0999218
       5050.00     0.0992535
       5060.00      0.100829
       5070.00      0.100832
       5080.00      0.100804
       5090.00      0.100935
       5100.00      0.100123
       5110.00      0.100624
       5120.00      0.101893
       5130.00     0.0984635
       5140.00     0.0973580
       5150.00     0.0976827
       5160.00     0.0979434
       5170.00     0.0939106
       5180.00     0.0929163
       5190.00     0.0941937
       5200.00     0.0961724
       5210.00     0.0979050
       5220.00     0.0985140
       5230.00     0.0970970
       5240.00      0.100456
       5250.00      0.100646
       5260.00     0.0978161
       5270.00     0.0942699
       5280.00     0.0972615
       5290.00      0.100987
       5300.00      0.100246
       5310.00      0.100993
       5320.00     0.0998694
       5330.00     0.0966227
       5340.00     0.0989089
       5350.00     0.0989057
       5360.00     0.0988219
       5370.00     0.0990903
       5380.00      0.100361
       5390.00     0.0993738
       5400.00     0.0978599
       5410.00     0.0965812
       5420.00     0.0991525
       5430.00     0.0977965
       5440.00      0.102133
       5450.00      0.102837
       5460.00     0.0983964
       5470.00      0.100684
       5480.00     0.0986285
       5490.00     0.0991373
       5500.00      0.103277
       5510.00     0.0974937
       5520.00      0.101729
       5530.00      0.100275
       5540.00      0.101264
       5550.00      0.102249
       5560.00      0.101774
       5570.00      0.101785
       5580.00      0.100925
       5590.00      0.100745
       5600.00     0.0997933
       5610.00      0.102695
       5620.00     0.0999185
       5630.00      0.101275
       5640.00     0.0987026
       5650.00      0.101777
       5660.00     0.0973044
       5670.00     0.0999897
       5680.00     0.0979124
       5690.00     0.0991637
       5700.00     0.0980425
       5710.00      0.100802
       5720.00     0.0969445
       5730.00      0.103183
       5740.00     0.0930510
       5760.00     0.0923248
       5780.00     0.0910432
       5800.00     0.0933731
       5820.00     0.0962066
       5840.00     0.0954148
       5860.00     0.0946284
       5880.00     0.0971532
       5900.00     0.0956342
       5920.00     0.0933958
       5940.00     0.0896635
       5960.00     0.0979328
       5980.00     0.0970636
       6000.00     0.0973699
       6020.00     0.0965083
       6040.00     0.0951160
       6060.00     0.0971187
       6080.00     0.0959111
       6100.00     0.0963048
       6120.00     0.0947549
       6140.00     0.0932151
       6160.00     0.0903705
       6180.00     0.0915633
       6200.00     0.0935323
       6220.00     0.0927107
       6240.00     0.0944902
       6260.00     0.0937571
       6280.00     0.0938884
       6300.00     0.0913620
       6320.00     0.0931233
       6340.00     0.0938515
       6360.00     0.0946600
       6380.00     0.0947864
       6400.00     0.0928029
       6420.00     0.0926820
       6440.00     0.0921426
       6460.00     0.0918574
       6480.00     0.0913239
       6500.00     0.0902953
       6520.00     0.0904324
       6540.00     0.0905686
       6560.00     0.0832963
       6580.00     0.0846022
       6600.00     0.0929359
       6620.00     0.0920841
       6640.00     0.0927826
       6660.00     0.0887746
       6680.00     0.0919845
       6700.00     0.0893729
       6720.00     0.0896693
       6740.00     0.0897237
       6760.00     0.0882601
       6780.00     0.0898314
       6800.00     0.0882173
       6820.00     0.0870086
       6840.00     0.0888856
       6860.00     0.0858716
       6880.00     0.0819334
       6900.00     0.0841217
       6920.00     0.0862194
       6940.00     0.0855041
       6960.00     0.0867324
       6980.00     0.0848594
       7000.00     0.0843084
       7020.00     0.0827607
       7040.00     0.0864371
       7060.00     0.0857334
       7080.00     0.0860250
       7100.00     0.0860108
       7120.00     0.0857692
       7140.00     0.0848484
       7160.00     0.0874016
       7180.00     0.0888125
       7200.00     0.0838413
       7220.00     0.0841326
       7240.00     0.0835273
       7260.00     0.0829997
       7280.00     0.0842550
       7300.00     0.0825449
       7320.00     0.0835733
       7340.00     0.0812859
       7360.00     0.0828257
       7380.00     0.0801868
       7400.00     0.0822320
       7420.00     0.0809189
       7440.00     0.0828060
       7460.00     0.0828011
       7480.00     0.0810638
       7500.00     0.0812796
       7520.00     0.0784786
       7540.00     0.0801323
       7560.00     0.0782062
       7580.00     0.0803505
       7600.00     0.0698375
       7620.00     0.0706179
       7640.00     0.0751964
       7660.00     0.0773967
       7680.00     0.0745939
       7700.00     0.0780465
       7720.00     0.0788934
       7740.00     0.0781315
       7760.00     0.0789738
       7780.00     0.0761335
       7800.00     0.0791918
       7820.00     0.0771250
       7840.00     0.0768594
       7860.00     0.0770073
       7880.00     0.0769489
       7900.00     0.0766174
       7920.00     0.0750604
       7940.00     0.0748034
       7960.00     0.0743441
       7980.00     0.0742254
       8000.00     0.0751197
       8020.00     0.0743265
       8040.00     0.0756862
       8060.00     0.0740916
       8080.00     0.0745764
       8100.00     0.0730591
       8120.00     0.0770019
       8140.00     0.0776087
       8160.00     0.0759627
       8180.00     0.0731367
       8200.00     0.0759873
       8220.00     0.0736347
       8240.00     0.0784361
       8260.00     0.0756314
       8280.00     0.0811873
       8300.00     0.0739658
       8320.00     0.0765137
       8340.00     0.0740643
       8360.00     0.0684618
       8380.00     0.0748705
       8400.00     0.0710927
       8420.00     0.0723987
       8440.00     0.0756817
       8460.00     0.0703970
       8480.00     0.0753248
       8500.00     0.0691129
       8520.00     0.0703448
       8540.00     0.0696111
       8560.00     0.0624973
       8580.00     0.0705452
       8600.00     0.0722646
       8620.00     0.0685266
       8640.00     0.0731174
       8660.00     0.0642820
       8680.00     0.0719096
       8700.00     0.0688894
       8720.00     0.0683599
       8740.00     0.0688213
       8760.00     0.0652741
       8780.00     0.0653714
       8800.00     0.0670022
       8820.00     0.0691153
       8840.00     0.0682260
       8860.00     0.0658171
       8880.00     0.0670066
       8900.00     0.0677660
       8920.00     0.0719724
       8940.00     0.0704222
       8960.00     0.0691201
       8980.00     0.0643965
       9000.00     0.0637134
       9020.00     0.0646496
       9040.00     0.0692849
       9060.00     0.0683572
       9080.00     0.0629737
       9100.00     0.0681160
       9120.00     0.0629343
       9140.00     0.0685859
       9160.00     0.0665499
       9180.00     0.0655226
       9200.00     0.0667301
       9220.00     0.0624274
       9240.00     0.0622338
       9260.00     0.0631490
       9280.00     0.0670276
       9300.00     0.0716442
       9320.00     0.0716063
       9340.00     0.0868882
       9360.00     0.0685891
       9380.00     0.0732781
       9400.00     0.0724904
       9420.00     0.0666619
       9440.00     0.0618877
       9460.00     0.0712315
       9480.00     0.0665817
       9500.00     0.0679761
       9520.00     0.0617646
       9540.00     0.0635029
       9560.00     0.0644431
       9580.00     0.0641959
       9600.00     0.0641184
       9620.00     0.0637606
       9640.00     0.0603796
       9660.00     0.0645026
       9680.00     0.0620824
       9700.00     0.0615091
       9720.00     0.0614381
       9740.00     0.0593163
       9760.00     0.0595820
       9780.00     0.0605091
       9800.00     0.0619834
       9820.00     0.0558089
       9840.00     0.0614022
       9860.00     0.0628657
       9880.00     0.0562897
       9900.00     0.0590121
       9920.00     0.0598728
       9940.00     0.0596437
       9960.00     0.0588734
       9980.00     0.0619475
       10000.0     0.0605817
       10020.0     0.0603530
       10040.0     0.0560380
       10060.0     0.0550142
       10080.0     0.0607437
       10100.0     0.0605700
       10120.0     0.0571957
       10140.0     0.0555386
       10160.0     0.0649421
       10180.0     0.0559569
       10200.0     0.0610878
       10220.0     0.0607041
       10240.0     0.0535726
       10260.0     0.0525419
       10280.0     0.0584589
       10300.0     0.0557768
       10320.0     0.0584416
       10340.0     0.0550388
       10360.0     0.0576427
       10380.0     0.0593002
       10400.0     0.0584074
       10420.0     0.0536835
       10440.0     0.0579768
       10460.0     0.0576594
       10480.0     0.0572403
       10500.0     0.0528631
       10520.0     0.0498422
       10540.0     0.0560435
       10560.0     0.0544546
       10580.0     0.0596082
       10600.0     0.0390899
       10620.0     0.0501711
