       3160.00      0.109954
       3170.00      0.112353
       3180.00      0.123941
       3190.00      0.114331
       3200.00      0.121384
       3210.00      0.116938
       3220.00      0.104922
       3230.00      0.101484
       3240.00      0.116226
       3250.00      0.112959
       3260.00      0.121176
       3270.00      0.119153
       3280.00      0.121398
       3290.00      0.128647
       3300.00      0.130895
       3310.00      0.124696
       3320.00      0.122648
       3330.00      0.124713
       3340.00      0.121464
       3350.00      0.121594
       3360.00      0.121724
       3370.00      0.120961
       3380.00      0.126199
       3390.00      0.126712
       3400.00      0.127001
       3410.00      0.128521
       3420.00      0.129067
       3430.00      0.128385
       3440.00      0.125481
       3450.00      0.126422
       3460.00      0.130004
       3470.00      0.125607
       3480.00      0.127489
       3490.00      0.124027
       3500.00      0.125860
       3510.00      0.129863
       3520.00      0.130688
       3530.00      0.134527
       3540.00      0.143390
       3550.00      0.142563
       3560.00      0.140307
       3570.00      0.134659
       3580.00      0.129671
       3590.00      0.134452
       3600.00      0.143084
       3610.00      0.135911
       3620.00      0.130146
       3630.00      0.134542
       3640.00      0.134544
       3650.00      0.139068
       3660.00      0.141272
       3670.00      0.146367
       3680.00      0.138709
       3690.00      0.144231
       3700.00      0.144815
       3710.00      0.148753
       3720.00      0.151985
       3730.00      0.148680
       3740.00      0.153500
       3750.00      0.162736
       3760.00      0.168331
       3770.00      0.178872
       3780.00      0.188325
       3790.00      0.188581
       3800.00      0.176630
       3810.00      0.206066
       3820.00      0.213306
       3830.00      0.168076
       3840.00      0.166074
       3850.00      0.218388
       3860.00      0.249240
       3870.00      0.243477
       3880.00      0.206758
       3890.00      0.179527
       3900.00      0.201734
       3910.00      0.242176
       3920.00      0.243358
       3930.00      0.192594
       3940.00      0.186468
       3950.00      0.244625
       3960.00      0.216112
       3970.00      0.171864
       3980.00      0.226377
       3990.00      0.285243
       4000.00      0.306781
       4010.00      0.310956
       4020.00      0.323101
       4030.00      0.318091
       4040.00      0.311285
       4050.00      0.308700
       4060.00      0.307903
       4070.00      0.298481
       4080.00      0.290355
       4090.00      0.255114
       4100.00      0.226158
       4110.00      0.243757
       4120.00      0.294567
       4130.00      0.306209
       4140.00      0.315331
       4150.00      0.314860
       4160.00      0.311722
       4170.00      0.301509
       4180.00      0.295796
       4190.00      0.306195
       4200.00      0.311541
       4210.00      0.313403
       4220.00      0.310349
       4230.00      0.306989
       4240.00      0.313168
       4250.00      0.325851
       4260.00      0.325755
       4270.00      0.321724
       4280.00      0.315887
       4290.00      0.304375
       4300.00      0.298117
       4310.00      0.299515
       4320.00      0.297085
       4330.00      0.270679
       4340.00      0.234677
       4350.00      0.266053
       4360.00      0.307991
       4370.00      0.329817
       4380.00      0.317721
       4390.00      0.312211
       4400.00      0.313582
       4410.00      0.311068
       4420.00      0.317393
       4430.00      0.319658
       4440.00      0.311501
       4450.00      0.304595
       4460.00      0.297014
       4470.00      0.304139
       4480.00      0.305772
       4490.00      0.308099
       4500.00      0.318354
       4510.00      0.320743
       4520.00      0.310072
       4530.00      0.306240
       4540.00      0.308442
       4550.00      0.301958
       4560.00      0.307681
       4570.00      0.312591
       4580.00      0.311253
       4590.00      0.307927
       4600.00      0.314892
       4610.00      0.315739
       4620.00      0.318987
       4630.00      0.315964
       4640.00      0.313018
       4650.00      0.314960
       4660.00      0.312287
       4670.00      0.311008
       4680.00      0.318136
       4690.00      0.321298
       4700.00      0.313429
       4710.00      0.308621
       4720.00      0.315535
       4730.00      0.315344
       4740.00      0.316959
       4750.00      0.314996
       4760.00      0.309636
       4770.00      0.311819
       4780.00      0.311575
       4790.00      0.317097
       4800.00      0.316749
       4810.00      0.312970
       4820.00      0.310017
       4830.00      0.297007
       4840.00      0.288982
       4850.00      0.260195
       4860.00      0.221272
       4870.00      0.231728
       4880.00      0.282738
       4890.00      0.299103
       4900.00      0.304588
       4910.00      0.301461
       4920.00      0.294381
       4930.00      0.292535
       4940.00      0.297685
       4950.00      0.302845
       4960.00      0.303808
       4970.00      0.306821
       4980.00      0.300870
       4990.00      0.293981
       5000.00      0.296755
       5010.00      0.286456
       5020.00      0.283643
       5030.00      0.291912
       5040.00      0.294697
       5050.00      0.287575
       5060.00      0.290922
       5070.00      0.291651
       5080.00      0.288772
       5090.00      0.291950
       5100.00      0.284197
       5110.00      0.291072
       5120.00      0.288627
       5130.00      0.282301
       5140.00      0.278510
       5150.00      0.282399
       5160.00      0.278245
       5170.00      0.274369
       5180.00      0.272796
       5190.00      0.274323
       5200.00      0.275037
       5210.00      0.275806
       5220.00      0.279044
       5230.00      0.274292
       5240.00      0.279869
       5250.00      0.280737
       5260.00      0.270901
       5270.00      0.258539
       5280.00      0.270756
       5290.00      0.283324
       5300.00      0.283752
       5310.00      0.277423
       5320.00      0.273940
       5330.00      0.272525
       5340.00      0.273223
       5350.00      0.276219
       5360.00      0.276067
       5370.00      0.273737
       5380.00      0.277413
       5390.00      0.280406
       5400.00      0.272549
       5410.00      0.268606
       5420.00      0.274507
       5430.00      0.276406
       5440.00      0.277553
       5450.00      0.283378
       5460.00      0.277086
       5470.00      0.277677
       5480.00      0.270460
       5490.00      0.275299
       5500.00      0.278619
       5510.00      0.276479
       5520.00      0.277065
       5530.00      0.270702
       5540.00      0.275252
       5550.00      0.279624
       5560.00      0.275882
       5570.00      0.274578
       5580.00      0.273010
       5590.00      0.274133
       5600.00      0.264933
       5610.00      0.275831
       5620.00      0.278545
       5630.00      0.280983
       5640.00      0.273565
       5650.00      0.271222
       5660.00      0.274455
       5670.00      0.268677
       5680.00      0.271375
       5690.00      0.271425
       5700.00      0.266999
       5710.00      0.274943
       5720.00      0.265016
       5730.00      0.277650
       5740.00      0.269584
       5760.00      0.268908
       5780.00      0.265381
       5800.00      0.262137
       5820.00      0.267941
       5840.00      0.267281
       5860.00      0.266112
       5880.00      0.263931
       5900.00      0.260747
       5920.00      0.265697
       5940.00      0.269351
       5960.00      0.265425
       5980.00      0.256757
       6000.00      0.255651
       6020.00      0.260037
       6040.00      0.256442
       6060.00      0.253367
       6080.00      0.254508
       6100.00      0.257857
       6120.00      0.253336
       6140.00      0.247133
       6160.00      0.245599
       6180.00      0.246747
       6200.00      0.250551
       6220.00      0.252641
       6240.00      0.248704
       6260.00      0.248629
       6280.00      0.249271
       6300.00      0.249194
       6320.00      0.248881
       6340.00      0.243598
       6360.00      0.240708
       6380.00      0.240189
       6400.00      0.243659
       6420.00      0.238458
       6440.00      0.237951
       6460.00      0.237679
       6480.00      0.238103
       6500.00      0.233676
       6520.00      0.238484
       6540.00      0.224513
       6560.00      0.206257
       6580.00      0.210968
       6600.00      0.232410
       6620.00      0.237149
       6640.00      0.236208
       6660.00      0.235950
       6680.00      0.234345
       6700.00      0.229389
       6720.00      0.226919
       6740.00      0.224687
       6760.00      0.225799
       6780.00      0.223804
       6800.00      0.222263
       6820.00      0.222052
       6840.00      0.232374
       6860.00      0.221194
       6880.00      0.209120
       6900.00      0.217954
       6920.00      0.220795
       6940.00      0.216698
       6960.00      0.220388
       6980.00      0.215241
       7000.00      0.219129
       7020.00      0.215512
       7040.00      0.218310
       7060.00      0.214928
       7080.00      0.213261
       7100.00      0.213083
       7120.00      0.212485
       7140.00      0.212730
       7160.00      0.218006
       7180.00      0.218862
       7200.00      0.210541
       7220.00      0.207255
       7240.00      0.208963
       7260.00      0.208387
       7280.00      0.207815
       7300.00      0.206423
       7320.00      0.208114
       7340.00      0.204480
       7360.00      0.205964
       7380.00      0.206626
       7400.00      0.206473
       7420.00      0.201608
       7440.00      0.202740
       7460.00      0.201131
       7480.00      0.197723
       7500.00      0.199397
       7520.00      0.191762
       7540.00      0.193144
       7560.00      0.189000
       7580.00      0.194818
       7600.00      0.169679
       7620.00      0.174788
       7640.00      0.187041
       7660.00      0.184280
       7680.00      0.184366
       7700.00      0.194667
       7720.00      0.194609
       7740.00      0.193118
       7760.00      0.191324
       7780.00      0.187340
       7800.00      0.189265
       7820.00      0.190777
       7840.00      0.189123
       7860.00      0.186026
       7880.00      0.186163
       7900.00      0.187174
       7920.00      0.181603
       7940.00      0.178386
       7960.00      0.181671
       7980.00      0.185354
       8000.00      0.179299
       8020.00      0.182015
       8040.00      0.181525
       8060.00      0.180534
       8080.00      0.178676
       8100.00      0.178031
       8120.00      0.185023
       8140.00      0.183056
       8160.00      0.181762
       8180.00      0.176547
       8200.00      0.169874
       8220.00      0.181786
       8240.00      0.178922
       8260.00      0.182977
       8280.00      0.168070
       8300.00      0.186978
       8320.00      0.173395
       8340.00      0.164359
       8360.00      0.174936
       8380.00      0.171706
       8400.00      0.172977
       8420.00      0.173796
       8440.00      0.168814
       8460.00      0.180958
       8480.00      0.169504
       8500.00      0.169918
       8520.00      0.170911
       8540.00      0.160317
       8560.00      0.162327
       8580.00      0.157470
       8600.00      0.167209
       8620.00      0.162921
       8640.00      0.174929
       8660.00      0.165565
       8680.00      0.161380
       8700.00      0.156834
       8720.00      0.168247
       8740.00      0.173100
       8760.00      0.154406
       8780.00      0.158772
       8800.00      0.168065
       8820.00      0.166714
       8840.00      0.151532
       8860.00      0.155441
       8880.00      0.152421
       8900.00      0.163546
       8920.00      0.170111
       8940.00      0.155410
       8960.00      0.166605
       8980.00      0.159214
       9000.00      0.157976
       9020.00      0.142468
       9040.00      0.151350
       9060.00      0.164650
       9080.00      0.138914
       9100.00      0.162376
       9120.00      0.155964
       9140.00      0.153291
       9160.00      0.155774
       9180.00      0.159391
       9200.00      0.155717
       9220.00      0.140793
       9240.00      0.136866
       9260.00      0.143086
       9280.00      0.156153
       9300.00      0.159207
       9320.00      0.172634
       9340.00      0.162301
       9360.00      0.154867
       9380.00      0.163209
       9400.00      0.165576
       9420.00      0.151745
       9440.00      0.150804
       9460.00      0.165637
       9480.00      0.164654
       9500.00      0.136138
       9520.00      0.159548
       9540.00      0.154006
       9560.00      0.145300
       9580.00      0.142803
       9600.00      0.149494
       9620.00      0.150962
       9640.00      0.152128
       9660.00      0.151533
       9680.00      0.136568
       9700.00      0.151094
       9720.00      0.146691
       9740.00      0.150520
       9760.00      0.141569
       9780.00      0.155767
       9800.00      0.146015
       9820.00      0.146160
       9840.00      0.140708
       9860.00      0.143041
       9880.00      0.143313
       9900.00      0.142493
       9920.00      0.146170
       9940.00      0.141844
       9960.00      0.145146
       9980.00      0.139230
       10000.0      0.151739
       10020.0      0.134525
       10040.0      0.126409
       10060.0      0.118534
       10080.0      0.134812
       10100.0      0.136863
       10120.0      0.138609
       10140.0      0.127353
       10160.0      0.133144
       10180.0      0.135773
       10200.0      0.138964
       10220.0      0.132084
       10240.0      0.126535
       10260.0      0.134275
       10280.0      0.128013
       10300.0      0.126817
       10320.0      0.134498
       10340.0      0.132307
       10360.0      0.125561
       10380.0      0.137248
       10400.0      0.130765
       10420.0      0.119639
       10440.0      0.130781
       10460.0      0.131550
       10480.0      0.124181
       10500.0      0.126918
       10520.0      0.116247
       10540.0      0.129056
       10560.0      0.120440
       10580.0      0.129221
       10600.0      0.112453
       10620.0      0.127716
