       3160.00      0.363092
       3170.00      0.367785
       3180.00      0.387104
       3190.00      0.397493
       3200.00      0.406960
       3210.00      0.435799
       3220.00      0.414650
       3230.00      0.402968
       3240.00      0.427533
       3250.00      0.473669
       3260.00      0.512373
       3270.00      0.519819
       3280.00      0.501935
       3290.00      0.558325
       3300.00      0.554141
       3310.00      0.538386
       3320.00      0.538209
       3330.00      0.530213
       3340.00      0.535397
       3350.00      0.538914
       3360.00      0.539962
       3370.00      0.542834
       3380.00      0.551367
       3390.00      0.585325
       3400.00      0.582193
       3410.00      0.581691
       3420.00      0.606445
       3430.00      0.601679
       3440.00      0.573430
       3450.00      0.595410
       3460.00      0.616272
       3470.00      0.612323
       3480.00      0.614306
       3490.00      0.610582
       3500.00      0.649178
       3510.00      0.640299
       3520.00      0.616866
       3530.00      0.645797
       3540.00      0.686956
       3550.00      0.695447
       3560.00      0.647863
       3570.00      0.627810
       3580.00      0.596381
       3590.00      0.640922
       3600.00      0.676649
       3610.00      0.643447
       3620.00      0.661550
       3630.00      0.689183
       3640.00      0.662999
       3650.00      0.703622
       3660.00      0.747018
       3670.00      0.730976
       3680.00      0.714276
       3690.00      0.749304
       3700.00      0.743018
       3710.00      0.732886
       3720.00      0.768687
       3730.00      0.704701
       3740.00      0.676244
       3750.00      0.736036
       3760.00      0.766525
       3770.00      0.804489
       3780.00      0.873984
       3790.00      0.809648
       3800.00      0.836377
       3810.00      0.878076
       3820.00      0.764534
       3830.00      0.642636
       3840.00      0.738240
       3850.00      0.873938
       3860.00      0.887477
       3870.00      0.870661
       3880.00      0.758364
       3890.00      0.748838
       3900.00      0.806495
       3910.00      0.855970
       3920.00      0.766187
       3930.00      0.567335
       3940.00      0.657921
       3950.00      0.866215
       3960.00      0.679349
       3970.00      0.647770
       3980.00      0.960603
       3990.00       1.04357
       4000.00       1.08226
       4010.00       1.10144
       4020.00       1.14064
       4030.00       1.16077
       4040.00       1.16994
       4050.00       1.15453
       4060.00       1.15101
       4070.00       1.12545
       4080.00       1.12051
       4090.00       1.06615
       4100.00       1.00788
       4110.00       1.08464
       4120.00       1.11878
       4130.00       1.12885
       4140.00       1.13059
       4150.00       1.12242
       4160.00       1.11939
       4170.00       1.09566
       4180.00       1.07697
       4190.00       1.10221
       4200.00       1.10710
       4210.00       1.13361
       4220.00       1.09519
       4230.00       1.06230
       4240.00       1.09827
       4250.00       1.09649
       4260.00       1.08748
       4270.00       1.07659
       4280.00       1.04428
       4290.00      0.976345
       4300.00      0.840659
       4310.00      0.944303
       4320.00       1.09713
       4330.00      0.956087
       4340.00      0.948515
       4350.00       1.07380
       4360.00       1.13469
       4370.00       1.15264
       4380.00       1.07333
       4390.00       1.08432
       4400.00       1.13201
       4410.00       1.12463
       4420.00       1.16194
       4430.00       1.14369
       4440.00       1.13308
       4450.00       1.12237
       4460.00       1.14199
       4470.00       1.16918
       4480.00       1.16443
       4490.00       1.16687
       4500.00       1.17616
       4510.00       1.18373
       4520.00       1.14715
       4530.00       1.13236
       4540.00       1.13726
       4550.00       1.15389
       4560.00       1.16790
       4570.00       1.17509
       4580.00       1.15995
       4590.00       1.16654
       4600.00       1.17964
       4610.00       1.19597
       4620.00       1.20080
       4630.00       1.20664
       4640.00       1.19991
       4650.00       1.20234
       4660.00       1.18931
       4670.00       1.20482
       4680.00       1.22260
       4690.00       1.21093
       4700.00       1.19655
       4710.00       1.22151
       4720.00       1.22473
       4730.00       1.22489
       4740.00       1.24328
       4750.00       1.23503
       4760.00       1.22178
       4770.00       1.24393
       4780.00       1.26456
       4790.00       1.26350
       4800.00       1.27700
       4810.00       1.27206
       4820.00       1.28876
       4830.00       1.27389
       4840.00       1.26050
       4850.00       1.17438
       4860.00       1.10356
       4870.00       1.15970
       4880.00       1.21210
       4890.00       1.19701
       4900.00       1.21751
       4910.00       1.19604
       4920.00       1.21005
       4930.00       1.22025
       4940.00       1.23651
       4950.00       1.23013
       4960.00       1.22212
       4970.00       1.22739
       4980.00       1.21295
       4990.00       1.20200
       5000.00       1.20919
       5010.00       1.18941
       5020.00       1.19755
       5030.00       1.21561
       5040.00       1.20857
       5050.00       1.22654
       5060.00       1.22398
       5070.00       1.20372
       5080.00       1.20176
       5090.00       1.21448
       5100.00       1.20255
       5110.00       1.22998
       5120.00       1.24806
       5130.00       1.23146
       5140.00       1.22880
       5150.00       1.25103
       5160.00       1.20371
       5170.00       1.16281
       5180.00       1.16122
       5190.00       1.18276
       5200.00       1.20368
       5210.00       1.21742
       5220.00       1.22100
       5230.00       1.21565
       5240.00       1.22850
       5250.00       1.24143
       5260.00       1.20207
       5270.00       1.18938
       5280.00       1.23776
       5290.00       1.24280
       5300.00       1.24731
       5310.00       1.24122
       5320.00       1.22059
       5330.00       1.22589
       5340.00       1.23194
       5350.00       1.24718
       5360.00       1.24128
       5370.00       1.23450
       5380.00       1.24227
       5390.00       1.23348
       5400.00       1.22853
       5410.00       1.23361
       5420.00       1.23753
       5430.00       1.24534
       5440.00       1.24759
       5450.00       1.26014
       5460.00       1.24629
       5470.00       1.24213
       5480.00       1.24737
       5490.00       1.24347
       5500.00       1.25118
       5510.00       1.25886
       5520.00       1.24416
       5530.00       1.25183
       5540.00       1.26070
       5550.00       1.26831
       5560.00       1.26480
       5570.00       1.26007
       5580.00       1.25658
       5590.00       1.25924
       5600.00       1.25943
       5610.00       1.27063
       5620.00       1.28544
       5630.00       1.27707
       5640.00       1.28818
       5650.00       1.29317
       5660.00       1.28362
       5670.00       1.27894
       5680.00       1.28996
       5690.00       1.27927
       5700.00       1.28784
       5710.00       1.27719
       5720.00       1.28694
       5730.00       1.30742
       5740.00       1.30275
       5760.00       1.28990
       5780.00       1.28306
       5800.00       1.27037
       5820.00       1.28131
       5840.00       1.26988
       5860.00       1.26087
       5880.00       1.24259
       5900.00       1.24651
       5920.00       1.25040
       5940.00       1.25773
       5960.00       1.26156
       5980.00       1.27110
       6000.00       1.27143
       6020.00       1.26265
       6040.00       1.28117
       6060.00       1.28599
       6080.00       1.25245
       6100.00       1.22924
       6120.00       1.22074
       6140.00       1.24021
       6160.00       1.21504
       6180.00       1.24327
       6200.00       1.23926
       6220.00       1.22205
       6240.00       1.23241
       6260.00       1.24052
       6280.00       1.23984
       6300.00       1.23373
       6320.00       1.25803
       6340.00       1.25946
       6360.00       1.26520
       6380.00       1.26553
       6400.00       1.27871
       6420.00       1.27153
       6440.00       1.26332
       6460.00       1.27638
       6480.00       1.26293
       6500.00       1.26009
       6520.00       1.26254
       6540.00       1.23667
       6560.00       1.17439
       6580.00       1.20207
       6600.00       1.26800
       6620.00       1.27970
       6640.00       1.25211
       6660.00       1.25246
       6680.00       1.24050
       6700.00       1.22043
       6720.00       1.22190
       6740.00       1.21014
       6760.00       1.18831
       6780.00       1.18885
       6800.00       1.19341
       6820.00       1.18991
       6840.00       1.21850
       6860.00       1.16299
       6880.00       1.12076
       6900.00       1.14930
       6920.00       1.16480
       6940.00       1.15453
       6960.00       1.14825
       6980.00       1.15576
       7000.00       1.13386
       7020.00       1.14527
       7040.00       1.15954
       7060.00       1.17082
       7080.00       1.17816
       7100.00       1.17098
       7120.00       1.17058
       7140.00       1.17114
       7160.00       1.20138
       7180.00       1.20280
       7200.00       1.16710
       7220.00       1.17146
       7240.00       1.16065
       7260.00       1.15556
       7280.00       1.15333
       7300.00       1.16613
       7320.00       1.16575
       7340.00       1.15978
       7360.00       1.15011
       7380.00       1.16092
       7400.00       1.14667
       7420.00       1.14450
       7440.00       1.15801
       7460.00       1.15582
       7480.00       1.13257
       7500.00       1.13960
       7520.00       1.14386
       7540.00       1.14719
       7560.00       1.14960
       7580.00       1.20263
       7600.00       1.04434
       7620.00       1.03081
       7640.00       1.09450
       7660.00       1.09790
       7680.00       1.05756
       7700.00       1.11445
       7720.00       1.12844
       7740.00       1.13083
       7760.00       1.11202
       7780.00       1.11533
       7800.00       1.11423
       7820.00       1.11401
       7840.00       1.11029
       7860.00       1.11095
       7880.00       1.11509
       7900.00       1.10446
       7920.00       1.08869
       7940.00       1.09199
       7960.00       1.08752
       7980.00       1.07707
       8000.00       1.07695
       8020.00       1.07939
       8040.00       1.07500
       8060.00       1.07828
       8080.00       1.07646
       8100.00       1.07042
       8120.00       1.08213
       8140.00       1.10137
       8160.00       1.07095
       8180.00       1.07252
       8200.00       1.13092
       8220.00       1.09815
       8240.00       1.08218
       8260.00       1.13017
       8280.00       1.11834
       8300.00       1.11647
       8320.00       1.08413
       8340.00       1.07742
       8360.00       1.08632
       8380.00       1.10172
       8400.00       1.11215
       8420.00       1.08265
       8440.00       1.09227
       8460.00       1.07834
       8480.00       1.04266
       8500.00       1.04504
       8520.00       1.01765
       8540.00       1.01527
       8560.00       1.00649
       8580.00       1.05128
       8600.00       1.04803
       8620.00       1.08138
       8640.00       1.04239
       8660.00       1.01545
       8680.00       1.01942
       8700.00       1.02890
       8720.00       1.01789
       8740.00       1.02889
       8760.00       1.00464
       8780.00       1.01172
       8800.00       1.00630
       8820.00      0.996249
       8840.00      0.980814
       8860.00      0.990204
       8880.00      0.984114
       8900.00      0.989604
       8920.00      0.979701
       8940.00      0.982110
       8960.00       1.01281
       8980.00       1.01284
       9000.00      0.964139
       9020.00      0.983278
       9040.00       1.03721
       9060.00       1.02508
       9080.00      0.969986
       9100.00      0.985931
       9120.00      0.987527
       9140.00      0.959870
       9160.00      0.953284
       9180.00      0.958674
       9200.00      0.981175
       9220.00      0.972356
       9240.00      0.944289
       9260.00      0.937808
       9280.00      0.970501
       9300.00      0.947040
       9320.00      0.890588
       9340.00      0.909228
       9360.00      0.883853
       9380.00      0.945540
       9400.00       1.01499
       9420.00      0.900779
       9440.00      0.857485
       9460.00      0.883928
       9480.00      0.901585
       9500.00      0.909066
       9520.00      0.905716
       9540.00      0.919623
       9560.00      0.911247
       9580.00      0.912922
       9600.00      0.886031
       9620.00      0.924800
       9640.00      0.917905
       9660.00      0.944385
       9680.00      0.914112
       9700.00      0.922826
       9720.00      0.913876
       9740.00      0.931703
       9760.00      0.917855
       9780.00      0.902662
       9800.00      0.892428
       9820.00      0.895496
       9840.00      0.904124
       9860.00      0.892558
       9880.00      0.897689
       9900.00      0.882029
       9920.00      0.872650
       9940.00      0.878479
       9960.00      0.869145
       9980.00      0.865343
       10000.0      0.869096
       10020.0      0.881042
       10040.0      0.851297
       10060.0      0.853693
       10080.0      0.868998
       10100.0      0.854383
       10120.0      0.851340
       10140.0      0.860476
       10160.0      0.870925
       10180.0      0.855075
       10200.0      0.819800
       10220.0      0.847034
       10240.0      0.832662
       10260.0      0.823691
       10280.0      0.830089
       10300.0      0.827146
       10320.0      0.837498
       10340.0      0.824609
       10360.0      0.833603
       10380.0      0.823413
       10400.0      0.852804
       10420.0      0.818278
       10440.0      0.841659
       10460.0      0.813183
       10480.0      0.818172
       10500.0      0.807474
       10520.0      0.839167
       10540.0      0.827170
       10560.0      0.815868
       10580.0      0.820156
       10600.0      0.799857
       10620.0      0.807386
