       3160.00      0.457653
       3170.00      0.485680
       3180.00      0.519252
       3190.00      0.519146
       3200.00      0.549751
       3210.00      0.559755
       3220.00      0.523729
       3230.00      0.521356
       3240.00      0.535100
       3250.00      0.560705
       3260.00      0.625974
       3270.00      0.670066
       3280.00      0.652858
       3290.00      0.681481
       3300.00      0.713240
       3310.00      0.703387
       3320.00      0.697614
       3330.00      0.708271
       3340.00      0.698159
       3350.00      0.718167
       3360.00      0.733001
       3370.00      0.704905
       3380.00      0.703537
       3390.00      0.722577
       3400.00      0.748642
       3410.00      0.743244
       3420.00      0.739652
       3430.00      0.748107
       3440.00      0.713133
       3450.00      0.729001
       3460.00      0.746179
       3470.00      0.747875
       3480.00      0.739450
       3490.00      0.734551
       3500.00      0.803513
       3510.00      0.838209
       3520.00      0.832036
       3530.00      0.837928
       3540.00      0.874974
       3550.00      0.903951
       3560.00      0.873807
       3570.00      0.822082
       3580.00      0.766918
       3590.00      0.790466
       3600.00      0.862076
       3610.00      0.851958
       3620.00      0.834188
       3630.00      0.866984
       3640.00      0.902932
       3650.00      0.934363
       3660.00      0.963633
       3670.00      0.995057
       3680.00      0.953780
       3690.00      0.967306
       3700.00       1.00273
       3710.00      0.996101
       3720.00      0.973203
       3730.00      0.909444
       3740.00      0.887224
       3750.00      0.897799
       3760.00      0.927356
       3770.00      0.994730
       3780.00       1.08486
       3790.00       1.07271
       3800.00       1.03700
       3810.00       1.04383
       3820.00      0.954396
       3830.00      0.840717
       3840.00      0.839475
       3850.00      0.937506
       3860.00      0.973423
       3870.00      0.965265
       3880.00      0.955272
       3890.00      0.954064
       3900.00      0.988015
       3910.00       1.04662
       3920.00       1.02692
       3930.00      0.886315
       3940.00      0.859431
       3950.00      0.995166
       3960.00       1.02911
       3970.00      0.942479
       3980.00       1.13399
       3990.00       1.38717
       4000.00       1.48198
       4010.00       1.51973
       4020.00       1.55518
       4030.00       1.55313
       4040.00       1.52947
       4050.00       1.53408
       4060.00       1.49593
       4070.00       1.46215
       4080.00       1.47819
       4090.00       1.53895
       4100.00       1.49702
       4110.00       1.53530
       4120.00       1.61108
       4130.00       1.58573
       4140.00       1.58132
       4150.00       1.58686
       4160.00       1.59909
       4170.00       1.59671
       4180.00       1.55893
       4190.00       1.58272
       4200.00       1.58386
       4210.00       1.60834
       4220.00       1.58325
       4230.00       1.55656
       4240.00       1.59181
       4250.00       1.58378
       4260.00       1.58661
       4270.00       1.57210
       4280.00       1.55822
       4290.00       1.53762
       4300.00       1.41103
       4310.00       1.45448
       4320.00       1.56767
       4330.00       1.62933
       4340.00       1.63313
       4350.00       1.61710
       4360.00       1.67600
       4370.00       1.73685
       4380.00       1.64342
       4390.00       1.66897
       4400.00       1.78098
       4410.00       1.87571
       4420.00       1.91703
       4430.00       1.92339
       4440.00       1.93736
       4450.00       1.92837
       4460.00       1.90963
       4470.00       1.98109
       4480.00       2.02054
       4490.00       2.02657
       4500.00       2.07195
       4510.00       2.10905
       4520.00       2.05500
       4530.00       2.01779
       4540.00       2.01788
       4550.00       2.05078
       4560.00       2.06171
       4570.00       2.06012
       4580.00       2.03390
       4590.00       2.01943
       4600.00       2.03587
       4610.00       2.06672
       4620.00       2.05280
       4630.00       2.04836
       4640.00       2.02434
       4650.00       2.01972
       4660.00       2.00497
       4670.00       2.00977
       4680.00       2.02414
       4690.00       2.03225
       4700.00       2.00056
       4710.00       2.01306
       4720.00       2.05377
       4730.00       2.11817
       4740.00       2.11908
       4750.00       2.13658
       4760.00       2.10763
       4770.00       2.13297
       4780.00       2.21912
       4790.00       2.21727
       4800.00       2.22453
       4810.00       2.21890
       4820.00       2.21203
       4830.00       2.19187
       4840.00       2.15000
       4850.00       2.08878
       4860.00       1.96640
       4870.00       1.95589
       4880.00       2.05282
       4890.00       2.06053
       4900.00       2.11228
       4910.00       2.11168
       4920.00       2.08224
       4930.00       2.09327
       4940.00       2.09812
       4950.00       2.10516
       4960.00       2.09407
       4970.00       2.11744
       4980.00       2.08834
       4990.00       2.06616
       5000.00       2.05863
       5010.00       2.01941
       5020.00       2.03424
       5030.00       2.07071
       5040.00       2.05192
       5050.00       2.08726
       5060.00       2.10615
       5070.00       2.08907
       5080.00       2.06920
       5090.00       2.07062
       5100.00       2.15053
       5110.00       2.17315
       5120.00       2.19118
       5130.00       2.15971
       5140.00       2.13096
       5150.00       2.13837
       5160.00       2.08791
       5170.00       1.99610
       5180.00       1.97421
       5190.00       2.03306
       5200.00       2.07814
       5210.00       2.12120
       5220.00       2.13015
       5230.00       2.12515
       5240.00       2.16508
       5250.00       2.18291
       5260.00       2.11441
       5270.00       2.06735
       5280.00       2.13328
       5290.00       2.20952
       5300.00       2.22229
       5310.00       2.23319
       5320.00       2.19957
       5330.00       2.16768
       5340.00       2.18883
       5350.00       2.22896
       5360.00       2.23318
       5370.00       2.21050
       5380.00       2.20391
       5390.00       2.21648
       5400.00       2.16137
       5410.00       2.17352
       5420.00       2.20600
       5430.00       2.22562
       5440.00       2.23469
       5450.00       2.27288
       5460.00       2.25983
       5470.00       2.26901
       5480.00       2.24494
       5490.00       2.27179
       5500.00       2.28531
       5510.00       2.28556
       5520.00       2.28582
       5530.00       2.21587
       5540.00       2.21844
       5550.00       2.24942
       5560.00       2.24101
       5570.00       2.20867
       5580.00       2.18949
       5590.00       2.16908
       5600.00       2.15481
       5610.00       2.21455
       5620.00       2.22140
       5630.00       2.23038
       5640.00       2.23073
       5650.00       2.24611
       5660.00       2.22714
       5670.00       2.23605
       5680.00       2.25133
       5690.00       2.24951
       5700.00       2.23492
       5710.00       2.23101
       5720.00       2.23559
       5730.00       2.30791
       5740.00       2.24260
       5760.00       2.24113
       5780.00       2.24387
       5800.00       2.24659
       5820.00       2.26180
       5840.00       2.25613
       5860.00       2.22152
       5880.00       2.21396
       5900.00       2.19412
       5920.00       2.22155
       5940.00       2.24675
       5960.00       2.25142
       5980.00       2.28852
       6000.00       2.28494
       6020.00       2.27533
       6040.00       2.34413
       6060.00       2.35041
       6080.00       2.35265
       6100.00       2.32903
       6120.00       2.30159
       6140.00       2.29805
       6160.00       2.26301
       6180.00       2.27336
       6200.00       2.29342
       6220.00       2.30360
       6240.00       2.29233
       6260.00       2.30826
       6280.00       2.29898
       6300.00       2.32057
       6320.00       2.31514
       6340.00       2.30019
       6360.00       2.31584
       6380.00       2.30858
       6400.00       2.29379
       6420.00       2.27908
       6440.00       2.30215
       6460.00       2.30065
       6480.00       2.28794
       6500.00       2.30516
       6520.00       2.31484
       6540.00       2.28364
       6560.00       2.22674
       6580.00       2.23657
       6600.00       2.31251
       6620.00       2.34035
       6640.00       2.31503
       6660.00       2.31172
       6680.00       2.31751
       6700.00       2.35405
       6720.00       2.37954
       6740.00       2.36168
       6760.00       2.47135
       6780.00       2.45154
       6800.00       2.42649
       6820.00       2.34465
       6840.00       2.32006
       6860.00       2.28854
       6880.00       2.30657
       6900.00       2.31747
       6920.00       2.34058
       6940.00       2.36005
       6960.00       2.34281
       6980.00       2.28222
       7000.00       2.28436
       7020.00       2.29168
       7040.00       2.28517
       7060.00       2.26667
       7080.00       2.26198
       7100.00       2.25731
       7120.00       2.24075
       7140.00       2.22088
       7160.00       2.31465
       7180.00       2.34876
       7200.00       2.23270
       7220.00       2.20971
       7240.00       2.20864
       7260.00       2.19253
       7280.00       2.18984
       7300.00       2.19879
       7320.00       2.17787
       7340.00       2.14384
       7360.00       2.14460
       7380.00       2.14208
       7400.00       2.12973
       7420.00       2.15015
       7440.00       2.14274
       7460.00       2.14350
       7480.00       2.16535
       7500.00       2.14016
       7520.00       2.13124
       7540.00       2.11432
       7560.00       2.06380
       7580.00       2.20080
       7600.00       2.34507
       7620.00       2.67009
       7640.00       2.39631
       7660.00       2.18099
       7680.00       1.91939
       7700.00       2.02942
       7720.00       2.06817
       7740.00       2.09574
       7760.00       2.09191
       7780.00       2.09744
       7800.00       2.10295
       7820.00       2.10068
       7840.00       2.13401
       7860.00       2.11468
       7880.00       2.11548
       7900.00       2.11012
       7920.00       2.08641
       7940.00       2.07199
       7960.00       2.08355
       7980.00       2.08289
       8000.00       2.07919
       8020.00       2.04829
       8040.00       2.05527
       8060.00       2.05770
       8080.00       2.03008
       8100.00       2.00260
       8120.00       2.07984
       8140.00       2.07921
       8160.00       2.00126
       8180.00       1.94593
       8200.00       1.97226
       8220.00       1.96746
       8240.00       1.96857
       8260.00       1.99318
       8280.00       1.97225
       8300.00       1.94119
       8320.00       1.94090
       8340.00       1.92315
       8360.00       1.91855
       8380.00       1.93279
       8400.00       1.93830
       8420.00       1.92073
       8440.00       1.91618
       8460.00       1.89587
       8480.00       1.87137
       8500.00       1.88267
       8520.00       1.88110
       8540.00       1.81844
       8560.00       1.84963
       8580.00       1.92592
       8600.00       1.91297
       8620.00       1.91698
       8640.00       1.88305
       8660.00       1.80165
       8680.00       1.81847
       8700.00       1.87704
       8720.00       1.87413
       8740.00       1.86290
       8760.00       1.87111
       8780.00       1.90692
       8800.00       1.89018
       8820.00       1.89277
       8840.00       1.90221
       8860.00       1.87601
       8880.00       1.84992
       8900.00       1.83895
       8920.00       1.84843
       8940.00       1.85108
       8960.00       1.89163
       8980.00       1.91309
       9000.00       1.84278
       9020.00       1.91133
       9040.00       1.96347
       9060.00       1.91896
       9080.00       1.86797
       9100.00       1.87586
       9120.00       1.89436
       9140.00       1.86234
       9160.00       1.87152
       9180.00       1.90841
       9200.00       1.92141
       9220.00       1.83565
       9240.00       1.75946
       9260.00       1.69539
       9280.00       1.69043
       9300.00       1.67767
       9320.00       1.86543
       9340.00       2.11473
       9360.00       1.85227
       9380.00       1.94015
       9400.00       1.95022
       9420.00       1.77865
       9440.00       1.76203
       9460.00       1.76343
       9480.00       1.81986
       9500.00       1.77389
       9520.00       1.80967
       9540.00       1.79061
       9560.00       1.77545
       9580.00       1.81480
       9600.00       1.79459
       9620.00       1.79842
       9640.00       1.79973
       9660.00       1.81358
       9680.00       1.77474
       9700.00       1.71855
       9720.00       1.71252
       9740.00       1.70153
       9760.00       1.71669
       9780.00       1.70573
       9800.00       1.71711
       9820.00       1.72226
       9840.00       1.71506
       9860.00       1.67098
       9880.00       1.68847
       9900.00       1.68261
       9920.00       1.68166
       9940.00       1.67218
       9960.00       1.66882
       9980.00       1.65332
       10000.0       1.65486
       10020.0       1.63219
       10040.0       1.63135
       10060.0       1.60158
       10080.0       1.63451
       10100.0       1.65049
       10120.0       1.64843
       10140.0       1.62484
       10160.0       1.63238
       10180.0       1.62441
       10200.0       1.61528
       10220.0       1.60025
       10240.0       1.59594
       10260.0       1.61884
       10280.0       1.61333
       10300.0       1.58428
       10320.0       1.58356
       10340.0       1.57463
       10360.0       1.56340
       10380.0       1.55688
       10400.0       1.55622
       10420.0       1.57885
       10440.0       1.57931
       10460.0       1.57745
       10480.0       1.58023
       10500.0       1.57722
       10520.0       1.60881
       10540.0       1.60346
       10560.0       1.57285
       10580.0       1.54579
       10600.0       1.53143
       10620.0       1.56168
