       3160.00     0.0925043
       3170.00     0.0988726
       3180.00     0.0966303
       3190.00     0.0942817
       3200.00      0.108202
       3210.00      0.102902
       3220.00     0.0919728
       3230.00     0.0910938
       3240.00     0.0886801
       3250.00     0.0986239
       3260.00      0.112157
       3270.00      0.123084
       3280.00      0.115628
       3290.00      0.120877
       3300.00      0.129467
       3310.00      0.123742
       3320.00      0.122733
       3330.00      0.121730
       3340.00      0.124182
       3350.00      0.130400
       3360.00      0.125213
       3370.00      0.114533
       3380.00      0.119135
       3390.00      0.119746
       3400.00      0.131530
       3410.00      0.128387
       3420.00      0.122399
       3430.00      0.132674
       3440.00      0.115662
       3450.00      0.114436
       3460.00      0.123869
       3470.00      0.120414
       3480.00      0.120510
       3490.00      0.120989
       3500.00      0.136327
       3510.00      0.134189
       3520.00      0.133371
       3530.00      0.136093
       3540.00      0.150727
       3550.00      0.153330
       3560.00      0.145837
       3570.00      0.129138
       3580.00      0.111353
       3590.00      0.120292
       3600.00      0.142297
       3610.00      0.136480
       3620.00      0.124756
       3630.00      0.131445
       3640.00      0.141366
       3650.00      0.149339
       3660.00      0.163772
       3670.00      0.168765
       3680.00      0.153807
       3690.00      0.156979
       3700.00      0.160342
       3710.00      0.166738
       3720.00      0.147716
       3730.00      0.133787
       3740.00      0.135071
       3750.00      0.141109
       3760.00      0.150586
       3770.00      0.163270
       3780.00      0.185078
       3790.00      0.179424
       3800.00      0.165214
       3810.00      0.174200
       3820.00      0.159475
       3830.00      0.122727
       3840.00      0.126206
       3850.00      0.159229
       3860.00      0.169955
       3870.00      0.168970
       3880.00      0.166358
       3890.00      0.159023
       3900.00      0.169344
       3910.00      0.187908
       3920.00      0.187232
       3930.00      0.130690
       3940.00      0.117449
       3950.00      0.174003
       3960.00      0.173321
       3970.00      0.136819
       3980.00      0.175971
       3990.00      0.237727
       4000.00      0.255319
       4010.00      0.261096
       4020.00      0.268276
       4030.00      0.262181
       4040.00      0.249133
       4050.00      0.256763
       4060.00      0.253720
       4070.00      0.246306
       4080.00      0.261885
       4090.00      0.270442
       4100.00      0.255505
       4110.00      0.256517
       4120.00      0.279747
       4130.00      0.277582
       4140.00      0.277561
       4150.00      0.278094
       4160.00      0.283562
       4170.00      0.283895
       4180.00      0.269808
       4190.00      0.273378
       4200.00      0.269391
       4210.00      0.279419
       4220.00      0.275437
       4230.00      0.261809
       4240.00      0.278076
       4250.00      0.277738
       4260.00      0.269247
       4270.00      0.264211
       4280.00      0.262966
       4290.00      0.258461
       4300.00      0.227641
       4310.00      0.224753
       4320.00      0.260575
       4330.00      0.278192
       4340.00      0.268706
       4350.00      0.269015
       4360.00      0.298860
       4370.00      0.293345
       4380.00      0.275586
       4390.00      0.272597
       4400.00      0.275642
       4410.00      0.286463
       4420.00      0.297626
       4430.00      0.301720
       4440.00      0.304412
       4450.00      0.301960
       4460.00      0.301627
       4470.00      0.310742
       4480.00      0.324401
       4490.00      0.325773
       4500.00      0.335115
       4510.00      0.345309
       4520.00      0.333165
       4530.00      0.315693
       4540.00      0.317619
       4550.00      0.325653
       4560.00      0.330158
       4570.00      0.339053
       4580.00      0.330057
       4590.00      0.324488
       4600.00      0.328747
       4610.00      0.336736
       4620.00      0.341283
       4630.00      0.342702
       4640.00      0.335427
       4650.00      0.328927
       4660.00      0.331434
       4670.00      0.332697
       4680.00      0.334160
       4690.00      0.336026
       4700.00      0.329144
       4710.00      0.326449
       4720.00      0.346943
       4730.00      0.348644
       4740.00      0.344507
       4750.00      0.349156
       4760.00      0.344269
       4770.00      0.349261
       4780.00      0.363909
       4790.00      0.364752
       4800.00      0.364472
       4810.00      0.367665
       4820.00      0.367539
       4830.00      0.366898
       4840.00      0.361698
       4850.00      0.350070
       4860.00      0.313885
       4870.00      0.308432
       4880.00      0.338046
       4890.00      0.342732
       4900.00      0.347046
       4910.00      0.349974
       4920.00      0.332684
       4930.00      0.336252
       4940.00      0.343264
       4950.00      0.348814
       4960.00      0.348149
       4970.00      0.351001
       4980.00      0.343089
       4990.00      0.340210
       5000.00      0.336381
       5010.00      0.329810
       5020.00      0.332556
       5030.00      0.343190
       5040.00      0.339767
       5050.00      0.336053
       5060.00      0.344341
       5070.00      0.341807
       5080.00      0.334749
       5090.00      0.337862
       5100.00      0.344990
       5110.00      0.343376
       5120.00      0.351514
       5130.00      0.343346
       5140.00      0.335920
       5150.00      0.341305
       5160.00      0.340272
       5170.00      0.315074
       5180.00      0.303572
       5190.00      0.317632
       5200.00      0.332708
       5210.00      0.335753
       5220.00      0.335073
       5230.00      0.330469
       5240.00      0.339106
       5250.00      0.348769
       5260.00      0.334715
       5270.00      0.315615
       5280.00      0.329121
       5290.00      0.351139
       5300.00      0.354388
       5310.00      0.351732
       5320.00      0.351360
       5330.00      0.336080
       5340.00      0.340627
       5350.00      0.347632
       5360.00      0.355255
       5370.00      0.348732
       5380.00      0.342340
       5390.00      0.348363
       5400.00      0.338868
       5410.00      0.333771
       5420.00      0.342044
       5430.00      0.352230
       5440.00      0.353523
       5450.00      0.355340
       5460.00      0.353283
       5470.00      0.352988
       5480.00      0.349227
       5490.00      0.349954
       5500.00      0.351063
       5510.00      0.347569
       5520.00      0.352920
       5530.00      0.358182
       5540.00      0.352339
       5550.00      0.363462
       5560.00      0.360047
       5570.00      0.355954
       5580.00      0.357380
       5590.00      0.355024
       5600.00      0.347535
       5610.00      0.358890
       5620.00      0.359276
       5630.00      0.359661
       5640.00      0.359363
       5650.00      0.360766
       5660.00      0.358772
       5670.00      0.355431
       5680.00      0.360888
       5690.00      0.357892
       5700.00      0.357938
       5710.00      0.351933
       5720.00      0.354673
       5730.00      0.367787
       5740.00      0.362800
       5760.00      0.361873
       5780.00      0.358961
       5800.00      0.354083
       5820.00      0.362430
       5840.00      0.366447
       5860.00      0.358973
       5880.00      0.350245
       5900.00      0.339949
       5920.00      0.348202
       5940.00      0.355754
       5960.00      0.357459
       5980.00      0.356263
       6000.00      0.353476
       6020.00      0.354534
       6040.00      0.356855
       6060.00      0.361062
       6080.00      0.363346
       6100.00      0.364358
       6120.00      0.365990
       6140.00      0.357295
       6160.00      0.347722
       6180.00      0.349703
       6200.00      0.356933
       6220.00      0.357020
       6240.00      0.351569
       6260.00      0.349220
       6280.00      0.347496
       6300.00      0.350658
       6320.00      0.349852
       6340.00      0.350262
       6360.00      0.350670
       6380.00      0.356490
       6400.00      0.356875
       6420.00      0.351877
       6440.00      0.355851
       6460.00      0.355343
       6480.00      0.352469
       6500.00      0.352861
       6520.00      0.353251
       6540.00      0.360975
       6560.00      0.336468
       6580.00      0.337195
       6600.00      0.362346
       6620.00      0.363571
       6640.00      0.365655
       6660.00      0.361387
       6680.00      0.360592
       6700.00      0.357797
       6720.00      0.354162
       6740.00      0.356528
       6760.00      0.353770
       6780.00      0.351594
       6800.00      0.353947
       6820.00      0.354879
       6840.00      0.369555
       6860.00      0.363161
       6880.00      0.347599
       6900.00      0.343254
       6920.00      0.352801
       6940.00      0.350125
       6960.00      0.345258
       6980.00      0.343444
       7000.00      0.339173
       7020.00      0.337113
       7040.00      0.339699
       7060.00      0.343630
       7080.00      0.341846
       7100.00      0.345749
       7120.00      0.345317
       7140.00      0.343544
       7160.00      0.359204
       7180.00      0.342432
       7200.00      0.303094
       7220.00      0.333623
       7240.00      0.337738
       7260.00      0.322796
       7280.00      0.324546
       7300.00      0.325234
       7320.00      0.332212
       7340.00      0.332614
       7360.00      0.335622
       7380.00      0.330291
       7400.00      0.333289
       7420.00      0.331356
       7440.00      0.334335
       7460.00      0.337297
       7480.00      0.333573
       7500.00      0.330124
       7520.00      0.330267
       7540.00      0.330155
       7560.00      0.335882
       7580.00      0.383866
       7600.00      0.345479
       7620.00      0.307798
       7640.00      0.318548
       7660.00      0.310951
       7680.00      0.300145
       7700.00      0.328529
       7720.00      0.329170
       7740.00      0.325591
       7760.00      0.329699
       7780.00      0.330578
       7800.00      0.327270
       7820.00      0.329133
       7840.00      0.332945
       7860.00      0.329656
       7880.00      0.326870
       7900.00      0.321670
       7920.00      0.318676
       7940.00      0.316181
       7960.00      0.312252
       7980.00      0.318685
       8000.00      0.322687
       8020.00      0.314463
       8040.00      0.317978
       8060.00      0.323857
       8080.00      0.323768
       8100.00      0.315149
       8120.00      0.328555
       8140.00      0.324447
       8160.00      0.305775
       8180.00      0.301977
       8200.00      0.309199
       8220.00      0.304944
       8240.00      0.300477
       8260.00      0.315318
       8280.00      0.318729
       8300.00      0.305474
       8320.00      0.299434
       8340.00      0.292732
       8360.00      0.295705
       8380.00      0.300038
       8400.00      0.303665
       8420.00      0.309782
       8440.00      0.300179
       8460.00      0.304461
       8480.00      0.305101
       8500.00      0.302576
       8520.00      0.301866
       8540.00      0.284528
       8560.00      0.282742
       8580.00      0.302663
       8600.00      0.303298
       8620.00      0.306157
       8640.00      0.315223
       8660.00      0.297429
       8680.00      0.288784
       8700.00      0.308637
       8720.00      0.311891
       8740.00      0.306565
       8760.00      0.305646
       8780.00      0.304732
       8800.00      0.296405
       8820.00      0.299868
       8840.00      0.305269
       8860.00      0.289849
       8880.00      0.286602
       8900.00      0.295447
       8920.00      0.293924
       8940.00      0.290905
       8960.00      0.290470
       8980.00      0.274648
       9000.00      0.271052
       9020.00      0.283431
       9040.00      0.319534
       9060.00      0.324760
       9080.00      0.275851
       9100.00      0.269128
       9120.00      0.272747
       9140.00      0.257240
       9160.00      0.266527
       9180.00      0.274309
       9200.00      0.293115
       9220.00      0.287066
       9240.00      0.273982
       9260.00      0.273598
       9280.00      0.323887
       9300.00      0.306061
       9320.00      0.257215
       9340.00      0.233443
       9360.00      0.197346
       9380.00      0.255160
       9400.00      0.308930
       9420.00      0.302365
       9440.00      0.274887
       9460.00      0.263958
       9480.00      0.283850
       9500.00      0.277999
       9520.00      0.278424
       9540.00      0.273011
       9560.00      0.283683
       9580.00      0.254642
       9600.00      0.255311
       9620.00      0.256775
       9640.00      0.239120
       9660.00      0.234452
       9680.00      0.265494
       9700.00      0.265936
       9720.00      0.264006
       9740.00      0.250261
       9760.00      0.229493
       9780.00      0.243547
       9800.00      0.236587
       9820.00      0.245877
       9840.00      0.241476
       9860.00      0.241376
       9880.00      0.245744
       9900.00      0.247574
       9920.00      0.245720
       9940.00      0.245998
       9960.00      0.249166
       9980.00      0.247513
       10000.0      0.247593
       10020.0      0.249781
       10040.0      0.235328
       10060.0      0.236386
       10080.0      0.238012
       10100.0      0.240771
       10120.0      0.240675
       10140.0      0.234143
       10160.0      0.239538
       10180.0      0.235485
       10200.0      0.240480
       10220.0      0.234188
       10240.0      0.237479
       10260.0      0.229534
       10280.0      0.233568
       10300.0      0.235910
       10320.0      0.232477
       10340.0      0.227943
       10360.0      0.231579
       10380.0      0.233537
       10400.0      0.244345
       10420.0      0.236508
       10440.0      0.236974
       10460.0      0.228998
       10480.0      0.238451
       10500.0      0.235072
       10520.0      0.236267
       10540.0      0.234726
       10560.0      0.235372
       10580.0      0.229122
       10600.0      0.226879
       10620.0      0.223018
