       3160.00      0.137712
       3170.00      0.156658
       3180.00      0.152838
       3190.00      0.153001
       3200.00      0.168949
       3210.00      0.158108
       3220.00      0.140446
       3230.00      0.135679
       3240.00      0.150113
       3250.00      0.165719
       3260.00      0.187616
       3270.00      0.196123
       3280.00      0.183246
       3290.00      0.190988
       3300.00      0.210164
       3310.00      0.200455
       3320.00      0.196973
       3330.00      0.194229
       3340.00      0.196407
       3350.00      0.205194
       3360.00      0.188533
       3370.00      0.176428
       3380.00      0.185701
       3390.00      0.194215
       3400.00      0.207095
       3410.00      0.201883
       3420.00      0.200794
       3430.00      0.209363
       3440.00      0.181966
       3450.00      0.181340
       3460.00      0.201728
       3470.00      0.191606
       3480.00      0.196744
       3490.00      0.190410
       3500.00      0.210735
       3510.00      0.225790
       3520.00      0.209537
       3530.00      0.218322
       3540.00      0.240556
       3550.00      0.250358
       3560.00      0.231343
       3570.00      0.206316
       3580.00      0.176375
       3590.00      0.193092
       3600.00      0.233987
       3610.00      0.216699
       3620.00      0.212895
       3630.00      0.221522
       3640.00      0.231603
       3650.00      0.246491
       3660.00      0.270810
       3670.00      0.277047
       3680.00      0.258672
       3690.00      0.257324
       3700.00      0.265761
       3710.00      0.270104
       3720.00      0.250753
       3730.00      0.215675
       3740.00      0.211357
       3750.00      0.230544
       3760.00      0.243183
       3770.00      0.255575
       3780.00      0.299865
       3790.00      0.279982
       3800.00      0.258408
       3810.00      0.269286
       3820.00      0.227302
       3830.00      0.177962
       3840.00      0.187098
       3850.00      0.227481
       3860.00      0.240862
       3870.00      0.237153
       3880.00      0.234079
       3890.00      0.245849
       3900.00      0.276024
       3910.00      0.303949
       3920.00      0.298908
       3930.00      0.207739
       3940.00      0.197509
       3950.00      0.290589
       3960.00      0.289424
       3970.00      0.225849
       3980.00      0.319700
       3990.00      0.415988
       4000.00      0.435512
       4010.00      0.449491
       4020.00      0.465353
       4030.00      0.451071
       4040.00      0.421484
       4050.00      0.436287
       4060.00      0.431934
       4070.00      0.417539
       4080.00      0.441361
       4090.00      0.463064
       4100.00      0.439458
       4110.00      0.450098
       4120.00      0.491669
       4130.00      0.478991
       4140.00      0.474207
       4150.00      0.465744
       4160.00      0.472665
       4170.00      0.463511
       4180.00      0.441335
       4190.00      0.451116
       4200.00      0.452155
       4210.00      0.466322
       4220.00      0.460364
       4230.00      0.449029
       4240.00      0.472199
       4250.00      0.469402
       4260.00      0.468540
       4270.00      0.452496
       4280.00      0.444899
       4290.00      0.439009
       4300.00      0.384887
       4310.00      0.401178
       4320.00      0.467484
       4330.00      0.494387
       4340.00      0.489788
       4350.00      0.485680
       4360.00      0.550402
       4370.00      0.550314
       4380.00      0.481964
       4390.00      0.476668
       4400.00      0.491952
       4410.00      0.500898
       4420.00      0.537911
       4430.00      0.537313
       4440.00      0.537025
       4450.00      0.535358
       4460.00      0.514491
       4470.00      0.542049
       4480.00      0.559657
       4490.00      0.552025
       4500.00      0.575980
       4510.00      0.593849
       4520.00      0.573809
       4530.00      0.540897
       4540.00      0.552937
       4550.00      0.561924
       4560.00      0.571320
       4570.00      0.594268
       4580.00      0.580674
       4590.00      0.568553
       4600.00      0.579337
       4610.00      0.592443
       4620.00      0.607562
       4630.00      0.609419
       4640.00      0.582508
       4650.00      0.576410
       4660.00      0.575906
       4670.00      0.581981
       4680.00      0.586645
       4690.00      0.585321
       4700.00      0.571876
       4710.00      0.577111
       4720.00      0.611321
       4730.00      0.599782
       4740.00      0.602621
       4750.00      0.612634
       4760.00      0.598727
       4770.00      0.611353
       4780.00      0.625283
       4790.00      0.623550
       4800.00      0.622536
       4810.00      0.626066
       4820.00      0.629441
       4830.00      0.620930
       4840.00      0.609422
       4850.00      0.588672
       4860.00      0.538441
       4870.00      0.532850
       4880.00      0.590369
       4890.00      0.595024
       4900.00      0.607114
       4910.00      0.602750
       4920.00      0.569197
       4930.00      0.571781
       4940.00      0.595565
       4950.00      0.598499
       4960.00      0.591168
       4970.00      0.607354
       4980.00      0.586944
       4990.00      0.582963
       5000.00      0.579340
       5010.00      0.558768
       5020.00      0.565813
       5030.00      0.584841
       5040.00      0.584426
       5050.00      0.580565
       5060.00      0.596416
       5070.00      0.593758
       5080.00      0.586543
       5090.00      0.593638
       5100.00      0.594950
       5110.00      0.602068
       5120.00      0.600493
       5130.00      0.585217
       5140.00      0.577306
       5150.00      0.586590
       5160.00      0.569842
       5170.00      0.528734
       5180.00      0.523496
       5190.00      0.543992
       5200.00      0.578061
       5210.00      0.579834
       5220.00      0.582581
       5230.00      0.579444
       5240.00      0.598400
       5250.00      0.609612
       5260.00      0.575685
       5270.00      0.547651
       5280.00      0.576995
       5290.00      0.604229
       5300.00      0.609464
       5310.00      0.615001
       5320.00      0.604735
       5330.00      0.582148
       5340.00      0.593522
       5350.00      0.604470
       5360.00      0.618497
       5370.00      0.608638
       5380.00      0.605096
       5390.00      0.610559
       5400.00      0.590783
       5410.00      0.583886
       5420.00      0.607179
       5430.00      0.618758
       5440.00      0.624522
       5450.00      0.627510
       5460.00      0.625735
       5470.00      0.625839
       5480.00      0.613486
       5490.00      0.614296
       5500.00      0.628011
       5510.00      0.622535
       5520.00      0.626972
       5530.00      0.635096
       5540.00      0.638878
       5550.00      0.651872
       5560.00      0.647016
       5570.00      0.634212
       5580.00      0.638580
       5590.00      0.626448
       5600.00      0.617406
       5610.00      0.645508
       5620.00      0.635857
       5630.00      0.637153
       5640.00      0.643890
       5650.00      0.641542
       5660.00      0.649454
       5670.00      0.633260
       5680.00      0.658584
       5690.00      0.652028
       5700.00      0.649687
       5710.00      0.635996
       5720.00      0.646222
       5730.00      0.664751
       5740.00      0.662403
       5760.00      0.660696
       5780.00      0.654276
       5800.00      0.660259
       5820.00      0.676756
       5840.00      0.680283
       5860.00      0.662817
       5880.00      0.647212
       5900.00      0.640969
       5920.00      0.660135
       5940.00      0.668255
       5960.00      0.671740
       5980.00      0.661502
       6000.00      0.658729
       6020.00      0.658241
       6040.00      0.663972
       6060.00      0.667413
       6080.00      0.661288
       6100.00      0.661358
       6120.00      0.654736
       6140.00      0.647600
       6160.00      0.634970
       6180.00      0.643961
       6200.00      0.658398
       6220.00      0.657379
       6240.00      0.647614
       6260.00      0.646090
       6280.00      0.653272
       6300.00      0.647947
       6320.00      0.652378
       6340.00      0.639553
       6360.00      0.648275
       6380.00      0.654802
       6400.00      0.655422
       6420.00      0.645406
       6440.00      0.644461
       6460.00      0.645108
       6480.00      0.637850
       6500.00      0.641138
       6520.00      0.652782
       6540.00      0.651307
       6560.00      0.617584
       6580.00      0.613632
       6600.00      0.650041
       6620.00      0.651686
       6640.00      0.648695
       6660.00      0.642134
       6680.00      0.645321
       6700.00      0.629131
       6720.00      0.628275
       6740.00      0.632994
       6760.00      0.623547
       6780.00      0.627246
       6800.00      0.624899
       6820.00      0.622566
       6840.00      0.631224
       6860.00      0.606497
       6880.00      0.592332
       6900.00      0.602487
       6920.00      0.614556
       6940.00      0.615735
       6960.00      0.612004
       6980.00      0.603405
       7000.00      0.598268
       7020.00      0.601912
       7040.00      0.605535
       7060.00      0.607687
       7080.00      0.607416
       7100.00      0.612916
       7120.00      0.613112
       7140.00      0.609004
       7160.00      0.620651
       7180.00      0.632232
       7200.00      0.606774
       7220.00      0.607929
       7240.00      0.612378
       7260.00      0.610221
       7280.00      0.604325
       7300.00      0.596124
       7320.00      0.593563
       7340.00      0.588690
       7360.00      0.596365
       7380.00      0.592899
       7400.00      0.593142
       7420.00      0.584643
       7440.00      0.593623
       7460.00      0.599352
       7480.00      0.601399
       7500.00      0.592059
       7520.00      0.586400
       7540.00      0.582581
       7560.00      0.571108
       7580.00      0.593015
       7600.00      0.518253
       7620.00      0.497632
       7640.00      0.554406
       7660.00      0.564989
       7680.00      0.550629
       7700.00      0.582000
       7720.00      0.584914
       7740.00      0.582520
       7760.00      0.588056
       7780.00      0.588738
       7800.00      0.590292
       7820.00      0.589655
       7840.00       0.00000
       7860.00       0.00000
       7880.00       0.00000
       7900.00       0.00000
       7920.00       0.00000
       7940.00       0.00000
       7960.00       0.00000
       7980.00       0.00000
       8000.00       0.00000
       8020.00       0.00000
       8040.00       0.00000
       8060.00       0.00000
       8080.00       0.00000
       8100.00       0.00000
       8120.00       0.00000
       8140.00      0.570248
       8160.00      0.567595
       8180.00      0.562452
       8200.00      0.539437
       8220.00      0.547259
       8240.00      0.563327
       8260.00      0.566922
       8280.00      0.552774
       8300.00      0.546919
       8320.00      0.541502
       8340.00      0.526698
       8360.00      0.552792
       8380.00      0.548214
       8400.00      0.552597
       8420.00      0.541962
       8440.00      0.541486
       8460.00      0.532944
       8480.00      0.546177
       8500.00      0.533648
       8520.00      0.526787
       8540.00      0.499975
       8560.00      0.522731
       8580.00      0.543391
       8600.00      0.534984
       8620.00      0.532951
       8640.00      0.526581
       8660.00      0.498959
       8680.00      0.522189
       8700.00      0.538642
       8720.00      0.531927
       8740.00      0.527586
       8760.00      0.533394
       8780.00      0.524016
       8800.00      0.521274
       8820.00      0.526283
       8840.00      0.510035
       8860.00      0.524678
       8880.00      0.528877
       8900.00      0.518485
       8920.00      0.530332
       8940.00      0.521128
       8960.00      0.547391
       8980.00      0.536290
       9000.00      0.528272
       9020.00      0.529750
       9040.00      0.534996
       9060.00      0.536452
       9080.00      0.501816
       9100.00      0.517591
       9120.00      0.506726
       9140.00      0.528022
       9160.00      0.515691
       9180.00      0.512709
       9200.00      0.533483
       9220.00      0.504191
       9240.00      0.498667
       9260.00      0.495379
       9280.00      0.503506
       9300.00      0.525911
       9320.00      0.555178
       9340.00      0.585051
       9360.00      0.525093
       9380.00      0.544713
       9400.00      0.562799
       9420.00      0.518849
       9440.00      0.510881
       9460.00      0.519542
       9480.00      0.554089
       9500.00      0.518073
       9520.00      0.540288
       9540.00      0.514827
       9560.00      0.535528
       9580.00      0.496645
       9600.00      0.506277
       9620.00      0.502741
       9640.00      0.481162
       9660.00      0.502425
       9680.00      0.473180
       9700.00      0.466574
       9720.00      0.457538
       9740.00      0.483231
       9760.00      0.474547
       9780.00      0.475321
       9800.00      0.473655
       9820.00      0.473733
       9840.00      0.466527
       9860.00      0.472157
       9880.00      0.466710
       9900.00      0.464389
       9920.00      0.471022
       9940.00      0.454966
       9960.00      0.472900
       9980.00      0.461008
       10000.0      0.477834
       10020.0      0.468365
       10040.0      0.452474
       10060.0      0.442414
       10080.0      0.462868
       10100.0      0.452151
       10120.0      0.449909
       10140.0      0.451714
       10160.0      0.447466
       10180.0      0.455974
       10200.0      0.431992
       10220.0      0.446175
       10240.0      0.435304
       10260.0      0.436451
       10280.0      0.432282
       10300.0      0.454970
       10320.0      0.453757
       10340.0      0.450899
       10360.0      0.462218
       10380.0      0.447517
       10400.0      0.474552
       10420.0      0.464470
       10440.0      0.452465
       10460.0      0.438548
       10480.0      0.453995
       10500.0      0.449879
       10520.0      0.434424
       10540.0      0.441695
       10560.0      0.452495
       10580.0      0.437445
       10600.0      0.437907
       10620.0      0.440618
