       3160.00     0.0681286
       3170.00     0.0779508
       3180.00     0.0801096
       3190.00     0.0731227
       3200.00     0.0812231
       3210.00     0.0767864
       3220.00     0.0728905
       3230.00     0.0666521
       3240.00     0.0758203
       3250.00     0.0848050
       3260.00     0.0898051
       3270.00      0.105010
       3280.00     0.0960605
       3290.00      0.101169
       3300.00      0.109190
       3310.00      0.102243
       3320.00     0.0983881
       3330.00      0.100947
       3340.00      0.101758
       3350.00      0.107313
       3360.00     0.0952491
       3370.00     0.0854637
       3380.00     0.0917514
       3390.00      0.103243
       3400.00      0.105127
       3410.00      0.104031
       3420.00      0.104150
       3430.00      0.105051
       3440.00     0.0911721
       3450.00     0.0903090
       3460.00     0.0991842
       3470.00     0.0943136
       3480.00     0.0968330
       3490.00     0.0954900
       3500.00      0.107555
       3510.00      0.115842
       3520.00      0.104126
       3530.00      0.106055
       3540.00      0.119296
       3550.00      0.124082
       3560.00      0.116363
       3570.00     0.0970540
       3580.00     0.0804505
       3590.00     0.0905856
       3600.00      0.119144
       3610.00      0.114980
       3620.00      0.105416
       3630.00      0.111159
       3640.00      0.119311
       3650.00      0.126229
       3660.00      0.141917
       3670.00      0.147666
       3680.00      0.134633
       3690.00      0.134268
       3700.00      0.139433
       3710.00      0.140394
       3720.00      0.126131
       3730.00      0.102917
       3740.00     0.0975591
       3750.00      0.104737
       3760.00      0.110777
       3770.00      0.127034
       3780.00      0.149764
       3790.00      0.139720
       3800.00      0.122334
       3810.00      0.124616
       3820.00      0.100708
       3830.00     0.0752531
       3840.00     0.0844729
       3850.00      0.101265
       3860.00      0.102609
       3870.00      0.101489
       3880.00      0.103091
       3890.00      0.119822
       3900.00      0.138428
       3910.00      0.150967
       3920.00      0.145786
       3930.00      0.103199
       3940.00     0.0976410
       3950.00      0.145463
       3960.00      0.144887
       3970.00      0.113973
       3980.00      0.163782
       3990.00      0.213289
       4000.00      0.228974
       4010.00      0.239584
       4020.00      0.255897
       4030.00      0.237933
       4040.00      0.221900
       4050.00      0.230382
       4060.00      0.225997
       4070.00      0.218843
       4080.00      0.236739
       4090.00      0.259751
       4100.00      0.244907
       4110.00      0.248282
       4120.00      0.264780
       4130.00      0.253734
       4140.00      0.245884
       4150.00      0.236430
       4160.00      0.244007
       4170.00      0.245602
       4180.00      0.232806
       4190.00      0.237477
       4200.00      0.238682
       4210.00      0.245968
       4220.00      0.245189
       4230.00      0.233375
       4240.00      0.253778
       4250.00      0.246035
       4260.00      0.238328
       4270.00      0.229931
       4280.00      0.225242
       4290.00      0.225584
       4300.00      0.190753
       4310.00      0.195967
       4320.00      0.239370
       4330.00      0.260623
       4340.00      0.260927
       4350.00      0.261514
       4360.00      0.283187
       4370.00      0.283059
       4380.00      0.248166
       4390.00      0.246754
       4400.00      0.256242
       4410.00      0.275900
       4420.00      0.292618
       4430.00      0.296668
       4440.00      0.298699
       4450.00      0.300070
       4460.00      0.294394
       4470.00      0.307371
       4480.00      0.324394
       4490.00      0.315895
       4500.00      0.330758
       4510.00      0.345279
       4520.00      0.330620
       4530.00      0.314748
       4540.00      0.320107
       4550.00      0.330983
       4560.00      0.335966
       4570.00      0.348568
       4580.00      0.338062
       4590.00      0.328774
       4600.00      0.334437
       4610.00      0.343481
       4620.00      0.353247
       4630.00      0.350476
       4640.00      0.336585
       4650.00      0.334751
       4660.00      0.333811
       4670.00      0.338449
       4680.00      0.338830
       4690.00      0.339737
       4700.00      0.334662
       4710.00      0.333864
       4720.00      0.356707
       4730.00      0.355472
       4740.00      0.356509
       4750.00      0.363588
       4760.00      0.353058
       4770.00      0.365139
       4780.00      0.370686
       4790.00      0.367669
       4800.00      0.370303
       4810.00      0.377050
       4820.00      0.379354
       4830.00      0.374762
       4840.00      0.373433
       4850.00      0.363248
       4860.00      0.331339
       4870.00      0.320901
       4880.00      0.349076
       4890.00      0.355629
       4900.00      0.363674
       4910.00      0.362049
       4920.00      0.340653
       4930.00      0.344152
       4940.00      0.357425
       4950.00      0.355951
       4960.00      0.356317
       4970.00      0.365037
       4980.00      0.354720
       4990.00      0.350324
       5000.00      0.350367
       5010.00      0.333708
       5020.00      0.339546
       5030.00      0.348483
       5040.00      0.352301
       5050.00      0.345139
       5060.00      0.351562
       5070.00      0.350094
       5080.00      0.342979
       5090.00      0.349449
       5100.00      0.345442
       5110.00      0.347475
       5120.00      0.349338
       5130.00      0.338508
       5140.00      0.337970
       5150.00      0.339681
       5160.00      0.331815
       5170.00      0.297365
       5180.00      0.295195
       5190.00      0.315367
       5200.00      0.342613
       5210.00      0.344811
       5220.00      0.343200
       5230.00      0.341398
       5240.00      0.356203
       5250.00      0.366977
       5260.00      0.340630
       5270.00      0.319322
       5280.00      0.340787
       5290.00      0.367951
       5300.00      0.371155
       5310.00      0.376176
       5320.00      0.370498
       5330.00      0.355344
       5340.00      0.362417
       5350.00      0.366682
       5360.00      0.378217
       5370.00      0.370703
       5380.00      0.367863
       5390.00      0.371436
       5400.00      0.354984
       5410.00      0.357307
       5420.00      0.381045
       5430.00      0.380495
       5440.00      0.380175
       5450.00      0.386681
       5460.00      0.390513
       5470.00      0.385645
       5480.00      0.377777
       5490.00      0.384240
       5500.00      0.398943
       5510.00      0.385470
       5520.00      0.387017
       5530.00      0.394163
       5540.00      0.389722
       5550.00      0.396466
       5560.00      0.397610
       5570.00      0.389849
       5580.00      0.389891
       5590.00      0.378105
       5600.00      0.370789
       5610.00      0.393698
       5620.00      0.390424
       5630.00      0.388997
       5640.00      0.381347
       5650.00      0.394934
       5660.00      0.395331
       5670.00      0.393905
       5680.00      0.397576
       5690.00      0.402324
       5700.00      0.392919
       5710.00      0.396211
       5720.00      0.395880
       5730.00      0.415020
       5740.00      0.403499
       5760.00      0.400663
       5780.00      0.399277
       5800.00      0.394694
       5820.00      0.406118
       5840.00      0.411802
       5860.00      0.400525
       5880.00      0.388621
       5900.00      0.379600
       5920.00      0.396466
       5940.00      0.407652
       5960.00      0.397965
       5980.00      0.408035
       6000.00      0.401510
       6020.00      0.403608
       6040.00      0.401929
       6060.00      0.407422
       6080.00      0.408460
       6100.00      0.402040
       6120.00      0.403090
       6140.00      0.393701
       6160.00      0.382696
       6180.00      0.393493
       6200.00      0.400221
       6220.00      0.399931
       6240.00      0.397656
       6260.00      0.399026
       6280.00      0.404993
       6300.00      0.402723
       6320.00      0.400468
       6340.00      0.403767
       6360.00      0.400873
       6380.00      0.407388
       6400.00      0.411281
       6420.00      0.401954
       6440.00      0.409047
       6460.00      0.404582
       6480.00      0.395044
       6500.00      0.403046
       6520.00      0.404345
       6540.00      0.404372
       6560.00      0.386762
       6580.00      0.383074
       6600.00      0.405391
       6620.00      0.403230
       6640.00      0.405750
       6660.00      0.407013
       6680.00      0.407032
       6700.00      0.403350
       6720.00      0.397230
       6740.00      0.402182
       6760.00      0.400992
       6780.00      0.401028
       6800.00      0.405014
       6820.00      0.400191
       6840.00      0.406572
       6860.00      0.396352
       6880.00      0.381085
       6900.00      0.390161
       6920.00      0.396796
       6940.00      0.395057
       6960.00      0.395406
       6980.00      0.388649
       7000.00      0.388129
       7020.00      0.388789
       7040.00      0.382696
       7060.00      0.393025
       7080.00      0.390164
       7100.00      0.393139
       7120.00      0.390293
       7140.00      0.387753
       7160.00      0.394461
       7180.00      0.384442
       7200.00      0.370174
       7220.00      0.373441
       7240.00      0.378402
       7260.00      0.377075
       7280.00      0.374904
       7300.00      0.376424
       7320.00      0.377654
       7340.00      0.377469
       7360.00      0.383742
       7380.00      0.377103
       7400.00      0.374688
       7420.00      0.378412
       7440.00      0.377394
       7460.00      0.381091
       7480.00      0.377310
       7500.00      0.373273
       7520.00      0.372555
       7540.00      0.368827
       7560.00      0.363478
       7580.00      0.380236
       7600.00      0.329215
       7620.00      0.315878
       7640.00      0.346421
       7660.00      0.346326
       7680.00      0.345424
       7700.00      0.369749
       7720.00      0.368524
       7740.00      0.367038
       7760.00      0.367955
       7780.00      0.372852
       7800.00      0.365274
       7820.00      0.365396
       7840.00      0.364464
       7860.00      0.363800
       7880.00      0.365498
       7900.00      0.354112
       7920.00      0.353478
       7940.00      0.348164
       7960.00      0.354038
       7980.00      0.357293
       8000.00      0.355367
       8020.00      0.356284
       8040.00      0.356169
       8060.00      0.353491
       8080.00      0.359264
       8100.00      0.361693
       8120.00      0.360802
       8140.00      0.369053
       8160.00      0.365363
       8180.00      0.353357
       8200.00      0.355266
       8220.00      0.361440
       8240.00      0.353792
       8260.00      0.363942
       8280.00      0.354080
       8300.00      0.341278
       8320.00      0.341202
       8340.00      0.329236
       8360.00      0.344760
       8380.00      0.356018
       8400.00      0.353695
       8420.00      0.360216
       8440.00      0.356669
       8460.00      0.358757
       8480.00      0.359373
       8500.00      0.340783
       8520.00      0.349925
       8540.00      0.327574
       8560.00      0.328740
       8580.00      0.336883
       8600.00      0.335619
       8620.00      0.337717
       8640.00      0.339565
       8660.00      0.325898
       8680.00      0.317530
       8700.00      0.342923
       8720.00      0.360144
       8740.00      0.353410
       8760.00      0.358499
       8780.00      0.348270
       8800.00      0.335035
       8820.00      0.325608
       8840.00      0.330481
       8860.00      0.343260
       8880.00      0.337833
       8900.00      0.344038
       8920.00      0.343730
       8940.00      0.335104
       8960.00      0.338045
       8980.00      0.326019
       9000.00      0.321851
       9020.00      0.330299
       9040.00      0.359737
       9060.00      0.342980
       9080.00      0.328572
       9100.00      0.329666
       9120.00      0.320787
       9140.00      0.320990
       9160.00      0.315552
       9180.00      0.322067
       9200.00      0.321366
       9220.00      0.322462
       9240.00      0.318410
       9260.00      0.311475
       9280.00      0.316147
       9300.00      0.306136
       9320.00      0.299716
       9340.00      0.294429
       9360.00      0.275037
       9380.00      0.301543
       9400.00      0.315188
       9420.00      0.313203
       9440.00      0.268766
       9460.00      0.308821
       9480.00      0.289209
       9500.00      0.315133
       9520.00      0.307309
       9540.00      0.302766
       9560.00      0.322448
       9580.00      0.314227
       9600.00      0.298291
       9620.00      0.315497
       9640.00      0.288909
       9660.00      0.307560
       9680.00      0.316743
       9700.00      0.301819
       9720.00      0.304174
       9740.00      0.304398
       9760.00      0.308220
       9780.00      0.316040
       9800.00      0.316449
       9820.00      0.298762
       9840.00      0.313903
       9860.00      0.297969
       9880.00      0.312841
       9900.00      0.309496
       9920.00      0.306789
       9940.00      0.314902
       9960.00      0.322567
       9980.00      0.315710
       10000.0      0.331607
       10020.0      0.314243
       10040.0      0.318350
       10060.0      0.301698
       10080.0      0.314422
       10100.0      0.305004
       10120.0      0.301747
       10140.0      0.299318
       10160.0      0.297102
       10180.0      0.293880
       10200.0      0.290468
       10220.0      0.293942
       10240.0      0.288324
       10260.0      0.299442
       10280.0      0.308305
       10300.0      0.297276
       10320.0      0.302906
       10340.0      0.294727
       10360.0      0.310312
       10380.0      0.315088
       10400.0      0.317462
       10420.0      0.301982
       10440.0      0.312090
       10460.0      0.306160
       10480.0      0.295324
       10500.0      0.312078
       10520.0      0.311092
       10540.0      0.294035
       10560.0      0.310891
       10580.0      0.297806
       10600.0      0.296854
       10620.0      0.305439
