       3160.00     0.0253709
       3170.00     0.0263232
       3180.00     0.0262465
       3190.00     0.0265184
       3200.00     0.0252242
       3210.00     0.0274090
       3220.00     0.0214986
       3230.00     0.0243930
       3240.00     0.0241854
       3250.00     0.0275212
       3260.00     0.0338896
       3270.00     0.0372289
       3280.00     0.0387663
       3290.00     0.0432546
       3300.00     0.0462577
       3310.00     0.0420517
       3320.00     0.0424648
       3330.00     0.0398864
       3340.00     0.0431727
       3350.00     0.0430497
       3360.00     0.0413621
       3370.00     0.0365982
       3380.00     0.0408062
       3390.00     0.0452997
       3400.00     0.0468679
       3410.00     0.0430405
       3420.00     0.0443499
       3430.00     0.0441411
       3440.00     0.0374502
       3450.00     0.0396564
       3460.00     0.0446197
       3470.00     0.0416676
       3480.00     0.0445927
       3490.00     0.0449282
       3500.00     0.0470704
       3510.00     0.0530295
       3520.00     0.0460283
       3530.00     0.0499149
       3540.00     0.0577192
       3550.00     0.0546651
       3560.00     0.0445208
       3570.00     0.0386017
       3580.00     0.0379444
       3590.00     0.0413979
       3600.00     0.0453950
       3610.00     0.0441793
       3620.00     0.0496747
       3630.00     0.0531974
       3640.00     0.0506593
       3650.00     0.0599821
       3660.00     0.0677479
       3670.00     0.0697924
       3680.00     0.0644685
       3690.00     0.0669331
       3700.00     0.0601191
       3710.00     0.0499870
       3720.00     0.0460355
       3730.00     0.0392122
       3740.00     0.0363159
       3750.00     0.0424676
       3760.00     0.0475091
       3770.00     0.0613795
       3780.00     0.0685859
       3790.00     0.0568413
       3800.00     0.0541801
       3810.00     0.0520441
       3820.00     0.0386147
       3830.00     0.0386970
       3840.00     0.0418527
       3850.00     0.0467274
       3860.00     0.0452287
       3870.00     0.0447545
       3880.00     0.0488360
       3890.00     0.0573329
       3900.00     0.0602325
       3910.00     0.0694938
       3920.00     0.0585339
       3930.00     0.0509506
       3940.00     0.0597199
       3950.00     0.0698256
       3960.00     0.0639927
       3970.00     0.0699644
       3980.00     0.0956780
       3990.00      0.123459
       4000.00      0.130212
       4010.00      0.140427
       4020.00      0.137752
       4030.00      0.126149
       4040.00      0.125644
       4050.00      0.126825
       4060.00      0.125697
       4070.00      0.131466
       4080.00      0.144988
       4090.00      0.155063
       4100.00      0.148699
       4110.00      0.153219
       4120.00      0.151949
       4130.00      0.148138
       4140.00      0.134183
       4150.00      0.143481
       4160.00      0.148100
       4170.00      0.149847
       4180.00      0.145760
       4190.00      0.141693
       4200.00      0.147941
       4210.00      0.155640
       4220.00      0.132008
       4230.00      0.130822
       4240.00      0.143008
       4250.00      0.147942
       4260.00      0.146909
       4270.00      0.150078
       4280.00      0.147088
       4290.00      0.143566
       4300.00      0.132089
       4310.00      0.161746
       4320.00      0.184096
       4330.00      0.196041
       4340.00      0.199719
       4350.00      0.213723
       4360.00      0.221363
       4370.00      0.209312
       4380.00      0.185398
       4390.00      0.201171
       4400.00      0.195933
       4410.00      0.208518
       4420.00      0.222457
       4430.00      0.223449
       4440.00      0.234747
       4450.00      0.222708
       4460.00      0.220549
       4470.00      0.255744
       4480.00      0.260695
       4490.00      0.263931
       4500.00      0.276374
       4510.00      0.279130
       4520.00      0.256965
       4530.00      0.249991
       4540.00      0.269563
       4550.00      0.284810
       4560.00      0.283630
       4570.00      0.286248
       4580.00      0.285326
       4590.00      0.284661
       4600.00      0.286202
       4610.00      0.296440
       4620.00      0.287535
       4630.00      0.293729
       4640.00      0.289990
       4650.00      0.292131
       4660.00      0.289916
       4670.00      0.285166
       4680.00      0.292963
       4690.00      0.284323
       4700.00      0.286205
       4710.00      0.296432
       4720.00      0.294814
       4730.00      0.298597
       4740.00      0.305651
       4750.00      0.299759
       4760.00      0.293728
       4770.00      0.294092
       4780.00      0.290869
       4790.00      0.312667
       4800.00      0.320457
       4810.00      0.319385
       4820.00      0.311732
       4830.00      0.303585
       4840.00      0.308109
       4850.00      0.299602
       4860.00      0.290810
       4870.00      0.296812
       4880.00      0.284868
       4890.00      0.298108
       4900.00      0.311333
       4910.00      0.294156
       4920.00      0.291420
       4930.00      0.304302
       4940.00      0.294893
       4950.00      0.301262
       4960.00      0.301401
       4970.00      0.299972
       4980.00      0.287284
       4990.00      0.283507
       5000.00      0.279668
       5010.00      0.273317
       5020.00      0.284529
       5030.00      0.285783
       5040.00      0.270298
       5050.00      0.281257
       5060.00      0.277352
       5070.00      0.262283
       5080.00      0.265409
       5090.00      0.269021
       5100.00      0.252452
       5110.00      0.261069
       5120.00      0.265428
       5130.00      0.258038
       5140.00      0.253330
       5150.00      0.251363
       5160.00      0.229397
       5170.00      0.204916
       5180.00      0.223285
       5190.00      0.258433
       5200.00      0.250407
       5210.00      0.271722
       5220.00      0.293703
       5230.00      0.301297
       5240.00      0.311762
       5250.00      0.311540
       5260.00      0.274805
       5270.00      0.284448
       5280.00      0.332273
       5290.00      0.328404
       5300.00      0.327711
       5310.00      0.338502
       5320.00      0.312530
       5330.00      0.308581
       5340.00      0.327810
       5350.00      0.344309
       5360.00      0.328404
       5370.00      0.335046
       5380.00      0.347168
       5390.00      0.333623
       5400.00      0.313851
       5410.00      0.331237
       5420.00      0.346043
       5430.00      0.353262
       5440.00      0.359845
       5450.00      0.360972
       5460.00      0.359240
       5470.00      0.356447
       5480.00      0.364327
       5490.00      0.374307
       5500.00      0.374689
       5510.00      0.369767
       5520.00      0.364157
       5530.00      0.370543
       5540.00      0.382532
       5550.00      0.386756
       5560.00      0.370996
       5570.00      0.368931
       5580.00      0.355006
       5590.00      0.358900
       5600.00      0.379477
       5610.00      0.383661
       5620.00      0.379513
       5630.00      0.382990
       5640.00      0.393708
       5650.00      0.385771
       5660.00      0.391973
       5670.00      0.395404
       5680.00      0.386820
       5690.00      0.397095
       5700.00      0.391272
       5710.00      0.380353
       5720.00      0.397396
       5730.00      0.409960
       5740.00      0.419765
       5760.00      0.427100
       5780.00      0.426970
       5800.00      0.426505
       5820.00      0.423031
       5840.00      0.430254
       5860.00      0.415823
       5880.00      0.387907
       5900.00      0.394516
       5920.00      0.416214
       5940.00      0.433504
       5960.00      0.435644
       5980.00      0.435816
       6000.00      0.436636
       6020.00      0.440039
       6040.00      0.443096
       6060.00      0.446455
       6080.00      0.436657
       6100.00      0.440654
       6120.00      0.445261
       6140.00      0.431439
       6160.00      0.432884
       6180.00      0.435580
       6200.00      0.450826
       6220.00      0.433405
       6240.00      0.436386
       6260.00      0.432192
       6280.00      0.428954
       6300.00      0.443670
       6320.00      0.442266
       6340.00      0.435340
       6360.00      0.452347
       6380.00      0.451845
       6400.00      0.436737
       6420.00      0.442658
       6440.00      0.435839
       6460.00      0.447757
       6480.00      0.453589
       6500.00      0.455490
       6520.00      0.457976
       6540.00      0.452406
       6560.00      0.446870
       6580.00      0.447288
       6600.00      0.460098
       6620.00      0.460474
       6640.00      0.447646
       6660.00      0.458293
       6680.00      0.457504
       6700.00      0.456429
       6720.00      0.464926
       6740.00      0.469615
       6760.00      0.468514
       6780.00      0.474314
       6800.00      0.462034
       6820.00      0.468961
       6840.00      0.475848
       6860.00      0.462252
       6880.00      0.454680
       6900.00      0.463806
       6920.00      0.467814
       6940.00      0.470676
       6960.00      0.471842
       6980.00      0.467420
       7000.00      0.447442
       7020.00      0.469474
       7040.00      0.473397
       7060.00      0.465711
       7080.00      0.472373
       7100.00      0.468299
       7120.00      0.456315
       7140.00      0.456673
       7160.00      0.459750
       7180.00      0.480172
       7200.00      0.482626
       7220.00      0.478321
       7240.00      0.470543
       7260.00      0.467101
       7280.00      0.469831
       7300.00      0.472813
       7320.00      0.467530
       7340.00      0.454579
       7360.00      0.449639
       7380.00      0.459242
       7400.00      0.455368
       7420.00      0.455978
       7440.00      0.466010
       7460.00      0.471027
       7480.00      0.461435
       7500.00      0.467217
       7520.00      0.454836
       7540.00      0.462413
       7560.00      0.466858
       7580.00      0.420143
       7600.00      0.420575
       7620.00      0.535267
       7640.00      0.497917
       7660.00      0.475257
       7680.00      0.436230
       7700.00      0.447998
       7720.00      0.452641
       7740.00      0.468332
       7760.00      0.464364
       7780.00      0.459415
       7800.00      0.477215
       7820.00      0.476742
       7840.00      0.474781
       7860.00      0.481255
       7880.00      0.464955
       7900.00      0.470188
       7920.00      0.481052
       7940.00      0.471254
       7960.00      0.476432
       7980.00      0.473530
       8000.00      0.475755
       8020.00      0.475540
       8040.00      0.474841
       8060.00      0.478496
       8080.00      0.454652
       8100.00      0.468198
       8120.00      0.478319
       8140.00      0.477144
       8160.00      0.473587
       8180.00      0.467429
       8200.00      0.471039
       8220.00      0.463969
       8240.00      0.462843
       8260.00      0.482002
       8280.00      0.465312
       8300.00      0.468884
       8320.00      0.445985
       8340.00      0.434873
       8360.00      0.464121
       8380.00      0.459294
       8400.00      0.461911
       8420.00      0.467291
       8440.00      0.444490
       8460.00      0.464621
       8480.00      0.448136
       8500.00      0.448456
       8520.00      0.438716
       8540.00      0.435636
       8560.00      0.446678
       8580.00      0.464707
       8600.00      0.449357
       8620.00      0.463002
       8640.00      0.449982
       8660.00      0.447368
       8680.00      0.457333
       8700.00      0.451133
       8720.00      0.451215
       8740.00      0.447731
       8760.00      0.456492
       8780.00      0.448797
       8800.00      0.419445
       8820.00      0.445657
       8840.00      0.439361
       8860.00      0.451779
       8880.00      0.461729
       8900.00      0.448874
       8920.00      0.441535
       8940.00      0.457323
       8960.00      0.450216
       8980.00      0.472205
       9000.00      0.469857
       9020.00      0.483067
       9040.00      0.489325
       9060.00      0.474700
       9080.00      0.456922
       9100.00      0.483744
       9120.00      0.468587
       9140.00      0.463086
       9160.00      0.441661
       9180.00      0.461917
       9200.00      0.459219
       9220.00      0.448083
       9240.00      0.447956
       9260.00      0.439626
       9280.00      0.434901
       9300.00      0.445275
       9320.00      0.454352
       9340.00      0.537631
       9360.00      0.489244
       9380.00      0.484670
       9400.00      0.480945
       9420.00      0.442498
       9440.00      0.476225
       9460.00      0.492102
       9480.00      0.478325
       9500.00      0.464606
       9520.00      0.444602
       9540.00      0.455103
       9560.00      0.457207
       9580.00      0.453610
       9600.00      0.470723
       9620.00      0.463062
       9640.00      0.446543
       9660.00      0.452676
       9680.00      0.439869
       9700.00      0.439564
       9720.00      0.434652
       9740.00      0.440559
       9760.00      0.442250
       9780.00      0.435969
       9800.00      0.432893
       9820.00      0.435185
       9840.00      0.431331
       9860.00      0.421171
       9880.00      0.411053
       9900.00      0.417108
       9920.00      0.416660
       9940.00      0.407004
       9960.00      0.412053
       9980.00      0.418254
       10000.0      0.411184
       10020.0      0.413280
       10040.0      0.420799
       10060.0      0.415896
       10080.0      0.421254
       10100.0      0.420999
       10120.0      0.407271
       10140.0      0.407044
       10160.0      0.401258
       10180.0      0.409080
       10200.0      0.399303
       10220.0      0.398521
       10240.0      0.386140
       10260.0      0.405890
       10280.0      0.393921
       10300.0      0.397317
       10320.0      0.392583
       10340.0      0.392954
       10360.0      0.399528
       10380.0      0.403825
       10400.0      0.384132
       10420.0      0.398536
       10440.0      0.389377
       10460.0      0.402040
       10480.0      0.403317
       10500.0      0.404219
       10520.0      0.414930
       10540.0      0.400282
       10560.0      0.389932
       10580.0      0.392141
       10600.0      0.390482
       10620.0      0.391948
