       3160.00     0.0181188
       3170.00     0.0203724
       3180.00     0.0178464
       3190.00     0.0177378
       3200.00     0.0178503
       3210.00     0.0181925
       3220.00     0.0130437
       3230.00     0.0129409
       3240.00     0.0152447
       3250.00     0.0153529
       3260.00     0.0192121
       3270.00     0.0208180
       3280.00     0.0229878
       3290.00     0.0247562
       3300.00     0.0262187
       3310.00     0.0271749
       3320.00     0.0281962
       3330.00     0.0290903
       3340.00     0.0317094
       3350.00     0.0329888
       3360.00     0.0296806
       3370.00     0.0291139
       3380.00     0.0344456
       3390.00     0.0379023
       3400.00     0.0391546
       3410.00     0.0390792
       3420.00     0.0402618
       3430.00     0.0381558
       3440.00     0.0296448
       3450.00     0.0334935
       3460.00     0.0360964
       3470.00     0.0368155
       3480.00     0.0376462
       3490.00     0.0403015
       3500.00     0.0452457
       3510.00     0.0490608
       3520.00     0.0396526
       3530.00     0.0493825
       3540.00     0.0609368
       3550.00     0.0515652
       3560.00     0.0402453
       3570.00     0.0301747
       3580.00     0.0307380
       3590.00     0.0368858
       3600.00     0.0370074
       3610.00     0.0375285
       3620.00     0.0437922
       3630.00     0.0470316
       3640.00     0.0430439
       3650.00     0.0484402
       3660.00     0.0629323
       3670.00     0.0564436
       3680.00     0.0502001
       3690.00     0.0564746
       3700.00     0.0542877
       3710.00     0.0423042
       3720.00     0.0423711
       3730.00     0.0383390
       3740.00     0.0322351
       3750.00     0.0398100
       3760.00     0.0520184
       3770.00     0.0570141
       3780.00     0.0597789
       3790.00     0.0554455
       3800.00     0.0565552
       3810.00     0.0497483
       3820.00     0.0397842
       3830.00     0.0415753
       3840.00     0.0522035
       3850.00     0.0493711
       3860.00     0.0478766
       3870.00     0.0498453
       3880.00     0.0468764
       3890.00     0.0515757
       3900.00     0.0554669
       3910.00     0.0596991
       3920.00     0.0530667
       3930.00     0.0487851
       3940.00     0.0572234
       3950.00     0.0590350
       3960.00     0.0563405
       3970.00     0.0684962
       3980.00     0.0948923
       3990.00      0.102234
       4000.00      0.108026
       4010.00      0.122588
       4020.00      0.115262
       4030.00      0.115560
       4040.00      0.123923
       4050.00      0.126272
       4060.00      0.125795
       4070.00      0.130275
       4080.00      0.152273
       4090.00      0.148862
       4100.00      0.138664
       4110.00      0.145766
       4120.00      0.146473
       4130.00      0.145874
       4140.00      0.146414
       4150.00      0.158530
       4160.00      0.151122
       4170.00      0.150840
       4180.00      0.157714
       4190.00      0.145229
       4200.00      0.152723
       4210.00      0.138313
       4220.00     0.0899733
       4230.00      0.104138
       4240.00      0.135750
       4250.00      0.131082
       4260.00      0.139608
       4270.00      0.143845
       4280.00      0.144530
       4290.00      0.141373
       4300.00      0.153860
       4310.00      0.175487
       4320.00      0.205493
       4330.00      0.208588
       4340.00      0.217940
       4350.00      0.234509
       4360.00      0.249770
       4370.00      0.204526
       4380.00      0.193472
       4390.00      0.219897
       4400.00      0.229172
       4410.00      0.235966
       4420.00      0.242274
       4430.00      0.247037
       4440.00      0.268654
       4450.00      0.243661
       4460.00      0.273627
       4470.00      0.306390
       4480.00      0.311331
       4490.00      0.323509
       4500.00      0.340412
       4510.00      0.347331
       4520.00      0.310137
       4530.00      0.298104
       4540.00      0.330604
       4550.00      0.361853
       4560.00      0.389429
       4570.00      0.381959
       4580.00      0.382886
       4590.00      0.391422
       4600.00      0.399190
       4610.00      0.414286
       4620.00      0.418263
       4630.00      0.416198
       4640.00      0.389014
       4650.00      0.409566
       4660.00      0.409841
       4670.00      0.409395
       4680.00      0.413116
       4690.00      0.413596
       4700.00      0.404852
       4710.00      0.409771
       4720.00      0.418228
       4730.00      0.396104
       4740.00      0.406965
       4750.00      0.388706
       4760.00      0.353583
       4770.00      0.327624
       4780.00      0.338396
       4790.00      0.380761
       4800.00      0.398868
       4810.00      0.405164
       4820.00      0.388290
       4830.00      0.386025
       4840.00      0.407790
       4850.00      0.410205
       4860.00      0.392630
       4870.00      0.400379
       4880.00      0.389368
       4890.00      0.390496
       4900.00      0.422682
       4910.00      0.402250
       4920.00      0.412701
       4930.00      0.424404
       4940.00      0.432795
       4950.00      0.411828
       4960.00      0.395620
       4970.00      0.391917
       4980.00      0.378716
       4990.00      0.378630
       5000.00      0.366381
       5010.00      0.354651
       5020.00      0.371347
       5030.00      0.368271
       5040.00      0.364340
       5050.00      0.366214
       5060.00      0.355264
       5070.00      0.331434
       5080.00      0.342025
       5090.00      0.343400
       5100.00      0.324740
       5110.00      0.338439
       5120.00      0.339616
       5130.00      0.344194
       5140.00      0.345289
       5150.00      0.359233
       5160.00      0.334313
       5170.00      0.276084
       5180.00      0.310319
       5190.00      0.369672
       5200.00      0.345699
       5210.00      0.385988
       5220.00      0.457020
       5230.00      0.474842
       5240.00      0.501316
       5250.00      0.487817
       5260.00      0.428951
       5270.00      0.438594
       5280.00      0.523865
       5290.00      0.518110
       5300.00      0.523663
       5310.00      0.565516
       5320.00      0.510136
       5330.00      0.494617
       5340.00      0.521943
       5350.00      0.567819
       5360.00      0.573468
       5370.00      0.563765
       5380.00      0.600440
       5390.00      0.569590
       5400.00      0.527841
       5410.00      0.563882
       5420.00      0.601154
       5430.00      0.589837
       5440.00      0.591594
       5450.00      0.580520
       5460.00      0.600319
       5470.00      0.608681
       5480.00      0.610453
       5490.00      0.634067
       5500.00      0.626194
       5510.00      0.614081
       5520.00      0.640360
       5530.00      0.668975
       5540.00      0.697486
       5550.00      0.711970
       5560.00      0.693164
       5570.00      0.673219
       5580.00      0.669604
       5590.00      0.643762
       5600.00      0.673213
       5610.00      0.700762
       5620.00      0.698319
       5630.00      0.737066
       5640.00      0.741120
       5650.00      0.751108
       5660.00      0.746219
       5670.00      0.757348
       5680.00      0.757789
       5690.00      0.761772
       5700.00      0.755720
       5710.00      0.761458
       5720.00      0.775987
       5730.00      0.813921
       5740.00      0.783235
       5760.00      0.784598
       5780.00      0.790022
       5800.00      0.816264
       5820.00      0.819809
       5840.00      0.800317
       5860.00      0.743113
       5880.00      0.596583
       5900.00      0.615063
       5920.00      0.781555
       5940.00      0.811167
       5960.00      0.818593
       5980.00      0.818664
       6000.00      0.829376
       6020.00      0.853412
       6040.00      0.890083
       6060.00      0.882710
       6080.00      0.857148
       6100.00      0.815780
       6120.00      0.815859
       6140.00      0.814843
       6160.00      0.794197
       6180.00      0.806850
       6200.00      0.814003
       6220.00      0.792478
       6240.00      0.778630
       6260.00      0.804054
       6280.00      0.841086
       6300.00      0.862950
       6320.00      0.887333
       6340.00      0.887184
       6360.00      0.896545
       6380.00      0.887942
       6400.00      0.916143
       6420.00      0.941027
       6440.00      0.943844
       6460.00      0.965368
       6480.00      0.973278
       6500.00      0.984757
       6520.00       1.02296
       6540.00       1.01264
       6560.00       1.01314
       6580.00       1.03100
       6600.00       1.02991
       6620.00       1.02883
       6640.00       1.01561
       6660.00      0.993388
       6680.00      0.979851
       6700.00      0.964389
       6720.00      0.958018
       6740.00      0.952184
       6760.00      0.959308
       6780.00      0.940620
       6800.00      0.936865
       6820.00      0.918352
       6840.00      0.918614
       6860.00      0.870874
       6880.00      0.858575
       6900.00      0.922800
       6920.00      0.986169
       6940.00      0.998820
       6960.00       1.00464
       6980.00       1.00465
       7000.00       1.02194
       7020.00       1.05445
       7040.00       1.06959
       7060.00       1.04038
       7080.00       1.04931
       7100.00       1.03736
       7120.00       1.01887
       7140.00       1.00049
       7160.00       1.03054
       7180.00       1.04078
       7200.00       1.05422
       7220.00       1.07457
       7240.00       1.07531
       7260.00       1.10614
       7280.00       1.13079
       7300.00       1.13598
       7320.00       1.13884
       7340.00       1.13162
       7360.00       1.14635
       7380.00       1.16418
       7400.00       1.14515
       7420.00       1.16515
       7440.00       1.18280
       7460.00       1.19404
       7480.00       1.20612
       7500.00       1.21276
       7520.00       1.21221
       7540.00       1.23485
       7560.00       1.22536
       7580.00       1.08293
       7600.00      0.988124
       7620.00       1.16544
       7640.00       1.17382
       7660.00       1.24533
       7680.00       1.17340
       7700.00       1.19173
       7720.00       1.23696
       7740.00       1.22030
       7760.00       1.22625
       7780.00       1.23994
       7800.00       1.26907
       7820.00       1.26196
       7840.00       1.28145
       7860.00       1.30256
       7880.00       1.28177
       7900.00       1.28108
       7920.00       1.26257
       7940.00       1.24966
       7960.00       1.28071
       7980.00       1.29350
       8000.00       1.28900
       8020.00       1.30506
       8040.00       1.30223
       8060.00       1.29650
       8080.00       1.28040
       8100.00       1.26894
       8120.00       1.28568
       8140.00       1.28747
       8160.00       1.25385
       8180.00       1.23312
       8200.00       1.28707
       8220.00       1.31991
       8240.00       1.34770
       8260.00       1.35501
       8280.00       1.31521
       8300.00       1.28775
       8320.00       1.29072
       8340.00       1.28400
       8360.00       1.26766
       8380.00       1.30794
       8400.00       1.30603
       8420.00       1.30651
       8440.00       1.28272
       8460.00       1.32496
       8480.00       1.27825
       8500.00       1.23888
       8520.00       1.20047
       8540.00       1.22717
       8560.00       1.30831
       8580.00       1.29977
       8600.00       1.26276
       8620.00       1.26801
       8640.00       1.21958
       8660.00       1.18417
       8680.00       1.23951
       8700.00       1.25751
       8720.00       1.29008
       8740.00       1.27713
       8760.00       1.28918
       8780.00       1.25409
       8800.00       1.24551
       8820.00       1.25869
       8840.00       1.30374
       8860.00       1.28979
       8880.00       1.29938
       8900.00       1.29155
       8920.00       1.28074
       8940.00       1.26510
       8960.00       1.29377
       8980.00       1.27480
       9000.00       1.26040
       9020.00       1.33434
       9040.00       1.37673
       9060.00       1.33512
       9080.00       1.27668
       9100.00       1.33258
       9120.00       1.32524
       9140.00       1.28557
       9160.00       1.27286
       9180.00       1.29059
       9200.00       1.30750
       9220.00       1.29556
       9240.00       1.29748
       9260.00       1.24714
       9280.00       1.20318
       9300.00       1.14784
       9320.00       1.09599
       9340.00       1.23610
       9360.00       1.19038
       9380.00       1.28922
       9400.00       1.35117
       9420.00       1.15533
       9440.00       1.13687
       9460.00       1.19449
       9480.00       1.21785
       9500.00       1.19158
       9520.00       1.24591
       9540.00       1.25456
       9560.00       1.25721
       9580.00       1.22267
       9600.00       1.24287
       9620.00       1.24169
       9640.00       1.25828
       9660.00       1.28907
       9680.00       1.29265
       9700.00       1.26054
       9720.00       1.26901
       9740.00       1.26261
       9760.00       1.25107
       9780.00       1.27291
       9800.00       1.29945
       9820.00       1.31871
       9840.00       1.30066
       9860.00       1.30790
       9880.00       1.27397
       9900.00       1.30092
       9920.00       1.24885
       9940.00       1.25783
       9960.00       1.26677
       9980.00       1.26861
       10000.0       1.31278
       10020.0       1.28333
       10040.0       1.28178
       10060.0       1.26821
       10080.0       1.27069
       10100.0       1.26518
       10120.0       1.23247
       10140.0       1.27079
       10160.0       1.28417
       10180.0       1.25029
       10200.0       1.24125
       10220.0       1.25296
       10240.0       1.22557
       10260.0       1.21663
       10280.0       1.24728
       10300.0       1.21550
       10320.0       1.23267
       10340.0       1.24101
       10360.0       1.26165
       10380.0       1.26116
       10400.0       1.24258
       10420.0       1.25309
       10440.0       1.27225
       10460.0       1.28556
       10480.0       1.24880
       10500.0       1.26722
       10520.0       1.24725
       10540.0       1.25062
       10560.0       1.22789
       10580.0       1.23732
       10600.0       1.24354
       10620.0       1.25227
