       3160.00    0.00961699
       3170.00     0.0103569
       3180.00     0.0115808
       3190.00     0.0109435
       3200.00     0.0112456
       3210.00    0.00978465
       3220.00     0.0108938
       3230.00     0.0104331
       3240.00     0.0126015
       3250.00     0.0120868
       3260.00     0.0133392
       3270.00     0.0159211
       3280.00     0.0169082
       3290.00     0.0186866
       3300.00     0.0184771
       3310.00     0.0210427
       3320.00     0.0227926
       3330.00     0.0226737
       3340.00     0.0237940
       3350.00     0.0237932
       3360.00     0.0218507
       3370.00     0.0227539
       3380.00     0.0257612
       3390.00     0.0275999
       3400.00     0.0312479
       3410.00     0.0287695
       3420.00     0.0293344
       3430.00     0.0279448
       3440.00     0.0246666
       3450.00     0.0281630
       3460.00     0.0302103
       3470.00     0.0299585
       3480.00     0.0317569
       3490.00     0.0320803
       3500.00     0.0364665
       3510.00     0.0378573
       3520.00     0.0359344
       3530.00     0.0379287
       3540.00     0.0463435
       3550.00     0.0471792
       3560.00     0.0363904
       3570.00     0.0331042
       3580.00     0.0313302
       3590.00     0.0326575
       3600.00     0.0370230
       3610.00     0.0364546
       3620.00     0.0410178
       3630.00     0.0412476
       3640.00     0.0382146
       3650.00     0.0423300
       3660.00     0.0485180
       3670.00     0.0448485
       3680.00     0.0457502
       3690.00     0.0474126
       3700.00     0.0446212
       3710.00     0.0392159
       3720.00     0.0362536
       3730.00     0.0354351
       3740.00     0.0332181
       3750.00     0.0387528
       3760.00     0.0451435
       3770.00     0.0505191
       3780.00     0.0521560
       3790.00     0.0533051
       3800.00     0.0542445
       3810.00     0.0523720
       3820.00     0.0420397
       3830.00     0.0422198
       3840.00     0.0477677
       3850.00     0.0485695
       3860.00     0.0472588
       3870.00     0.0529940
       3880.00     0.0519473
       3890.00     0.0511221
       3900.00     0.0578639
       3910.00     0.0607523
       3920.00     0.0540854
       3930.00     0.0535713
       3940.00     0.0548864
       3950.00     0.0605968
       3960.00     0.0579639
       3970.00     0.0673483
       3980.00     0.0891496
       3990.00     0.0966809
       4000.00      0.101232
       4010.00      0.111882
       4020.00      0.107756
       4030.00      0.106153
       4040.00      0.107888
       4050.00      0.110445
       4060.00      0.116800
       4070.00      0.110481
       4080.00      0.120349
       4090.00      0.119233
       4100.00      0.115168
       4110.00      0.119307
       4120.00      0.121793
       4130.00      0.123941
       4140.00      0.119742
       4150.00      0.130151
       4160.00      0.127009
       4170.00      0.129043
       4180.00      0.127125
       4190.00      0.128828
       4200.00      0.125719
       4210.00      0.106567
       4220.00     0.0816089
       4230.00     0.0810979
       4240.00      0.105020
       4250.00      0.102874
       4260.00      0.108001
       4270.00      0.114521
       4280.00      0.111739
       4290.00      0.118064
       4300.00      0.116851
       4310.00      0.132030
       4320.00      0.141689
       4330.00      0.149129
       4340.00      0.160410
       4350.00      0.157953
       4360.00      0.167388
       4370.00      0.170391
       4380.00      0.164857
       4390.00      0.171223
       4400.00      0.176949
       4410.00      0.187530
       4420.00      0.197682
       4430.00      0.197767
       4440.00      0.208608
       4450.00      0.208215
       4460.00      0.219587
       4470.00      0.249417
       4480.00      0.256067
       4490.00      0.264710
       4500.00      0.271745
       4510.00      0.274125
       4520.00      0.269575
       4530.00      0.265862
       4540.00      0.276981
       4550.00      0.299656
       4560.00      0.319650
       4570.00      0.325353
       4580.00      0.319355
       4590.00      0.326573
       4600.00      0.333247
       4610.00      0.345948
       4620.00      0.337191
       4630.00      0.338134
       4640.00      0.331244
       4650.00      0.343334
       4660.00      0.342380
       4670.00      0.334518
       4680.00      0.337827
       4690.00      0.349943
       4700.00      0.352418
       4710.00      0.349314
       4720.00      0.352421
       4730.00      0.348548
       4740.00      0.345116
       4750.00      0.339079
       4760.00      0.307703
       4770.00      0.286329
       4780.00      0.291429
       4790.00      0.322627
       4800.00      0.321954
       4810.00      0.324082
       4820.00      0.325642
       4830.00      0.325386
       4840.00      0.331176
       4850.00      0.342351
       4860.00      0.343999
       4870.00      0.352271
       4880.00      0.360646
       4890.00      0.373182
       4900.00      0.390747
       4910.00      0.389745
       4920.00      0.395379
       4930.00      0.408834
       4940.00      0.407666
       4950.00      0.377831
       4960.00      0.344929
       4970.00      0.352491
       4980.00      0.353201
       4990.00      0.349461
       5000.00      0.337865
       5010.00      0.332827
       5020.00      0.346970
       5030.00      0.345010
       5040.00      0.350798
       5050.00      0.350770
       5060.00      0.339242
       5070.00      0.338308
       5080.00      0.342938
       5090.00      0.347484
       5100.00      0.332163
       5110.00      0.348231
       5120.00      0.348733
       5130.00      0.353167
       5140.00      0.356994
       5150.00      0.364529
       5160.00      0.344335
       5170.00      0.303792
       5180.00      0.324177
       5190.00      0.373514
       5200.00      0.352746
       5210.00      0.386927
       5220.00      0.453385
       5230.00      0.463128
       5240.00      0.468085
       5250.00      0.468411
       5260.00      0.442137
       5270.00      0.451572
       5280.00      0.503330
       5290.00      0.505876
       5300.00      0.512980
       5310.00      0.530002
       5320.00      0.509471
       5330.00      0.505928
       5340.00      0.524064
       5350.00      0.556339
       5360.00      0.564085
       5370.00      0.580759
       5380.00      0.604747
       5390.00      0.594328
       5400.00      0.574792
       5410.00      0.599777
       5420.00      0.640369
       5430.00      0.630519
       5440.00      0.613162
       5450.00      0.585317
       5460.00      0.576853
       5470.00      0.597687
       5480.00      0.607766
       5490.00      0.621177
       5500.00      0.607329
       5510.00      0.596522
       5520.00      0.617192
       5530.00      0.633713
       5540.00      0.638033
       5550.00      0.649609
       5560.00      0.653279
       5570.00      0.653918
       5580.00      0.653952
       5590.00      0.631724
       5600.00      0.617984
       5610.00      0.637865
       5620.00      0.654085
       5630.00      0.655910
       5640.00      0.670847
       5650.00      0.690493
       5660.00      0.704723
       5670.00      0.695769
       5680.00      0.715860
       5690.00      0.723468
       5700.00      0.736359
       5710.00      0.742138
       5720.00      0.762595
       5730.00      0.768894
       5740.00      0.808569
       5760.00      0.818607
       5780.00      0.825085
       5800.00      0.835576
       5820.00      0.827504
       5840.00      0.801634
       5860.00      0.739211
       5880.00      0.608003
       5900.00      0.613353
       5920.00      0.728310
       5940.00      0.760962
       5960.00      0.779287
       5980.00      0.822236
       6000.00      0.845279
       6020.00      0.887723
       6040.00      0.911511
       6060.00      0.936806
       6080.00      0.943682
       6100.00      0.943344
       6120.00      0.948504
       6140.00      0.911454
       6160.00      0.848984
       6180.00      0.796714
       6200.00      0.773531
       6220.00      0.738602
       6240.00      0.751326
       6260.00      0.802650
       6280.00      0.857396
       6300.00      0.927810
       6320.00      0.987668
       6340.00       1.02540
       6360.00       1.01213
       6380.00      0.996302
       6400.00       1.05835
       6420.00       1.11530
       6440.00       1.14473
       6460.00       1.18648
       6480.00       1.21085
       6500.00       1.24748
       6520.00       1.31329
       6540.00       1.29796
       6560.00       1.28119
       6580.00       1.27934
       6600.00       1.27597
       6620.00       1.24773
       6640.00       1.21409
       6660.00       1.17358
       6680.00       1.12878
       6700.00       1.08726
       6720.00       1.05199
       6740.00       1.03141
       6760.00       1.03184
       6780.00       1.01143
       6800.00      0.986203
       6820.00      0.972955
       6840.00      0.973060
       6860.00      0.950613
       6880.00      0.968869
       6900.00       1.04892
       6920.00       1.13143
       6940.00       1.20861
       6960.00       1.25346
       6980.00       1.27348
       7000.00       1.31164
       7020.00       1.38935
       7040.00       1.41120
       7060.00       1.41816
       7080.00       1.33482
       7100.00       1.29696
       7120.00       1.25647
       7140.00       1.22233
       7160.00       1.28515
       7180.00       1.34246
       7200.00       1.37283
       7220.00       1.43657
       7240.00       1.48045
       7260.00       1.54725
       7280.00       1.61784
       7300.00       1.67376
       7320.00       1.71835
       7340.00       1.72466
       7360.00       1.76521
       7380.00       1.80691
       7400.00       1.83248
       7420.00       1.85564
       7440.00       1.87009
       7460.00       1.88356
       7480.00       1.89201
       7500.00       1.92015
       7520.00       1.91907
       7540.00       1.94297
       7560.00       1.91915
       7580.00       1.77210
       7600.00       1.72451
       7620.00       2.09647
       7640.00       1.92811
       7660.00       1.84711
       7680.00       1.69385
       7700.00       1.75759
       7720.00       1.82405
       7740.00       1.84758
       7760.00       1.83805
       7780.00       1.88303
       7800.00       1.90408
       7820.00       1.91254
       7840.00       1.93469
       7860.00       1.97341
       7880.00       2.00297
       7900.00       2.03408
       7920.00       2.04551
       7940.00       2.09500
       7960.00       2.11424
       7980.00       2.13802
       8000.00       2.15370
       8020.00       2.17474
       8040.00       2.22162
       8060.00       2.24657
       8080.00       2.24559
       8100.00       2.22510
       8120.00       2.24198
       8140.00       2.24143
       8160.00       2.19019
       8180.00       2.14125
       8200.00       2.15079
       8220.00       2.17175
       8240.00       2.21137
       8260.00       2.30537
       8280.00       2.16616
       8300.00       2.18728
       8320.00       2.20385
       8340.00       2.18284
       8360.00       2.18888
       8380.00       2.23583
       8400.00       2.27455
       8420.00       2.20284
       8440.00       2.22352
       8460.00       2.20316
       8480.00       2.18884
       8500.00       2.17657
       8520.00       2.14343
       8540.00       2.17701
       8560.00       2.22457
       8580.00       2.22997
       8600.00       2.24238
       8620.00       2.28985
       8640.00       2.25808
       8660.00       2.22257
       8680.00       2.26356
       8700.00       2.28194
       8720.00       2.28172
       8740.00       2.32190
       8760.00       2.28090
       8780.00       2.31094
       8800.00       2.27511
       8820.00       2.29550
       8840.00       2.32113
       8860.00       2.34777
       8880.00       2.31976
       8900.00       2.29905
       8920.00       2.26487
       8940.00       2.26921
       8960.00       2.26752
       8980.00       2.29580
       9000.00       2.29556
       9020.00       2.38666
       9040.00       2.47774
       9060.00       2.36536
       9080.00       2.30533
       9100.00       2.36716
       9120.00       2.41102
       9140.00       2.35165
       9160.00       2.33477
       9180.00       2.45168
       9200.00       2.46426
       9220.00       2.41076
       9240.00       2.38880
       9260.00       2.29212
       9280.00       2.15345
       9300.00       2.03382
       9320.00       1.96414
       9340.00       2.15690
       9360.00       2.12067
       9380.00       2.24272
       9400.00       2.32668
       9420.00       2.09610
       9440.00       2.11517
       9460.00       2.22162
       9480.00       2.15627
       9500.00       2.13190
       9520.00       2.20903
       9540.00       2.24917
       9560.00       2.23532
       9580.00       2.28156
       9600.00       2.27505
       9620.00       2.32975
       9640.00       2.30189
       9660.00       2.38834
       9680.00       2.48278
       9700.00       2.40346
       9720.00       2.41270
       9740.00       2.41672
       9760.00       2.44278
       9780.00       2.47321
       9800.00       2.52444
       9820.00       2.57958
       9840.00       2.54563
       9860.00       2.53193
       9880.00       2.47030
       9900.00       2.42998
       9920.00       2.40101
       9940.00       2.46926
       9960.00       2.47173
       9980.00       2.47251
       10000.0       2.49615
       10020.0       2.49956
       10040.0       2.50296
       10060.0       2.51603
       10080.0       2.57010
       10100.0       2.54936
       10120.0       2.53302
       10140.0       2.50779
       10160.0       2.55516
       10180.0       2.49695
       10200.0       2.51711
       10220.0       2.52206
       10240.0       2.49414
       10260.0       2.50534
       10280.0       2.47135
       10300.0       2.49855
       10320.0       2.45949
       10340.0       2.44920
       10360.0       2.52466
       10380.0       2.48124
       10400.0       2.48520
       10420.0       2.53917
       10440.0       2.56104
       10460.0       2.58573
       10480.0       2.58175
       10500.0       2.56563
       10520.0       2.55851
       10540.0       2.62226
       10560.0       2.59086
       10580.0       2.61044
       10600.0       2.59917
       10620.0       2.59174
