       3160.00    0.00757821
       3170.00    0.00755745
       3180.00    0.00684509
       3190.00    0.00530344
       3200.00    0.00514313
       3210.00    0.00514892
       3220.00    0.00606760
       3230.00    0.00322252
       3240.00    0.00177139
       3250.00    0.00603312
       3260.00    0.00731814
       3270.00    0.00684627
       3280.00    0.00786796
       3290.00    0.00864942
       3300.00    0.00797177
       3310.00    0.00692968
       3320.00    0.00951693
       3330.00    0.00887882
       3340.00     0.0102533
       3350.00    0.00993911
       3360.00    0.00800797
       3370.00    0.00907903
       3380.00    0.00938645
       3390.00     0.0113910
       3400.00     0.0117956
       3410.00     0.0109371
       3420.00     0.0115922
       3430.00     0.0106809
       3440.00     0.0103214
       3450.00    0.00903660
       3460.00     0.0107184
       3470.00     0.0105636
       3480.00     0.0112573
       3490.00     0.0105116
       3500.00     0.0127013
       3510.00     0.0128475
       3520.00     0.0116946
       3530.00     0.0142108
       3540.00     0.0158088
       3550.00     0.0149334
       3560.00     0.0115211
       3570.00    0.00991758
       3580.00    0.00932570
       3590.00     0.0102801
       3600.00     0.0103071
       3610.00     0.0104724
       3620.00     0.0124626
       3630.00     0.0123429
       3640.00     0.0125864
       3650.00     0.0148010
       3660.00     0.0179268
       3670.00     0.0154178
       3680.00     0.0135093
       3690.00     0.0151798
       3700.00     0.0145442
       3710.00     0.0133838
       3720.00     0.0122673
       3730.00     0.0111595
       3740.00    0.00973948
       3750.00     0.0118599
       3760.00     0.0118922
       3770.00     0.0163270
       3780.00     0.0176328
       3790.00     0.0160825
       3800.00     0.0162428
       3810.00     0.0154942
       3820.00     0.0125273
       3830.00     0.0119359
       3840.00     0.0149982
       3850.00     0.0157825
       3860.00     0.0142936
       3870.00     0.0157966
       3880.00     0.0115502
       3890.00     0.0156999
       3900.00     0.0174030
       3910.00     0.0178802
       3920.00     0.0159063
       3930.00     0.0158124
       3940.00     0.0170868
       3950.00     0.0169651
       3960.00     0.0180685
       3970.00     0.0222593
       3980.00     0.0262029
       3990.00     0.0301969
       4000.00     0.0325211
       4010.00     0.0341356
       4020.00     0.0363638
       4030.00     0.0347849
       4040.00     0.0331643
       4050.00     0.0384892
       4060.00     0.0380989
       4070.00     0.0388160
       4080.00     0.0421273
       4090.00     0.0458625
       4100.00     0.0414584
       4110.00     0.0424037
       4120.00     0.0446791
       4130.00     0.0459267
       4140.00     0.0435214
       4150.00     0.0458017
       4160.00     0.0465329
       4170.00     0.0454142
       4180.00     0.0451860
       4190.00     0.0454122
       4200.00     0.0452089
       4210.00     0.0441277
       4220.00     0.0306598
       4230.00     0.0274672
       4240.00     0.0390991
       4250.00     0.0395717
       4260.00     0.0437506
       4270.00     0.0441633
       4280.00     0.0412801
       4290.00     0.0437943
       4300.00     0.0434367
       4310.00     0.0521051
       4320.00     0.0592984
       4330.00     0.0601314
       4340.00     0.0653608
       4350.00     0.0640153
       4360.00     0.0669186
       4370.00     0.0652553
       4380.00     0.0594906
       4390.00     0.0665524
       4400.00     0.0655831
       4410.00     0.0692434
       4420.00     0.0713942
       4430.00     0.0704882
       4440.00     0.0785041
       4450.00     0.0732946
       4460.00     0.0790264
       4470.00     0.0940603
       4480.00     0.0968188
       4490.00     0.0994758
       4500.00      0.101388
       4510.00      0.106417
       4520.00     0.0986829
       4530.00     0.0885766
       4540.00     0.0959356
       4550.00      0.110119
       4560.00      0.118210
       4570.00      0.118388
       4580.00      0.118523
       4590.00      0.118896
       4600.00      0.121833
       4610.00      0.128379
       4620.00      0.126630
       4630.00      0.128300
       4640.00      0.122679
       4650.00      0.121598
       4660.00      0.122947
       4670.00      0.121913
       4680.00      0.123319
       4690.00      0.125955
       4700.00      0.121262
       4710.00      0.123573
       4720.00      0.125578
       4730.00      0.122332
       4740.00      0.120724
       4750.00      0.118617
       4760.00      0.106395
       4770.00     0.0984159
       4780.00     0.0992350
       4790.00      0.105770
       4800.00      0.115736
       4810.00      0.121503
       4820.00      0.117890
       4830.00      0.113961
       4840.00      0.117321
       4850.00      0.123655
       4860.00      0.121138
       4870.00      0.118220
       4880.00      0.115273
       4890.00      0.118493
       4900.00      0.125924
       4910.00      0.123610
       4920.00      0.127017
       4930.00      0.131039
       4940.00      0.132454
       4950.00      0.128671
       4960.00      0.120348
       4970.00      0.123325
       4980.00      0.118259
       4990.00      0.113554
       5000.00      0.113146
       5010.00      0.107552
       5020.00      0.111999
       5030.00      0.112631
       5040.00      0.110780
       5050.00      0.111571
       5060.00      0.108920
       5070.00      0.104741
       5080.00      0.102822
       5090.00      0.103603
       5100.00      0.101890
       5110.00     0.0994401
       5120.00     0.0992850
       5130.00     0.0989940
       5140.00      0.106563
       5150.00      0.102784
       5160.00      0.101771
       5170.00     0.0889255
       5180.00     0.0875571
       5190.00      0.101876
       5200.00      0.101526
       5210.00      0.107146
       5220.00      0.131651
       5230.00      0.137326
       5240.00      0.146471
       5250.00      0.145525
       5260.00      0.129148
       5270.00      0.125564
       5280.00      0.146838
       5290.00      0.151608
       5300.00      0.153661
       5310.00      0.163314
       5320.00      0.154399
       5330.00      0.147168
       5340.00      0.150394
       5350.00      0.159906
       5360.00      0.169588
       5370.00      0.168956
       5380.00      0.172656
       5390.00      0.172150
       5400.00      0.161258
       5410.00      0.165784
       5420.00      0.182414
       5430.00      0.178432
       5440.00      0.173380
       5450.00      0.177979
       5460.00      0.179044
       5470.00      0.181167
       5480.00      0.182369
       5490.00      0.190141
       5500.00      0.188523
       5510.00      0.179579
       5520.00      0.186028
       5530.00      0.197083
       5540.00      0.198352
       5550.00      0.205201
       5560.00      0.202494
       5570.00      0.196206
       5580.00      0.194421
       5590.00      0.187097
       5600.00      0.179621
       5610.00      0.195698
       5620.00      0.198553
       5630.00      0.199266
       5640.00      0.208663
       5650.00      0.213249
       5660.00      0.212342
       5670.00      0.209499
       5680.00      0.218636
       5690.00      0.218779
       5700.00      0.216114
       5710.00      0.212059
       5720.00      0.222001
       5730.00      0.227547
       5740.00      0.237776
       5760.00      0.241811
       5780.00      0.243915
       5800.00      0.245488
       5820.00      0.256670
       5840.00      0.249456
       5860.00      0.239903
       5880.00      0.189943
       5900.00      0.176589
       5920.00      0.219399
       5940.00      0.241049
       5960.00      0.248125
       5980.00      0.254485
       6000.00      0.255636
       6020.00      0.259770
       6040.00      0.272318
       6060.00      0.277689
       6080.00      0.271514
       6100.00      0.263903
       6120.00      0.254381
       6140.00      0.268372
       6160.00      0.247860
       6180.00      0.245116
       6200.00      0.256098
       6220.00      0.244344
       6240.00      0.237632
       6260.00      0.243421
       6280.00      0.253632
       6300.00      0.263619
       6320.00      0.271803
       6340.00      0.277885
       6360.00      0.278269
       6380.00      0.269560
       6400.00      0.272311
       6420.00      0.286726
       6440.00      0.290338
       6460.00      0.293773
       6480.00      0.294101
       6500.00      0.299195
       6520.00      0.314533
       6540.00      0.320604
       6560.00      0.315206
       6580.00      0.314704
       6600.00      0.323598
       6620.00      0.322469
       6640.00      0.322401
       6660.00      0.315728
       6680.00      0.308197
       6700.00      0.303844
       6720.00      0.300708
       6740.00      0.298184
       6760.00      0.293900
       6780.00      0.288903
       6800.00      0.283937
       6820.00      0.287356
       6840.00      0.293386
       6860.00      0.281307
       6880.00      0.270462
       6900.00      0.289241
       6920.00      0.302854
       6940.00      0.315668
       6960.00      0.327547
       6980.00      0.322454
       7000.00      0.329960
       7020.00      0.340415
       7040.00      0.354219
       7060.00      0.351374
       7080.00      0.342473
       7100.00      0.338129
       7120.00      0.328472
       7140.00      0.321110
       7160.00      0.336412
       7180.00      0.346616
       7200.00      0.332182
       7220.00      0.341510
       7240.00      0.352720
       7260.00      0.354365
       7280.00      0.363006
       7300.00      0.373928
       7320.00      0.369901
       7340.00      0.371345
       7360.00      0.374819
       7380.00      0.380713
       7400.00      0.381846
       7420.00      0.384321
       7440.00      0.387185
       7460.00      0.390570
       7480.00      0.389258
       7500.00      0.390487
       7520.00      0.394102
       7540.00      0.399687
       7560.00      0.402862
       7580.00      0.438206
       7600.00      0.389427
       7620.00      0.366885
       7640.00      0.379405
       7660.00      0.378806
       7680.00      0.354775
       7700.00      0.376968
       7720.00      0.380654
       7740.00      0.387680
       7760.00      0.392994
       7780.00      0.398281
       7800.00      0.396363
       7820.00      0.394582
       7840.00      0.404288
       7860.00      0.408094
       7880.00      0.408961
       7900.00      0.403749
       7920.00      0.400710
       7940.00      0.398693
       7960.00      0.399450
       7980.00      0.408974
       8000.00      0.411951
       8020.00      0.414913
       8040.00      0.413632
       8060.00      0.419801
       8080.00      0.415544
       8100.00      0.416370
       8120.00      0.428890
       8140.00      0.435206
       8160.00      0.426174
       8180.00      0.406675
       8200.00      0.379467
       8220.00      0.412238
       8240.00      0.405777
       8260.00      0.424404
       8280.00      0.419032
       8300.00      0.411878
       8320.00      0.399471
       8340.00      0.398034
       8360.00      0.412869
       8380.00      0.403651
       8400.00      0.402809
       8420.00      0.406602
       8440.00      0.414405
       8460.00      0.406807
       8480.00      0.407145
       8500.00      0.406304
       8520.00      0.401478
       8540.00      0.385317
       8560.00      0.384300
       8580.00      0.421162
       8600.00      0.425414
       8620.00      0.413408
       8640.00      0.418816
       8660.00      0.401338
       8680.00      0.372075
       8700.00      0.400182
       8720.00      0.415317
       8740.00      0.420773
       8760.00      0.409768
       8780.00      0.404166
       8800.00      0.415746
       8820.00      0.402219
       8840.00      0.418841
       8860.00      0.421056
       8880.00      0.412451
       8900.00      0.409389
       8920.00      0.409368
       8940.00      0.408788
       8960.00      0.420597
       8980.00      0.420217
       9000.00      0.401952
       9020.00      0.413033
       9040.00      0.437890
       9060.00      0.431516
       9080.00      0.405678
       9100.00      0.423685
       9120.00      0.416178
       9140.00      0.393060
       9160.00      0.401262
       9180.00      0.406705
       9200.00      0.418428
       9220.00      0.426088
       9240.00      0.411639
       9260.00      0.396713
       9280.00      0.436155
       9300.00      0.426078
       9320.00      0.420443
       9340.00      0.450481
       9360.00      0.388629
       9380.00      0.404536
       9400.00      0.469837
       9420.00      0.419058
       9440.00      0.376756
       9460.00      0.407668
       9480.00      0.414402
       9500.00      0.401005
       9520.00      0.406569
       9540.00      0.433910
       9560.00      0.422857
       9580.00      0.406319
       9600.00      0.406201
       9620.00      0.418765
       9640.00      0.396633
       9660.00      0.395398
       9680.00      0.401088
       9700.00      0.401086
       9720.00      0.398512
       9740.00      0.406625
       9760.00      0.394727
       9780.00      0.401588
       9800.00      0.399952
       9820.00      0.409930
       9840.00      0.404118
       9860.00      0.400358
       9880.00      0.402381
       9900.00      0.399548
       9920.00      0.399851
       9940.00      0.401964
       9960.00      0.403666
       9980.00      0.401455
       10000.0      0.401852
       10020.0      0.410929
       10040.0      0.403139
       10060.0      0.410488
       10080.0      0.393802
       10100.0      0.397873
       10120.0      0.406177
       10140.0      0.403896
       10160.0      0.393850
       10180.0      0.405747
       10200.0      0.391522
       10220.0      0.384494
       10240.0      0.387063
       10260.0      0.397418
       10280.0      0.405788
       10300.0      0.398884
       10320.0      0.392589
       10340.0      0.388541
       10360.0      0.390880
       10380.0      0.402938
       10400.0      0.395914
       10420.0      0.402927
       10440.0      0.403879
       10460.0      0.397371
       10480.0      0.392415
       10500.0      0.401952
       10520.0      0.387596
       10540.0      0.401090
       10560.0      0.405917
       10580.0      0.394660
       10600.0      0.404291
       10620.0      0.401458
