       3160.00       47.4707
       3170.00       48.5106
       3180.00       46.7130
       3190.00       46.8335
       3200.00       48.6642
       3210.00       49.8770
       3220.00       48.1352
       3230.00       48.7395
       3240.00       48.7768
       3250.00       48.7016
       3260.00       47.6192
       3270.00       46.8783
       3280.00       44.6212
       3290.00       46.3345
       3300.00       44.4982
       3310.00       44.4740
       3320.00       44.9997
       3330.00       44.5357
       3340.00       43.9289
       3350.00       43.7614
       3360.00       44.4640
       3370.00       42.4187
       3380.00       42.9411
       3390.00       42.7426
       3400.00       42.0444
       3410.00       42.8487
       3420.00       41.6562
       3430.00       42.0668
       3440.00       41.2372
       3450.00       41.3998
       3460.00       40.4011
       3470.00       40.5301
       3480.00       40.2039
       3490.00       39.8795
       3500.00       39.7308
       3510.00       38.5431
       3520.00       39.4705
       3530.00       40.0824
       3540.00       39.1100
       3550.00       39.9252
       3560.00       39.3346
       3570.00       39.3948
       3580.00       38.3672
       3590.00       38.7348
       3600.00       38.0865
       3610.00       38.6213
       3620.00       37.6072
       3630.00       37.3695
       3640.00       37.0663
       3650.00       37.4981
       3660.00       36.7640
       3670.00       36.2329
       3680.00       36.6634
       3690.00       36.0695
       3700.00       36.1035
       3710.00       35.8751
       3720.00       36.6616
       3730.00       36.4329
       3740.00       37.2788
       3750.00       38.5745
       3760.00       39.6367
       3770.00       38.8539
       3780.00       42.1949
       3790.00       42.0194
       3800.00       38.7392
       3810.00       44.5449
       3820.00       46.9444
       3830.00       39.3570
       3840.00       38.5892
       3850.00       46.7998
       3860.00       49.5467
       3870.00       49.2929
       3880.00       43.0515
       3890.00       37.6240
       3900.00       42.0508
       3910.00       48.3219
       3920.00       48.1986
       3930.00       47.9212
       3940.00       48.0157
       3950.00       47.9866
       3960.00       42.4582
       3970.00       36.6513
       3980.00       41.1139
       3990.00       47.1396
       4000.00       48.1471
       4010.00       47.0258
       4020.00       45.4865
       4030.00       45.8264
       4040.00       48.0619
       4050.00       48.4839
       4060.00       47.7952
       4070.00       48.0364
       4080.00       46.5769
       4090.00       43.1909
       4100.00       35.7266
       4110.00       38.5406
       4120.00       44.6482
       4130.00       45.9246
       4140.00       44.3149
       4150.00       44.2961
       4160.00       44.9500
       4170.00       44.9006
       4180.00       44.8514
       4190.00       44.6862
       4200.00       44.3771
       4210.00       44.6184
       4220.00       44.2244
       4230.00       44.2924
       4240.00       43.7002
       4250.00       43.9981
       4260.00       42.5526
       4270.00       42.9373
       4280.00       42.9791
       4290.00       42.6804
       4300.00       42.1284
       4310.00       41.1839
       4320.00       40.3563
       4330.00       35.3742
       4340.00       31.1159
       4350.00       34.2607
       4360.00       40.2372
       4370.00       40.3957
       4380.00       39.5257
       4390.00       39.3803
       4400.00       40.3415
       4410.00       40.0017
       4420.00       38.9754
       4430.00       38.8325
       4440.00       38.3066
       4450.00       38.1385
       4460.00       37.4256
       4470.00       35.7633
       4480.00       35.9822
       4490.00       37.0400
       4500.00       37.0659
       4510.00       36.8758
       4520.00       36.7673
       4530.00       36.8473
       4540.00       36.0694
       4550.00       36.2040
       4560.00       35.9112
       4570.00       35.5397
       4580.00       35.1700
       4590.00       35.1463
       4600.00       34.6732
       4610.00       34.7563
       4620.00       34.2598
       4630.00       34.2909
       4640.00       33.8761
       4650.00       34.0911
       4660.00       33.4174
       4670.00       33.1896
       4680.00       32.9887
       4690.00       33.0480
       4700.00       32.8483
       4710.00       32.7527
       4720.00       32.3225
       4730.00       32.3828
       4740.00       31.8781
       4750.00       31.8878
       4760.00       31.7186
       4770.00       31.6266
       4780.00       31.2041
       4790.00       31.1898
       4800.00       30.9474
       4810.00       30.7566
       4820.00       30.5665
       4830.00       30.5284
       4840.00       29.7616
       4850.00       27.2168
       4860.00       23.2281
       4870.00       24.8217
       4880.00       28.6949
       4890.00       29.3577
       4900.00       28.9254
       4910.00       28.8169
       4920.00       28.0660
       4930.00       28.1077
       4940.00       28.8636
       4950.00       28.7561
       4960.00       28.6000
       4970.00       28.5914
       4980.00       28.3386
       4990.00       28.3549
       5000.00       27.8846
       5010.00       27.6589
       5020.00       27.5554
       5030.00       27.8150
       5040.00       27.4943
       5050.00       26.8857
       5060.00       26.7605
       5070.00       26.7797
       5080.00       26.6312
       5090.00       26.2920
       5100.00       25.8111
       5110.00       25.8558
       5120.00       25.9479
       5130.00       25.7550
       5140.00       25.7286
       5150.00       25.7967
       5160.00       25.6996
       5170.00       25.8852
       5180.00       25.6004
       5190.00       25.5276
       5200.00       25.3849
       5210.00       25.0793
       5220.00       24.8448
       5230.00       24.8206
       5240.00       24.7036
       5250.00       24.4479
       5260.00       24.3552
       5270.00       24.4706
       5280.00       24.2399
       5290.00       24.1711
       5300.00       24.1944
       5310.00       23.9197
       5320.00       23.8747
       5330.00       23.6473
       5340.00       23.4891
       5350.00       23.6499
       5360.00       23.3561
       5370.00       23.4485
       5380.00       23.1110
       5390.00       23.0681
       5400.00       22.8902
       5410.00       22.9603
       5420.00       22.6261
       5430.00       22.5621
       5440.00       22.3283
       5450.00       22.3453
       5460.00       22.2041
       5470.00       21.8433
       5480.00       22.0054
       5490.00       22.1316
       5500.00       21.7175
       5510.00       21.7620
       5520.00       21.5374
       5530.00       21.3203
       5540.00       21.2510
       5550.00       21.2325
       5560.00       21.1615
       5570.00       21.1934
       5580.00       21.0268
       5590.00       21.0936
       5600.00       20.9973
       5610.00       20.9902
       5620.00       21.1910
       5630.00       20.6066
       5640.00       20.7901
       5650.00       20.6672
       5660.00       20.6350
       5670.00       20.9183
       5680.00       20.5388
       5690.00       20.8768
       5700.00       20.4325
       5710.00       20.3733
       5720.00       20.3760
       5730.00       20.5252
       5740.00       20.0273
       5760.00       20.0444
       5780.00       19.7793
       5800.00       19.6482
       5820.00       19.6413
       5840.00       19.3240
       5860.00       19.1231
       5880.00       18.5491
       5900.00       18.6842
       5920.00       18.6560
       5940.00       18.4621
       5960.00       18.2919
       5980.00       18.1107
       6000.00       17.9875
       6020.00       17.9196
       6040.00       17.4454
       6060.00       17.4922
       6080.00       17.5907
       6100.00       17.6208
       6120.00       17.5175
       6140.00       16.9393
       6160.00       16.7994
       6180.00       16.3986
       6200.00       16.4614
       6220.00       16.3987
       6240.00       16.0947
       6260.00       15.8411
       6280.00       15.7345
       6300.00       15.8525
       6320.00       15.5002
       6340.00       15.4858
       6360.00       15.3357
       6380.00       15.2991
       6400.00       15.2399
       6420.00       15.1223
       6440.00       15.0640
       6460.00       14.8196
       6480.00       14.6781
       6500.00       14.4926
       6520.00       14.1757
       6540.00       13.3659
       6560.00       12.8040
       6580.00       13.6729
       6600.00       14.0997
       6620.00       14.0736
       6640.00       14.0404
       6660.00       13.6219
       6680.00       13.4792
       6700.00       13.4789
       6720.00       13.4569
       6740.00       13.4025
       6760.00       13.4042
       6780.00       13.3001
       6800.00       13.3576
       6820.00       13.4932
       6840.00       13.9821
       6860.00       12.9552
       6880.00       12.4348
       6900.00       12.7267
       6920.00       12.9326
       6940.00       12.6218
       6960.00       12.5314
       6980.00       12.3403
       7000.00       12.1382
       7020.00       12.2579
       7040.00       11.9898
       7060.00       11.9386
       7080.00       11.8378
       7100.00       11.8062
       7120.00       11.7491
       7140.00       11.5322
       7160.00       11.5424
       7180.00       11.3917
       7200.00       11.3651
       7220.00       11.2376
       7240.00       10.9007
       7260.00       10.7986
       7280.00       10.9026
       7300.00       10.9578
       7320.00       10.9029
       7340.00       10.7837
       7360.00       10.7180
       7380.00       10.7500
       7400.00       10.5812
       7420.00       10.5395
       7440.00       10.4327
       7460.00       10.3607
       7480.00       10.2549
       7500.00       10.1108
       7520.00       10.4851
       7540.00       10.8091
       7560.00       11.0219
       7580.00       10.3411
       7600.00       8.57866
       7620.00       9.98350
       7640.00       9.77742
       7660.00       9.82654
       7680.00       8.82038
       7700.00       9.31729
       7720.00       9.39559
       7740.00       9.41375
       7760.00       9.42241
       7780.00       9.21210
       7800.00       9.17288
       7820.00       9.21632
       7840.00       9.10746
       7860.00       9.10441
       7880.00       8.99330
       7900.00       8.90893
       7920.00       8.95863
       7940.00       8.86252
       7960.00       8.78828
       7980.00       8.85925
       8000.00       8.93139
       8020.00       8.80900
       8040.00       8.86275
       8060.00       8.93585
       8080.00       8.85049
       8100.00       8.64390
       8120.00       8.67205
       8140.00       8.66120
       8160.00       8.48790
       8180.00       8.58464
       8200.00       8.54590
       8220.00       8.41854
       8240.00       8.50589
       8260.00       8.55158
       8280.00       8.15771
       8300.00       8.04864
       8320.00       8.27934
       8340.00       7.70808
       8360.00       7.76676
       8380.00       8.08214
       8400.00       7.84565
       8420.00       7.80100
       8440.00       7.84018
       8460.00       7.70516
       8480.00       7.57508
       8500.00       7.69466
       8520.00       7.59663
       8540.00       7.82530
       8560.00       7.36500
       8580.00       7.53500
       8600.00       7.61792
       8620.00       7.76114
       8640.00       7.56294
       8660.00       7.17459
       8680.00       7.40895
       8700.00       7.86877
       8720.00       7.57727
       8740.00       7.17574
       8760.00       7.14685
       8780.00       7.31764
       8800.00       7.75447
       8820.00       7.42377
       8840.00       6.82895
       8860.00       6.78058
       8880.00       7.01054
       8900.00       7.22854
       8920.00       7.49875
       8940.00       7.26696
       8960.00       7.20322
       8980.00       6.79293
       9000.00       6.05193
       9020.00       6.55914
       9040.00       7.28886
       9060.00       6.80949
       9080.00       6.61227
       9100.00       6.87047
       9120.00       6.77270
       9140.00       6.41180
       9160.00       6.41506
       9180.00       6.81192
       9200.00       6.65958
       9220.00       6.03684
       9240.00       6.24365
       9260.00       6.52841
       9280.00       7.18163
       9300.00       6.58536
       9320.00       6.15482
       9340.00       6.98310
       9360.00       6.08302
       9380.00       6.63685
       9400.00       7.33586
       9420.00       6.23154
       9440.00       5.84460
       9460.00       6.25278
       9480.00       6.62587
       9500.00       6.18163
       9520.00       5.96800
       9540.00       5.87260
       9560.00       6.23828
       9580.00       6.21763
       9600.00       6.17426
       9620.00       6.01346
       9640.00       6.01866
       9660.00       6.07420
       9680.00       5.86936
       9700.00       5.82967
       9720.00       6.00417
       9740.00       5.96311
       9760.00       5.78012
       9780.00       5.93623
       9800.00       5.91791
       9820.00       5.68162
       9840.00       5.82214
       9860.00       5.61291
       9880.00       5.68405
       9900.00       5.68977
       9920.00       5.51519
       9940.00       5.72563
       9960.00       5.53701
       9980.00       5.60637
       10000.0       5.63774
       10020.0       5.23674
       10040.0       4.75736
       10060.0       4.93898
       10080.0       5.47592
       10100.0       5.24946
       10120.0       5.41100
       10140.0       5.20596
       10160.0       5.20769
       10180.0       5.08751
       10200.0       5.11451
       10220.0       4.97355
       10240.0       5.24066
       10260.0       5.23519
       10280.0       5.13388
       10300.0       4.95028
       10320.0       4.99373
       10340.0       5.08997
       10360.0       4.97680
       10380.0       4.95901
       10400.0       5.05242
       10420.0       4.89093
       10440.0       5.01558
       10460.0       4.87456
       10480.0       4.96161
       10500.0       4.93709
       10520.0       4.77159
       10540.0       4.76369
       10560.0       4.91941
       10580.0       4.95266
       10600.0       4.63916
       10620.0       5.13792
