       3160.00       4.37766
       3170.00       4.54679
       3180.00       4.47523
       3190.00       4.73783
       3200.00       4.58295
       3210.00       4.69958
       3220.00       4.52838
       3230.00       4.47967
       3240.00       4.63013
       3250.00       4.51675
       3260.00       4.41267
       3270.00       4.43344
       3280.00       4.22775
       3290.00       4.31283
       3300.00       4.43134
       3310.00       4.35024
       3320.00       4.31604
       3330.00       4.29467
       3340.00       4.35730
       3350.00       4.38611
       3360.00       4.28551
       3370.00       4.13314
       3380.00       4.16898
       3390.00       4.13189
       3400.00       4.11191
       3410.00       4.19392
       3420.00       4.11612
       3430.00       4.10004
       3440.00       4.03967
       3450.00       4.14123
       3460.00       4.14950
       3470.00       4.15773
       3480.00       4.04516
       3490.00       4.01149
       3500.00       4.17012
       3510.00       4.10237
       3520.00       4.09469
       3530.00       4.04341
       3540.00       3.96077
       3550.00       4.00090
       3560.00       3.95032
       3570.00       3.93925
       3580.00       3.88951
       3590.00       3.91341
       3600.00       3.77958
       3610.00       3.88784
       3620.00       3.85002
       3630.00       3.80083
       3640.00       3.77422
       3650.00       3.74431
       3660.00       3.74059
       3670.00       3.74375
       3680.00       3.65631
       3690.00       3.59819
       3700.00       3.54266
       3710.00       3.58446
       3720.00       3.65954
       3730.00       3.82661
       3740.00       3.96244
       3750.00       4.03778
       3760.00       4.17605
       3770.00       4.26901
       3780.00       4.66904
       3790.00       4.56802
       3800.00       4.37169
       3810.00       4.86021
       3820.00       5.17750
       3830.00       4.51299
       3840.00       4.40275
       3850.00       5.04983
       3860.00       5.35608
       3870.00       5.23004
       3880.00       4.57397
       3890.00       4.15172
       3900.00       4.68340
       3910.00       5.16221
       3920.00       5.25267
       3930.00       5.35692
       3940.00       5.39665
       3950.00       5.23759
       3960.00       4.59829
       3970.00       4.06100
       3980.00       4.74763
       3990.00       5.39923
       4000.00       5.45927
       4010.00       5.35134
       4020.00       5.20214
       4030.00       5.22399
       4040.00       5.37748
       4050.00       5.34345
       4060.00       5.38204
       4070.00       5.25869
       4080.00       5.13594
       4090.00       4.61652
       4100.00       4.05181
       4110.00       4.49182
       4120.00       4.99088
       4130.00       5.11107
       4140.00       5.12579
       4150.00       5.19107
       4160.00       5.07758
       4170.00       5.03853
       4180.00       4.92929
       4190.00       4.98773
       4200.00       4.98586
       4210.00       4.98400
       4220.00       4.99542
       4230.00       4.91408
       4240.00       4.91240
       4250.00       4.90743
       4260.00       4.89591
       4270.00       4.86476
       4280.00       4.86321
       4290.00       4.78331
       4300.00       4.75916
       4310.00       4.70587
       4320.00       4.42586
       4330.00       3.82041
       4340.00       3.40173
       4350.00       4.01215
       4360.00       4.49127
       4370.00       4.58356
       4380.00       4.49954
       4390.00       4.38400
       4400.00       4.40269
       4410.00       4.42764
       4420.00       4.43664
       4430.00       4.36971
       4440.00       4.32201
       4450.00       4.28082
       4460.00       4.23982
       4470.00       4.07365
       4480.00       4.09270
       4490.00       4.11478
       4500.00       4.04339
       4510.00       4.09032
       4520.00       4.09987
       4530.00       4.06299
       4540.00       4.06329
       4550.00       3.98664
       4560.00       3.96868
       4570.00       4.08260
       4580.00       4.04616
       4590.00       3.98241
       4600.00       4.00116
       4610.00       3.98033
       4620.00       4.03235
       4630.00       4.01154
       4640.00       4.01799
       4650.00       3.96416
       4660.00       3.86849
       4670.00       3.85420
       4680.00       3.83400
       4690.00       3.83777
       4700.00       3.78788
       4710.00       3.79173
       4720.00       3.76589
       4730.00       3.78755
       4740.00       3.80615
       4750.00       3.77455
       4760.00       3.74013
       4770.00       3.69705
       4780.00       3.73620
       4790.00       3.65237
       4800.00       3.61558
       4810.00       3.59351
       4820.00       3.56280
       4830.00       3.48583
       4840.00       3.32813
       4850.00       2.91117
       4860.00       2.71092
       4870.00       2.94236
       4880.00       3.27502
       4890.00       3.43160
       4900.00       3.46461
       4910.00       3.38909
       4920.00       3.37082
       4930.00       3.34409
       4940.00       3.45357
       4950.00       3.40981
       4960.00       3.34928
       4970.00       3.32845
       4980.00       3.29645
       4990.00       3.31230
       5000.00       3.27206
       5010.00       3.24037
       5020.00       3.26460
       5030.00       3.25254
       5040.00       3.24609
       5050.00       3.13981
       5060.00       3.11423
       5070.00       3.13295
       5080.00       3.07715
       5090.00       3.00781
       5100.00       2.96621
       5110.00       2.94122
       5120.00       2.96830
       5130.00       2.97890
       5140.00       2.94313
       5150.00       2.92653
       5160.00       2.90457
       5170.00       2.91250
       5180.00       2.93392
       5190.00       2.88239
       5200.00       2.85529
       5210.00       2.91972
       5220.00       2.90071
       5230.00       2.87909
       5240.00       2.87627
       5250.00       2.86545
       5260.00       2.88131
       5270.00       2.85724
       5280.00       2.86244
       5290.00       2.84379
       5300.00       2.78821
       5310.00       2.79351
       5320.00       2.75403
       5330.00       2.77777
       5340.00       2.71486
       5350.00       2.73073
       5360.00       2.70473
       5370.00       2.67622
       5380.00       2.67124
       5390.00       2.62991
       5400.00       2.64838
       5410.00       2.65643
       5420.00       2.59209
       5430.00       2.58216
       5440.00       2.55604
       5450.00       2.53850
       5460.00       2.51487
       5470.00       2.50771
       5480.00       2.54710
       5490.00       2.49168
       5500.00       2.46627
       5510.00       2.46001
       5520.00       2.46342
       5530.00       2.46885
       5540.00       2.45933
       5550.00       2.45743
       5560.00       2.43991
       5570.00       2.45539
       5580.00       2.48890
       5590.00       2.49397
       5600.00       2.44524
       5610.00       2.42465
       5620.00       2.48265
       5630.00       2.44216
       5640.00       2.43212
       5650.00       2.42236
       5660.00       2.41288
       5670.00       2.40319
       5680.00       2.39378
       5690.00       2.38441
       5700.00       2.37482
       5710.00       2.36551
       5720.00       2.35623
       5730.00       2.34698
       5740.00       2.33777
       5760.00       2.23943
       5780.00       2.22054
       5800.00       2.21916
       5820.00       2.16340
       5840.00       2.15191
       5860.00       2.11947
       5880.00       2.13989
       5900.00       2.10843
       5920.00       2.12354
       5940.00       2.05272
       5960.00       2.06276
       5980.00       2.04579
       6000.00       2.02052
       6020.00       2.01474
       6040.00       2.01317
       6060.00       1.98064
       6080.00       1.99670
       6100.00       1.98763
       6120.00       1.95573
       6140.00       1.90008
       6160.00       1.87663
       6180.00       1.90048
       6200.00       1.88667
       6220.00       1.89118
       6240.00       1.84943
       6260.00       1.85337
       6280.00       1.81691
       6300.00       1.85605
       6320.00       1.82403
       6340.00       1.81606
       6360.00       1.81608
       6380.00       1.79897
       6400.00       1.77781
       6420.00       1.78492
       6440.00       1.74915
       6460.00       1.73571
       6480.00       1.74246
       6500.00       1.66922
       6520.00       1.64949
       6540.00       1.54142
       6560.00       1.49701
       6580.00       1.58378
       6600.00       1.67449
       6620.00       1.63938
       6640.00       1.61208
       6660.00       1.59357
       6680.00       1.60641
       6700.00       1.58343
       6720.00       1.55871
       6740.00       1.56655
       6760.00       1.51447
       6780.00       1.52487
       6800.00       1.51771
       6820.00       1.49190
       6840.00       1.49962
       6860.00       1.44175
       6880.00       1.41761
       6900.00       1.45715
       6920.00       1.45395
       6940.00       1.41948
       6960.00       1.43351
       6980.00       1.39268
       7000.00       1.41232
       7020.00       1.38575
       7040.00       1.41364
       7060.00       1.39496
       7080.00       1.38864
       7100.00       1.38138
       7120.00       1.35684
       7140.00       1.33479
       7160.00       1.34143
       7180.00       1.32599
       7200.00       1.33690
       7220.00       1.27480
       7240.00       1.26335
       7260.00       1.25639
       7280.00       1.25544
       7300.00       1.23896
       7320.00       1.26542
       7340.00       1.21064
       7360.00       1.23114
       7380.00       1.22439
       7400.00       1.21143
       7420.00       1.19268
       7440.00       1.18552
       7460.00       1.19868
       7480.00       1.18461
       7500.00       1.15549
       7520.00       1.22078
       7540.00       1.18447
       7560.00       1.20098
       7580.00       1.03187
       7600.00      0.914885
       7620.00       1.13619
       7640.00       1.13817
       7660.00       1.09040
       7680.00       1.03412
       7700.00       1.05071
       7720.00       1.07303
       7740.00       1.07677
       7760.00       1.07580
       7780.00       1.08096
       7800.00       1.08753
       7820.00       1.08922
       7840.00       1.06125
       7860.00       1.04786
       7880.00       1.04289
       7900.00       1.04096
       7920.00       1.01092
       7940.00      0.986495
       7960.00       1.01886
       7980.00      0.981024
       8000.00      0.978221
       8020.00      0.962334
       8040.00      0.994783
       8060.00      0.984668
       8080.00      0.975123
       8100.00      0.968911
       8120.00      0.944445
       8140.00      0.953309
       8160.00      0.913380
       8180.00      0.940428
       8200.00      0.902946
       8220.00      0.939260
       8240.00      0.888193
       8260.00      0.909614
       8280.00      0.931608
       8300.00      0.848864
       8320.00      0.845645
       8340.00      0.826486
       8360.00      0.839589
       8380.00      0.848951
       8400.00      0.909795
       8420.00      0.842589
       8440.00      0.876938
       8460.00      0.866752
       8480.00      0.880399
       8500.00      0.855917
       8520.00      0.876431
       8540.00      0.870770
       8560.00      0.908498
       8580.00      0.857731
       8600.00      0.813552
       8620.00      0.902175
       8640.00      0.855179
       8660.00      0.846896
       8680.00      0.852529
       8700.00      0.867797
       8720.00      0.851028
       8740.00      0.801322
       8760.00      0.852579
       8780.00      0.899614
       8800.00      0.916510
       8820.00      0.841856
       8840.00      0.793525
       8860.00      0.750155
       8880.00      0.761242
       8900.00      0.813986
       8920.00      0.854402
       8940.00      0.854998
       8960.00      0.840895
       8980.00      0.760252
       9000.00      0.701600
       9020.00      0.715263
       9040.00      0.784181
       9060.00      0.812443
       9080.00      0.811579
       9100.00      0.798097
       9120.00      0.801108
       9140.00      0.804872
       9160.00      0.764121
       9180.00      0.747656
       9200.00      0.722432
       9220.00      0.660704
       9240.00      0.719304
       9260.00      0.712003
       9280.00      0.696431
       9300.00      0.658485
       9320.00      0.758217
       9340.00      0.711303
       9360.00      0.660698
       9380.00      0.730819
       9400.00      0.771434
       9420.00      0.622141
       9440.00      0.690265
       9460.00      0.652826
       9480.00      0.620272
       9500.00      0.681040
       9520.00      0.598539
       9540.00      0.598312
       9560.00      0.608782
       9580.00      0.688658
       9600.00      0.652498
       9620.00      0.661333
       9640.00      0.701082
       9660.00      0.652360
       9680.00      0.681110
       9700.00      0.643027
       9720.00      0.646604
       9740.00      0.615507
       9760.00      0.701934
       9780.00      0.664120
       9800.00      0.610738
       9820.00      0.599225
       9840.00      0.652953
       9860.00      0.631598
       9880.00      0.583818
       9900.00      0.643478
       9920.00      0.597561
       9940.00      0.622288
       9960.00      0.615272
       9980.00      0.598600
       10000.0      0.604267
       10020.0      0.580135
       10040.0      0.544659
       10060.0      0.582423
       10080.0      0.544165
       10100.0      0.593568
       10120.0      0.566790
       10140.0      0.564152
       10160.0      0.553667
       10180.0      0.560009
       10200.0      0.583080
       10220.0      0.541371
       10240.0      0.513639
       10260.0      0.517416
       10280.0      0.541208
       10300.0      0.500312
       10320.0      0.556620
       10340.0      0.550666
       10360.0      0.516884
       10380.0      0.511705
       10400.0      0.569712
       10420.0      0.522107
       10440.0      0.598924
       10460.0      0.504175
       10480.0      0.565363
       10500.0      0.488648
       10520.0      0.530992
       10540.0      0.518688
       10560.0      0.515981
       10580.0      0.497398
       10600.0      0.501481
       10620.0      0.462155
