       3160.00       24.2977
       3170.00       23.7509
       3180.00       24.8101
       3190.00       23.7828
       3200.00       23.6184
       3210.00       23.8593
       3220.00       24.1436
       3230.00       24.3367
       3240.00       24.5881
       3250.00       23.5065
       3260.00       23.4639
       3270.00       22.7158
       3280.00       22.3827
       3290.00       22.2854
       3300.00       22.0139
       3310.00       22.0927
       3320.00       22.2868
       3330.00       21.8445
       3340.00       21.9950
       3350.00       21.5275
       3360.00       21.5493
       3370.00       21.7421
       3380.00       21.2511
       3390.00       21.1175
       3400.00       21.0837
       3410.00       21.1769
       3420.00       20.9463
       3430.00       20.4227
       3440.00       20.2375
       3450.00       19.6911
       3460.00       19.8426
       3470.00       19.7300
       3480.00       19.7424
       3490.00       19.4379
       3500.00       19.4373
       3510.00       19.1627
       3520.00       19.5454
       3530.00       19.4900
       3540.00       19.4621
       3550.00       19.6240
       3560.00       19.4878
       3570.00       19.4602
       3580.00       19.2984
       3590.00       19.0437
       3600.00       18.9908
       3610.00       18.9516
       3620.00       18.9922
       3630.00       18.8339
       3640.00       18.8614
       3650.00       18.9810
       3660.00       18.4168
       3670.00       18.1177
       3680.00       18.0815
       3690.00       17.9544
       3700.00       17.4900
       3710.00       17.5595
       3720.00       17.9905
       3730.00       18.3290
       3740.00       18.5628
       3750.00       18.8338
       3760.00       19.0522
       3770.00       19.3078
       3780.00       19.8672
       3790.00       19.7894
       3800.00       19.0794
       3810.00       19.8622
       3820.00       20.3388
       3830.00       19.2438
       3840.00       18.8306
       3850.00       20.2303
       3860.00       20.5764
       3870.00       19.8897
       3880.00       18.6365
       3890.00       17.7481
       3900.00       18.8367
       3910.00       19.3173
       3920.00       19.1086
       3930.00       18.5339
       3940.00       19.1092
       3950.00       19.1704
       3960.00       18.0414
       3970.00       16.7244
       3980.00       18.3132
       3990.00       19.5686
       4000.00       19.8442
       4010.00       19.5430
       4020.00       19.0997
       4030.00       18.9688
       4040.00       19.8025
       4050.00       19.7892
       4060.00       19.5865
       4070.00       19.0540
       4080.00       18.8306
       4090.00       18.1145
       4100.00       17.1205
       4110.00       17.8626
       4120.00       18.9862
       4130.00       19.0799
       4140.00       18.3951
       4150.00       18.4550
       4160.00       18.4685
       4170.00       18.3780
       4180.00       18.4146
       4190.00       18.2100
       4200.00       18.2468
       4210.00       18.2605
       4220.00       18.0578
       4230.00       17.6855
       4240.00       17.5757
       4250.00       17.5117
       4260.00       17.4142
       4270.00       17.2045
       4280.00       17.2317
       4290.00       17.1243
       4300.00       17.0621
       4310.00       16.9110
       4320.00       16.6381
       4330.00       15.4449
       4340.00       14.3348
       4350.00       15.3850
       4360.00       16.2429
       4370.00       16.2937
       4380.00       15.9711
       4390.00       15.7157
       4400.00       15.5926
       4410.00       15.1866
       4420.00       15.1957
       4430.00       15.0637
       4440.00       15.1598
       4450.00       15.1797
       4460.00       14.9085
       4470.00       14.3912
       4480.00       14.4985
       4490.00       15.0338
       4500.00       14.9363
       4510.00       15.0524
       4520.00       14.7957
       4530.00       15.0072
       4540.00       14.8364
       4550.00       14.5291
       4560.00       14.5289
       4570.00       14.7075
       4580.00       14.7488
       4590.00       14.6853
       4600.00       14.6325
       4610.00       14.5486
       4620.00       14.3090
       4630.00       14.1846
       4640.00       13.7706
       4650.00       13.5446
       4660.00       13.6703
       4670.00       13.6719
       4680.00       13.6119
       4690.00       13.5521
       4700.00       13.3596
       4710.00       13.0658
       4720.00       13.1400
       4730.00       13.0614
       4740.00       12.9831
       4750.00       12.9355
       4760.00       12.9185
       4770.00       12.8511
       4780.00       12.8443
       4790.00       12.7773
       4800.00       12.7006
       4810.00       12.6442
       4820.00       12.6380
       4830.00       12.5222
       4840.00       12.4069
       4850.00       11.4693
       4860.00       11.0105
       4870.00       11.5012
       4880.00       12.1969
       4890.00       12.2407
       4900.00       12.1765
       4910.00       12.0048
       4920.00       11.7068
       4930.00       11.8781
       4940.00       11.9514
       4950.00       11.9078
       4960.00       11.7966
       4970.00       11.7148
       4980.00       11.6816
       4990.00       11.4655
       5000.00       11.2503
       5010.00       11.0647
       5020.00       11.1384
       5030.00       11.1927
       5040.00       10.9797
       5050.00       10.7961
       5060.00       10.7463
       5070.00       10.7441
       5080.00       10.7229
       5090.00       10.5318
       5100.00       10.4452
       5110.00       10.5283
       5120.00       10.5640
       5130.00       10.4966
       5140.00       10.6165
       5150.00       10.5118
       5160.00       10.5194
       5170.00       10.6200
       5180.00       10.5995
       5190.00       10.4216
       5200.00       10.4570
       5210.00       10.3354
       5220.00       10.2788
       5230.00       10.2315
       5240.00       10.1294
       5250.00       10.0918
       5260.00       9.90811
       5270.00       9.88931
       5280.00       9.76131
       5290.00       9.74286
       5300.00       9.77890
       5310.00       9.61562
       5320.00       9.57043
       5330.00       9.53444
       5340.00       9.37253
       5350.00       9.35501
       5360.00       9.29270
       5370.00       9.21273
       5380.00       9.19560
       5390.00       9.08935
       5400.00       9.06361
       5410.00       9.02908
       5420.00       9.06565
       5430.00       8.92499
       5440.00       8.87323
       5450.00       8.76874
       5460.00       8.63380
       5470.00       8.62241
       5480.00       8.63388
       5490.00       8.54284
       5500.00       8.46437
       5510.00       8.40363
       5520.00       8.40931
       5530.00       8.54973
       5540.00       8.45532
       5550.00       8.41843
       5560.00       8.36005
       5570.00       8.40287
       5580.00       8.41711
       5590.00       8.32465
       5600.00       8.28317
       5610.00       8.26497
       5620.00       8.10227
       5630.00       8.00761
       5640.00       7.97721
       5650.00       7.94692
       5660.00       7.91759
       5670.00       7.88752
       5680.00       7.85755
       5690.00       7.82853
       5700.00       7.79877
       5710.00       7.77080
       5720.00       7.74124
       5730.00       7.71263
       5740.00       7.68412
       5760.00       7.44960
       5780.00       7.48288
       5800.00       7.51427
       5820.00       7.44467
       5840.00       7.30392
       5860.00       7.15100
       5880.00       7.09315
       5900.00       7.09844
       5920.00       7.14431
       5940.00       6.96970
       5960.00       6.93341
       5980.00       6.93112
       6000.00       6.87116
       6020.00       6.77166
       6040.00       6.72138
       6060.00       6.69126
       6080.00       6.67400
       6100.00       6.64502
       6120.00       6.57853
       6140.00       6.42555
       6160.00       6.28996
       6180.00       6.24159
       6200.00       6.25480
       6220.00       6.28184
       6240.00       6.22781
       6260.00       6.11959
       6280.00       5.97837
       6300.00       6.02731
       6320.00       5.95879
       6340.00       5.86340
       6360.00       5.81851
       6380.00       5.80630
       6400.00       5.75510
       6420.00       5.68774
       6440.00       5.61110
       6460.00       5.54535
       6480.00       5.51117
       6500.00       5.55783
       6520.00       5.49432
       6540.00       5.27830
       6560.00       5.16913
       6580.00       5.35289
       6600.00       5.48309
       6620.00       5.46870
       6640.00       5.22777
       6660.00       5.13483
       6680.00       5.03884
       6700.00       4.99510
       6720.00       4.97379
       6740.00       4.96545
       6760.00       4.80567
       6780.00       4.77164
       6800.00       4.81347
       6820.00       4.75071
       6840.00       4.83944
       6860.00       4.60807
       6880.00       4.55763
       6900.00       4.65591
       6920.00       4.69317
       6940.00       4.65055
       6960.00       4.62613
       6980.00       4.57775
       7000.00       4.55025
       7020.00       4.53523
       7040.00       4.46634
       7060.00       4.31341
       7080.00       4.34061
       7100.00       4.31890
       7120.00       4.24465
       7140.00       4.12569
       7160.00       4.12155
       7180.00       4.13150
       7200.00       4.07729
       7220.00       4.05134
       7240.00       3.98968
       7260.00       3.93830
       7280.00       3.96644
       7300.00       4.04449
       7320.00       4.03803
       7340.00       3.92419
       7360.00       3.91222
       7380.00       3.89250
       7400.00       3.83585
       7420.00       3.71601
       7440.00       3.70731
       7460.00       3.68191
       7480.00       3.56665
       7500.00       3.62188
       7520.00       3.59243
       7540.00       3.66197
       7560.00       3.66882
       7580.00       3.35722
       7600.00       2.89987
       7620.00       3.51311
       7640.00       3.49007
       7660.00       3.47028
       7680.00       3.27344
       7700.00       3.38919
       7720.00       3.44144
       7740.00       3.42448
       7760.00       3.39211
       7780.00       3.35372
       7800.00       3.34081
       7820.00       3.30276
       7840.00       3.24834
       7860.00       3.24435
       7880.00       3.18426
       7900.00       3.16768
       7920.00       3.13054
       7940.00       3.13295
       7960.00       3.09729
       7980.00       3.12086
       8000.00       3.09082
       8020.00       3.12328
       8040.00       3.11969
       8060.00       3.10778
       8080.00       3.03523
       8100.00       2.96303
       8120.00       2.98179
       8140.00       2.92780
       8160.00       2.87408
       8180.00       2.93758
       8200.00       2.85361
       8220.00       2.65658
       8240.00       2.78024
       8260.00       2.80087
       8280.00       2.64488
       8300.00       2.73871
       8320.00       2.68821
       8340.00       2.64660
       8360.00       2.69088
       8380.00       2.69937
       8400.00       2.78109
       8420.00       2.78876
       8440.00       2.60214
       8460.00       2.69771
       8480.00       2.68965
       8500.00       2.62563
       8520.00       2.57094
       8540.00       2.60770
       8560.00       2.50893
       8580.00       2.50084
       8600.00       2.42459
       8620.00       2.61975
       8640.00       2.51909
       8660.00       2.46997
       8680.00       2.74289
       8700.00       2.59953
       8720.00       2.49322
       8740.00       2.36100
       8760.00       2.60368
       8780.00       2.67277
       8800.00       2.57600
       8820.00       2.45405
       8840.00       2.34082
       8860.00       2.34855
       8880.00       2.48512
       8900.00       2.43037
       8920.00       2.37749
       8940.00       2.33776
       8960.00       2.27190
       8980.00       2.18493
       9000.00       2.08499
       9020.00       2.26745
       9040.00       2.34274
       9060.00       2.26965
       9080.00       2.27630
       9100.00       2.28503
       9120.00       2.28898
       9140.00       2.26872
       9160.00       2.26954
       9180.00       2.21955
       9200.00       2.21577
       9220.00       2.00551
       9240.00       2.11096
       9260.00       2.08356
       9280.00       2.13191
       9300.00       2.06167
       9320.00       1.89836
       9340.00       2.01321
       9360.00       1.83426
       9380.00       1.96618
       9400.00       2.18960
       9420.00       1.93129
       9440.00       1.94146
       9460.00       2.09033
       9480.00       2.11178
       9500.00       2.00207
       9520.00       1.88121
       9540.00       2.10757
       9560.00       2.09210
       9580.00       2.06665
       9600.00       1.97471
       9620.00       2.00459
       9640.00       1.94307
       9660.00       1.95000
       9680.00       1.92958
       9700.00       1.82994
       9720.00       1.84151
       9740.00       1.94583
       9760.00       1.84086
       9780.00       1.93541
       9800.00       1.80734
       9820.00       1.80562
       9840.00       1.95488
       9860.00       1.85145
       9880.00       1.88273
       9900.00       1.81628
       9920.00       1.82958
       9940.00       1.71949
       9960.00       1.71749
       9980.00       1.75499
       10000.0       1.61494
       10020.0       1.58197
       10040.0       1.63006
       10060.0       1.63685
       10080.0       1.60928
       10100.0       1.61799
       10120.0       1.57964
       10140.0       1.58838
       10160.0       1.61648
       10180.0       1.64164
       10200.0       1.55123
       10220.0       1.64745
       10240.0       1.64987
       10260.0       1.58620
       10280.0       1.60697
       10300.0       1.51236
       10320.0       1.48334
       10340.0       1.55022
       10360.0       1.52820
       10380.0       1.44975
       10400.0       1.53942
       10420.0       1.55308
       10440.0       1.49899
       10460.0       1.43499
       10480.0       1.49877
       10500.0       1.45745
       10520.0       1.50678
       10540.0       1.49024
       10560.0       1.59259
       10580.0       1.58458
       10600.0       1.30582
       10620.0       1.47765
