       3160.00      0.292066
       3170.00      0.341136
       3180.00      0.345463
       3190.00      0.322625
       3200.00      0.320834
       3210.00      0.311922
       3220.00      0.320396
       3230.00      0.290166
       3240.00      0.299980
       3250.00      0.309954
       3260.00      0.308784
       3270.00      0.306746
       3280.00      0.297522
       3290.00      0.302380
       3300.00      0.318266
       3310.00      0.318493
       3320.00      0.316349
       3330.00      0.311102
       3340.00      0.305779
       3350.00      0.310099
       3360.00      0.311731
       3370.00      0.311124
       3380.00      0.308828
       3390.00      0.309922
       3400.00      0.314166
       3410.00      0.322686
       3420.00      0.320697
       3430.00      0.324663
       3440.00      0.316440
       3450.00      0.320085
       3460.00      0.324226
       3470.00      0.313601
       3480.00      0.317943
       3490.00      0.315699
       3500.00      0.311833
       3510.00      0.322971
       3520.00      0.318496
       3530.00      0.326208
       3540.00      0.330945
       3550.00      0.333540
       3560.00      0.329388
       3570.00      0.324757
       3580.00      0.315057
       3590.00      0.320756
       3600.00      0.324337
       3610.00      0.321952
       3620.00      0.321853
       3630.00      0.324021
       3640.00      0.320478
       3650.00      0.329400
       3660.00      0.336906
       3670.00      0.343883
       3680.00      0.336144
       3690.00      0.332809
       3700.00      0.343995
       3710.00      0.351842
       3720.00      0.369937
       3730.00      0.372110
       3740.00      0.407270
       3750.00      0.429364
       3760.00      0.453625
       3770.00      0.444356
       3780.00      0.524000
       3790.00      0.553859
       3800.00      0.482175
       3810.00      0.597334
       3820.00      0.664974
       3830.00      0.517159
       3840.00      0.464296
       3850.00      0.651801
       3860.00      0.768736
       3870.00      0.768968
       3880.00      0.616798
       3890.00      0.470927
       3900.00      0.567681
       3910.00      0.772172
       3920.00      0.857534
       3930.00      0.752222
       3940.00      0.736331
       3950.00      0.833271
       3960.00      0.687716
       3970.00      0.492344
       3980.00      0.643274
       3990.00      0.870014
       4000.00      0.964067
       4010.00      0.993777
       4020.00       1.01711
       4030.00      0.997722
       4040.00      0.982856
       4050.00      0.991028
       4060.00      0.979777
       4070.00      0.930786
       4080.00      0.874583
       4090.00      0.751133
       4100.00      0.559533
       4110.00      0.616051
       4120.00      0.832924
       4130.00      0.918130
       4140.00      0.951339
       4150.00      0.968010
       4160.00      0.962244
       4170.00      0.956505
       4180.00      0.939668
       4190.00      0.965599
       4200.00      0.963300
       4210.00      0.965260
       4220.00      0.958735
       4230.00      0.949703
       4240.00      0.953369
       4250.00      0.957017
       4260.00      0.957290
       4270.00      0.939131
       4280.00      0.931086
       4290.00      0.909737
       4300.00      0.875176
       4310.00      0.849906
       4320.00      0.805211
       4330.00      0.675049
       4340.00      0.533372
       4350.00      0.629595
       4360.00      0.810787
       4370.00      0.870162
       4380.00      0.875526
       4390.00      0.871902
       4400.00      0.872359
       4410.00      0.870381
       4420.00      0.878933
       4430.00      0.887447
       4440.00      0.879808
       4450.00      0.868185
       4460.00      0.871050
       4470.00      0.875504
       4480.00      0.860774
       4490.00      0.863637
       4500.00      0.880796
       4510.00      0.884396
       4520.00      0.859488
       4530.00      0.852852
       4540.00      0.861217
       4550.00      0.848317
       4560.00      0.845672
       4570.00      0.863391
       4580.00      0.851352
       4590.00      0.847159
       4600.00      0.865537
       4610.00      0.859004
       4620.00      0.862564
       4630.00      0.853748
       4640.00      0.856533
       4650.00      0.853153
       4660.00      0.846716
       4670.00      0.847201
       4680.00      0.862207
       4690.00      0.864945
       4700.00      0.844838
       4710.00      0.844563
       4720.00      0.856416
       4730.00      0.853093
       4740.00      0.849029
       4750.00      0.850254
       4760.00      0.834940
       4770.00      0.829440
       4780.00      0.838931
       4790.00      0.845394
       4800.00      0.829473
       4810.00      0.825517
       4820.00      0.806735
       4830.00      0.788771
       4840.00      0.726387
       4850.00      0.624800
       4860.00      0.499268
       4870.00      0.557154
       4880.00      0.698955
       4890.00      0.744710
       4900.00      0.774582
       4910.00      0.779562
       4920.00      0.764890
       4930.00      0.768418
       4940.00      0.767586
       4950.00      0.769649
       4960.00      0.773867
       4970.00      0.775189
       4980.00      0.763576
       4990.00      0.759895
       5000.00      0.754798
       5010.00      0.742581
       5020.00      0.742527
       5030.00      0.747451
       5040.00      0.738161
       5050.00      0.721824
       5060.00      0.726760
       5070.00      0.726737
       5080.00      0.726011
       5090.00      0.734424
       5100.00      0.717553
       5110.00      0.724549
       5120.00      0.715448
       5130.00      0.705686
       5140.00      0.707793
       5150.00      0.707113
       5160.00      0.700890
       5170.00      0.688117
       5180.00      0.690380
       5190.00      0.680985
       5200.00      0.677543
       5210.00      0.687984
       5220.00      0.696260
       5230.00      0.679744
       5240.00      0.684728
       5250.00      0.688875
       5260.00      0.673487
       5270.00      0.654425
       5280.00      0.665787
       5290.00      0.685694
       5300.00      0.689800
       5310.00      0.677722
       5320.00      0.665286
       5330.00      0.663166
       5340.00      0.664871
       5350.00      0.669981
       5360.00      0.666395
       5370.00      0.665953
       5380.00      0.670899
       5390.00      0.668327
       5400.00      0.661988
       5410.00      0.655078
       5420.00      0.671888
       5430.00      0.677238
       5440.00      0.678624
       5450.00      0.678035
       5460.00      0.672862
       5470.00      0.678826
       5480.00      0.674976
       5490.00      0.662018
       5500.00      0.668619
       5510.00      0.671301
       5520.00      0.664252
       5530.00      0.659817
       5540.00      0.659271
       5550.00      0.661951
       5560.00      0.663334
       5570.00      0.653152
       5580.00      0.646211
       5590.00      0.648895
       5600.00      0.640710
       5610.00      0.644031
       5620.00      0.644795
       5630.00      0.641743
       5640.00      0.644411
       5650.00      0.640105
       5660.00      0.633286
       5670.00      0.624345
       5680.00      0.637983
       5690.00      0.632461
       5700.00      0.630097
       5710.00      0.634632
       5720.00      0.632271
       5730.00      0.640532
       5740.00      0.638170
       5760.00      0.631607
       5780.00      0.625708
       5800.00      0.619233
       5820.00      0.612987
       5840.00      0.606784
       5860.00      0.600561
       5880.00      0.594443
       5900.00      0.588365
       5920.00      0.582329
       5940.00      0.576333
       5960.00      0.570438
       5980.00      0.564522
       6000.00      0.558467
       6020.00      0.554175
       6040.00      0.552518
       6060.00      0.554413
       6080.00      0.552590
       6100.00      0.550192
       6120.00      0.552368
       6140.00      0.531518
       6160.00      0.527992
       6180.00      0.519510
       6200.00      0.522335
       6220.00      0.521461
       6240.00      0.511477
       6260.00      0.523557
       6280.00      0.514770
       6300.00      0.512852
       6320.00      0.512870
       6340.00      0.514355
       6360.00      0.503120
       6380.00      0.507262
       6400.00      0.507186
       6420.00      0.503210
       6440.00      0.496814
       6460.00      0.494778
       6480.00      0.491374
       6500.00      0.481167
       6520.00      0.483037
       6540.00      0.454266
       6560.00      0.389788
       6580.00      0.404750
       6600.00      0.465150
       6620.00      0.479469
       6640.00      0.476570
       6660.00      0.477986
       6680.00      0.470664
       6700.00      0.476147
       6720.00      0.473080
       6740.00      0.469818
       6760.00      0.469804
       6780.00      0.470265
       6800.00      0.466462
       6820.00      0.466038
       6840.00      0.479737
       6860.00      0.456229
       6880.00      0.440500
       6900.00      0.442904
       6920.00      0.450205
       6940.00      0.450093
       6960.00      0.443300
       6980.00      0.444644
       7000.00      0.438519
       7020.00      0.443231
       7040.00      0.439686
       7060.00      0.439859
       7080.00      0.432452
       7100.00      0.430680
       7120.00      0.427712
       7140.00      0.426213
       7160.00      0.437712
       7180.00      0.439333
       7200.00      0.421667
       7220.00      0.413860
       7240.00      0.414990
       7260.00      0.408870
       7280.00      0.405388
       7300.00      0.407806
       7320.00      0.405079
       7340.00      0.402269
       7360.00      0.406279
       7380.00      0.404354
       7400.00      0.401376
       7420.00      0.398125
       7440.00      0.394122
       7460.00      0.391578
       7480.00      0.387519
       7500.00      0.385817
       7520.00      0.378893
       7540.00      0.375183
       7560.00      0.368418
       7580.00      0.378348
       7600.00      0.335790
       7620.00      0.331153
       7640.00      0.357396
       7660.00      0.365897
       7680.00      0.350831
       7700.00      0.373148
       7720.00      0.371579
       7740.00      0.373300
       7760.00      0.368096
       7780.00      0.368529
       7800.00      0.368869
       7820.00      0.366553
       7840.00      0.365983
       7860.00      0.365507
       7880.00      0.360766
       7900.00      0.355460
       7920.00      0.353478
       7940.00      0.350741
       7960.00      0.350713
       7980.00      0.349162
       8000.00      0.344667
       8020.00      0.349249
       8040.00      0.343353
       8060.00      0.344187
       8080.00      0.344929
       8100.00      0.338248
       8120.00      0.346402
       8140.00      0.351791
       8160.00      0.343082
       8180.00      0.328993
       8200.00      0.336261
       8220.00      0.338184
       8240.00      0.342139
       8260.00      0.342566
       8280.00      0.342257
       8300.00      0.342682
       8320.00      0.328229
       8340.00      0.324096
       8360.00      0.329354
       8380.00      0.325666
       8400.00      0.334259
       8420.00      0.328367
       8440.00      0.327758
       8460.00      0.316413
       8480.00      0.332118
       8500.00      0.322415
       8520.00      0.324891
       8540.00      0.321491
       8560.00      0.332316
       8580.00      0.318741
       8600.00      0.328025
       8620.00      0.345731
       8640.00      0.336609
       8660.00      0.296465
       8680.00      0.310041
       8700.00      0.335850
       8720.00      0.322485
       8740.00      0.290231
       8760.00      0.293326
       8780.00      0.337923
       8800.00      0.324797
       8820.00      0.316923
       8840.00      0.306534
       8860.00      0.285574
       8880.00      0.284608
       8900.00      0.319661
       8920.00      0.303624
       8940.00      0.310868
       8960.00      0.328939
       8980.00      0.313029
       9000.00      0.281131
       9020.00      0.268333
       9040.00      0.289464
       9060.00      0.298419
       9080.00      0.296580
       9100.00      0.295103
       9120.00      0.296534
       9140.00      0.311463
       9160.00      0.305745
       9180.00      0.297441
       9200.00      0.282641
       9220.00      0.252386
       9240.00      0.250136
       9260.00      0.270379
       9280.00      0.285755
       9300.00      0.302989
       9320.00      0.284107
       9340.00      0.299546
       9360.00      0.294243
       9380.00      0.305553
       9400.00      0.305588
       9420.00      0.272584
       9440.00      0.288908
       9460.00      0.297675
       9480.00      0.281840
       9500.00      0.282489
       9520.00      0.279566
       9540.00      0.250294
       9560.00      0.248311
       9580.00      0.264596
       9600.00      0.273547
       9620.00      0.270041
       9640.00      0.267514
       9660.00      0.280773
       9680.00      0.268810
       9700.00      0.282602
       9720.00      0.274292
       9740.00      0.273545
       9760.00      0.276650
       9780.00      0.268915
       9800.00      0.249458
       9820.00      0.278493
       9840.00      0.264512
       9860.00      0.268003
       9880.00      0.258409
       9900.00      0.260813
       9920.00      0.260504
       9940.00      0.260700
       9960.00      0.256477
       9980.00      0.257361
       10000.0      0.260459
       10020.0      0.251335
       10040.0      0.223506
       10060.0      0.231525
       10080.0      0.242954
       10100.0      0.257066
       10120.0      0.245105
       10140.0      0.250301
       10160.0      0.261110
       10180.0      0.243625
       10200.0      0.249390
       10220.0      0.243196
       10240.0      0.243979
       10260.0      0.255184
       10280.0      0.236627
       10300.0      0.242106
       10320.0      0.243162
       10340.0      0.235358
       10360.0      0.234454
       10380.0      0.230418
       10400.0      0.240638
       10420.0      0.243369
       10440.0      0.226833
       10460.0      0.219217
       10480.0      0.245765
       10500.0      0.231771
       10520.0      0.222795
       10540.0      0.222237
       10560.0      0.216464
       10580.0      0.243239
       10600.0      0.211935
       10620.0      0.226727
