       3160.00       87.5503
       3170.00       81.3055
       3180.00       77.0833
       3190.00       75.5236
       3200.00       80.0440
       3210.00       77.2274
       3220.00       74.9506
       3230.00       74.1197
       3240.00       75.3963
       3250.00       75.3454
       3260.00       76.9199
       3270.00       73.1359
       3280.00       71.9387
       3290.00       73.7393
       3300.00       74.8154
       3310.00       71.9726
       3320.00       71.1986
       3330.00       71.3889
       3340.00       68.5819
       3350.00       69.5319
       3360.00       70.2259
       3370.00       69.4436
       3380.00       69.9099
       3390.00       72.0354
       3400.00       72.2687
       3410.00       73.3637
       3420.00       73.8869
       3430.00       72.3721
       3440.00       71.5995
       3450.00       72.4888
       3460.00       72.1091
       3470.00       71.4651
       3480.00       69.9549
       3490.00       69.8267
       3500.00       68.3298
       3510.00       70.6028
       3520.00       72.3373
       3530.00       72.4897
       3540.00       73.8527
       3550.00       75.3265
       3560.00       74.5007
       3570.00       72.2192
       3580.00       70.5142
       3590.00       71.2547
       3600.00       72.0378
       3610.00       71.0463
       3620.00       71.3379
       3630.00       72.3228
       3640.00       71.0152
       3650.00       73.7926
       3660.00       72.0976
       3670.00       73.0239
       3680.00       73.0082
       3690.00       74.1094
       3700.00       75.6818
       3710.00       78.3564
       3720.00       85.3341
       3730.00       88.1263
       3740.00       91.0385
       3750.00       96.7830
       3760.00       101.110
       3770.00       106.106
       3780.00       123.244
       3790.00       123.452
       3800.00       116.222
       3810.00       142.072
       3820.00       145.662
       3830.00       120.098
       3840.00       118.800
       3850.00       156.671
       3860.00       181.449
       3870.00       180.828
       3880.00       144.190
       3890.00       117.662
       3900.00       143.429
       3910.00       181.086
       3920.00       188.754
       3930.00       173.595
       3940.00       174.350
       3950.00       183.105
       3960.00       146.118
       3970.00       119.040
       3980.00       152.821
       3990.00       197.139
       4000.00       219.477
       4010.00       225.640
       4020.00       227.798
       4030.00       228.485
       4040.00       231.042
       4050.00       227.980
       4060.00       221.619
       4070.00       209.504
       4080.00       191.781
       4090.00       159.917
       4100.00       129.377
       4110.00       148.151
       4120.00       182.796
       4130.00       206.257
       4140.00       215.305
       4150.00       218.636
       4160.00       217.706
       4170.00       214.159
       4180.00       213.647
       4190.00       218.556
       4200.00       222.040
       4210.00       221.513
       4220.00       218.995
       4230.00       214.899
       4240.00       213.400
       4250.00       215.470
       4260.00       215.952
       4270.00       212.886
       4280.00       209.638
       4290.00       203.661
       4300.00       171.232
       4310.00       162.953
       4320.00       151.889
       4330.00       136.759
       4340.00       120.905
       4350.00       134.139
       4360.00       170.477
       4370.00       196.084
       4380.00       202.548
       4390.00       196.531
       4400.00       202.774
       4410.00       203.077
       4420.00       204.900
       4430.00       206.905
       4440.00       197.727
       4450.00       202.007
       4460.00       200.988
       4470.00       200.727
       4480.00       199.904
       4490.00       200.395
       4500.00       205.555
       4510.00       205.473
       4520.00       204.460
       4530.00       204.009
       4540.00       203.374
       4550.00       199.415
       4560.00       201.007
       4570.00       204.247
       4580.00       201.047
       4590.00       201.525
       4600.00       206.571
       4610.00       206.853
       4620.00       203.675
       4630.00       203.780
       4640.00       203.884
       4650.00       201.999
       4660.00       199.761
       4670.00       200.053
       4680.00       204.118
       4690.00       203.145
       4700.00       200.566
       4710.00       198.712
       4720.00       199.716
       4730.00       199.471
       4740.00       198.518
       4750.00       198.631
       4760.00       196.094
       4770.00       194.449
       4780.00       193.866
       4790.00       195.042
       4800.00       191.657
       4810.00       187.413
       4820.00       183.011
       4830.00       177.235
       4840.00       164.620
       4850.00       133.401
       4860.00       113.056
       4870.00       129.918
       4880.00       155.913
       4890.00       169.007
       4900.00       174.531
       4910.00       176.574
       4920.00       174.677
       4930.00       176.540
       4940.00       180.268
       4950.00       181.602
       4960.00       180.388
       4970.00       180.195
       4980.00       177.975
       4990.00       177.619
       5000.00       178.104
       5010.00       176.910
       5020.00       176.222
       5030.00       177.042
       5040.00       175.857
       5050.00       177.174
       5060.00       176.657
       5070.00       175.645
       5080.00       172.982
       5090.00       171.651
       5100.00       171.479
       5110.00       171.308
       5120.00       170.810
       5130.00       167.690
       5140.00       167.691
       5150.00       167.529
       5160.00       166.226
       5170.00       163.627
       5180.00       162.987
       5190.00       161.474
       5200.00       161.341
       5210.00       161.564
       5220.00       160.127
       5230.00       157.715
       5240.00       160.800
       5250.00       160.814
       5260.00       157.710
       5270.00       155.624
       5280.00       156.380
       5290.00       158.962
       5300.00       158.821
       5310.00       157.302
       5320.00       155.742
       5330.00       155.813
       5340.00       156.340
       5350.00       156.865
       5360.00       156.258
       5370.00       154.167
       5380.00       154.193
       5390.00       154.733
       5400.00       151.737
       5410.00       151.923
       5420.00       153.722
       5430.00       154.802
       5440.00       154.579
       5450.00       153.601
       5460.00       151.933
       5470.00       153.516
       5480.00       153.757
       5490.00       155.315
       5500.00       153.963
       5510.00       152.615
       5520.00       152.491
       5530.00       151.516
       5540.00       151.303
       5550.00       152.273
       5560.00       152.755
       5570.00       151.877
       5580.00       151.454
       5590.00       150.882
       5600.00       149.081
       5610.00       148.501
       5620.00       148.506
       5630.00       151.752
       5640.00       151.185
       5650.00       150.619
       5660.00       149.908
       5670.00       149.495
       5680.00       148.788
       5690.00       148.230
       5700.00       147.675
       5710.00       147.093
       5720.00       146.542
       5730.00       145.992
       5740.00       145.430
       5760.00       145.903
       5780.00       150.869
       5800.00       149.334
       5820.00       147.809
       5840.00       146.151
       5860.00       145.509
       5880.00       143.870
       5900.00       143.240
       5920.00       142.898
       5940.00       140.845
       5960.00       140.217
       5980.00       137.077
       6000.00       135.947
       6020.00       134.699
       6040.00       132.220
       6060.00       131.437
       6080.00       131.516
       6100.00       131.251
       6120.00       130.039
       6140.00       130.135
       6160.00       129.576
       6180.00       129.062
       6200.00       128.659
       6220.00       127.475
       6240.00       126.972
       6260.00       125.827
       6280.00       124.342
       6300.00       124.361
       6320.00       123.182
       6340.00       124.253
       6360.00       123.532
       6380.00       122.973
       6400.00       123.600
       6420.00       122.678
       6440.00       120.952
       6460.00       119.589
       6480.00       119.103
       6500.00       122.760
       6520.00       117.714
       6540.00       103.815
       6560.00       97.9351
       6580.00       110.737
       6600.00       119.180
       6620.00       120.103
       6640.00       118.512
       6660.00       116.162
       6680.00       116.267
       6700.00       115.882
       6720.00       114.486
       6740.00       114.596
       6760.00       113.846
       6780.00       112.282
       6800.00       112.991
       6820.00       112.610
       6840.00       112.797
       6860.00       112.591
       6880.00       110.345
       6900.00       111.085
       6920.00       112.162
       6940.00       110.603
       6960.00       110.091
       6980.00       108.318
       7000.00       107.456
       7020.00       106.431
       7040.00       106.308
       7060.00       106.638
       7080.00       107.002
       7100.00       104.261
       7120.00       104.405
       7140.00       104.183
       7160.00       104.961
       7180.00       104.751
       7200.00       103.408
       7220.00       105.661
       7240.00       103.546
       7260.00       102.172
       7280.00       102.480
       7300.00       103.547
       7320.00       103.195
       7340.00       101.528
       7360.00       100.189
       7380.00       98.6188
       7400.00       98.4431
       7420.00       97.0445
       7440.00       96.2750
       7460.00       96.5016
       7480.00       93.4443
       7500.00       93.2736
       7520.00       95.2396
       7540.00       95.6004
       7560.00       95.1584
       7580.00       89.4824
       7600.00       77.2640
       7620.00       91.1095
       7640.00       90.6398
       7660.00       90.8533
       7680.00       84.3974
       7700.00       87.8367
       7720.00       88.4152
       7740.00       87.6544
       7760.00       86.6916
       7780.00       86.6309
       7800.00       88.2307
       7820.00       86.6502
       7840.00       86.6007
       7860.00       85.3747
       7880.00       85.3501
       7900.00       84.1973
       7920.00       83.1034
       7940.00       85.9337
       7960.00       85.0945
       7980.00       83.7642
       8000.00       83.4812
       8020.00       83.9546
       8040.00       83.6725
       8060.00       83.3292
       8080.00       82.0719
       8100.00       79.8240
       8120.00       80.7459
       8140.00       81.1053
       8160.00       77.9180
       8180.00       79.2798
       8200.00       77.8661
       8220.00       78.1472
       8240.00       78.3964
       8260.00       79.0210
       8280.00       77.0731
       8300.00       79.3899
       8320.00       78.1580
       8340.00       76.1657
       8360.00       77.8545
       8380.00       79.2742
       8400.00       77.8541
       8420.00       77.3296
       8440.00       75.9209
       8460.00       74.9363
       8480.00       75.1066
       8500.00       76.4633
       8520.00       75.4252
       8540.00       75.1107
       8560.00       78.3833
       8580.00       76.2208
       8600.00       76.4542
       8620.00       79.9156
       8640.00       74.9810
       8660.00       73.0600
       8680.00       78.0166
       8700.00       80.1183
       8720.00       77.2247
       8740.00       73.8441
       8760.00       76.7761
       8780.00       81.7827
       8800.00       82.0364
       8820.00       76.6829
       8840.00       68.8708
       8860.00       67.8137
       8880.00       74.4034
       8900.00       75.5778
       8920.00       77.2090
       8940.00       77.6853
       8960.00       76.9675
       8980.00       71.0277
       9000.00       63.3765
       9020.00       69.3050
       9040.00       74.7330
       9060.00       74.0204
       9080.00       73.3387
       9100.00       76.7999
       9120.00       78.5586
       9140.00       75.9670
       9160.00       75.5716
       9180.00       73.4742
       9200.00       67.5926
       9220.00       62.7398
       9240.00       65.6164
       9260.00       69.8608
       9280.00       73.5886
       9300.00       74.1718
       9320.00       72.3615
       9340.00       77.7435
       9360.00       71.7557
       9380.00       73.9157
       9400.00       76.1917
       9420.00       67.6744
       9440.00       67.9319
       9460.00       70.3217
       9480.00       70.2354
       9500.00       67.4851
       9520.00       61.0719
       9540.00       58.4229
       9560.00       63.4288
       9580.00       67.0796
       9600.00       67.9997
       9620.00       66.2587
       9640.00       66.6359
       9660.00       68.2041
       9680.00       68.4628
       9700.00       66.8132
       9720.00       65.7674
       9740.00       68.8354
       9760.00       67.5398
       9780.00       66.2151
       9800.00       66.0542
       9820.00       66.3050
       9840.00       65.1619
       9860.00       65.1662
       9880.00       63.4682
       9900.00       63.0172
       9920.00       64.0854
       9940.00       63.8549
       9960.00       64.1488
       9980.00       62.2003
       10000.0       62.0843
       10020.0       56.0774
       10040.0       52.8164
       10060.0       57.0079
       10080.0       58.7301
       10100.0       61.4862
       10120.0       61.2567
       10140.0       60.7461
       10160.0       59.6002
       10180.0       61.6226
       10200.0       59.9436
       10220.0       60.4105
       10240.0       59.0771
       10260.0       57.6014
       10280.0       58.8881
       10300.0       57.9084
       10320.0       58.0325
       10340.0       58.1723
       10360.0       56.6477
       10380.0       55.6312
       10400.0       56.4298
       10420.0       55.8696
       10440.0       54.9490
       10460.0       58.3571
       10480.0       56.8897
       10500.0       55.3718
       10520.0       55.2666
       10540.0       55.2415
       10560.0       53.8070
       10580.0       55.5969
       10600.0       52.8186
       10620.0       51.1592
