       3160.00       83.0198
       3170.00       79.1017
       3180.00       84.4646
       3190.00       79.1824
       3200.00       80.3723
       3210.00       80.4658
       3220.00       79.4160
       3230.00       79.5119
       3240.00       78.3580
       3250.00       75.2865
       3260.00       72.5161
       3270.00       73.3070
       3280.00       68.8208
       3290.00       68.8353
       3300.00       69.0169
       3310.00       67.6968
       3320.00       66.8280
       3330.00       66.7378
       3340.00       66.6481
       3350.00       65.0762
       3360.00       66.1419
       3370.00       64.4171
       3380.00       64.6075
       3390.00       64.5255
       3400.00       62.6583
       3410.00       63.0141
       3420.00       61.3774
       3430.00       61.5739
       3440.00       60.4323
       3450.00       61.4836
       3460.00       60.7742
       3470.00       60.5990
       3480.00       60.0548
       3490.00       59.7246
       3500.00       59.3963
       3510.00       58.6505
       3520.00       58.1703
       3530.00       58.4746
       3540.00       57.2700
       3550.00       57.2123
       3560.00       56.3282
       3570.00       57.0464
       3580.00       55.7051
       3590.00       55.1912
       3600.00       54.4247
       3610.00       54.8345
       3620.00       54.2257
       3630.00       53.8229
       3640.00       53.1191
       3650.00       53.5280
       3660.00       52.7785
       3670.00       51.8327
       3680.00       51.9418
       3690.00       51.5019
       3700.00       50.3682
       3710.00       50.9267
       3720.00       51.8778
       3730.00       53.0704
       3740.00       54.1091
       3750.00       56.6630
       3760.00       58.1270
       3770.00       58.5096
       3780.00       63.5624
       3790.00       62.7637
       3800.00       59.3064
       3810.00       65.9108
       3820.00       66.9423
       3830.00       60.0907
       3840.00       59.9343
       3850.00       69.9567
       3860.00       73.1594
       3870.00       70.2607
       3880.00       61.4501
       3890.00       56.7992
       3900.00       64.0596
       3910.00       71.2828
       3920.00       71.4295
       3930.00       71.4350
       3940.00       72.8879
       3950.00       71.9582
       3960.00       62.7638
       3970.00       55.3766
       3980.00       65.2218
       3990.00       72.9889
       4000.00       72.5765
       4010.00       71.0650
       4020.00       68.3255
       4030.00       68.3385
       4040.00       70.9927
       4050.00       72.4073
       4060.00       70.9602
       4070.00       70.0626
       4080.00       68.3578
       4090.00       62.5231
       4100.00       53.6656
       4110.00       59.2646
       4120.00       67.1583
       4130.00       68.6884
       4140.00       66.4339
       4150.00       66.9388
       4160.00       68.4584
       4170.00       67.4560
       4180.00       68.1748
       4190.00       68.0121
       4200.00       67.3246
       4210.00       67.9512
       4220.00       67.0491
       4230.00       66.3252
       4240.00       66.2989
       4250.00       66.4892
       4260.00       65.2967
       4270.00       65.1007
       4280.00       64.8626
       4290.00       64.7543
       4300.00       63.6197
       4310.00       63.3867
       4320.00       60.8978
       4330.00       52.6420
       4340.00       47.4763
       4350.00       54.5146
       4360.00       60.6766
       4370.00       61.7165
       4380.00       59.3915
       4390.00       58.1666
       4400.00       59.6233
       4410.00       59.8218
       4420.00       59.2286
       4430.00       58.7212
       4440.00       58.3817
       4450.00       58.0025
       4460.00       55.2738
       4470.00       53.6273
       4480.00       54.9859
       4490.00       56.2566
       4500.00       56.1724
       4510.00       55.9663
       4520.00       55.1913
       4530.00       55.5974
       4540.00       54.8671
       4550.00       54.4230
       4560.00       54.3037
       4570.00       54.7887
       4580.00       54.1469
       4590.00       54.1492
       4600.00       53.4715
       4610.00       53.1161
       4620.00       53.3197
       4630.00       53.2045
       4640.00       52.8123
       4650.00       52.2240
       4660.00       51.6382
       4670.00       51.7246
       4680.00       51.2209
       4690.00       51.2294
       4700.00       50.5333
       4710.00       49.9182
       4720.00       50.1243
       4730.00       49.9794
       4740.00       49.8351
       4750.00       49.5753
       4760.00       49.1233
       4770.00       48.9818
       4780.00       48.4174
       4790.00       47.9323
       4800.00       47.9474
       4810.00       47.5417
       4820.00       46.6416
       4830.00       45.9737
       4840.00       44.5483
       4850.00       39.6012
       4860.00       35.7759
       4870.00       39.5141
       4880.00       43.6931
       4890.00       44.7324
       4900.00       44.5285
       4910.00       43.7259
       4920.00       42.7770
       4930.00       43.1753
       4940.00       44.0934
       4950.00       43.8928
       4960.00       43.8043
       4970.00       43.4571
       4980.00       42.7049
       4990.00       42.8405
       5000.00       42.1293
       5010.00       41.9351
       5020.00       41.8149
       5030.00       41.8049
       5040.00       41.6125
       5050.00       41.3843
       5060.00       41.0844
       5070.00       40.8582
       5080.00       40.9951
       5090.00       40.5170
       5100.00       39.8964
       5110.00       39.7463
       5120.00       39.8843
       5130.00       39.3404
       5140.00       39.2996
       5150.00       39.4734
       5160.00       39.3969
       5170.00       39.4986
       5180.00       39.0317
       5190.00       38.7083
       5200.00       38.7046
       5210.00       38.4538
       5220.00       38.3096
       5230.00       38.2364
       5240.00       37.3559
       5250.00       37.1095
       5260.00       37.4587
       5270.00       37.3527
       5280.00       36.9684
       5290.00       36.8985
       5300.00       36.3776
       5310.00       36.3091
       5320.00       35.9296
       5330.00       35.7242
       5340.00       35.4850
       5350.00       35.4875
       5360.00       35.3526
       5370.00       35.1497
       5380.00       34.8450
       5390.00       34.5756
       5400.00       34.8182
       5410.00       34.7878
       5420.00       34.3503
       5430.00       33.8771
       5440.00       33.5848
       5450.00       33.5063
       5460.00       33.3001
       5470.00       33.0441
       5480.00       33.3699
       5490.00       32.9103
       5500.00       32.9810
       5510.00       32.6039
       5520.00       32.2682
       5530.00       32.1833
       5540.00       32.1949
       5550.00       32.0275
       5560.00       31.8111
       5570.00       31.8299
       5580.00       31.8388
       5590.00       31.8214
       5600.00       31.7153
       5610.00       31.6784
       5620.00       31.7399
       5630.00       31.5463
       5640.00       31.4479
       5650.00       31.3532
       5660.00       31.2555
       5670.00       31.1615
       5680.00       31.0645
       5690.00       30.9711
       5700.00       30.8748
       5710.00       30.7821
       5720.00       30.6865
       5730.00       30.5976
       5740.00       30.5026
       5760.00       29.6781
       5780.00       29.8332
       5800.00       29.4671
       5820.00       29.0181
       5840.00       28.6635
       5860.00       28.3522
       5880.00       27.9805
       5900.00       28.0727
       5920.00       27.6795
       5940.00       27.4036
       5960.00       27.3487
       5980.00       27.0296
       6000.00       26.8444
       6020.00       26.6635
       6040.00       26.4321
       6060.00       26.1688
       6080.00       26.2885
       6100.00       26.1118
       6120.00       25.8311
       6140.00       25.1357
       6160.00       25.0242
       6180.00       24.9909
       6200.00       24.8806
       6220.00       24.7444
       6240.00       24.6651
       6260.00       24.1778
       6280.00       24.1242
       6300.00       23.9746
       6320.00       23.6368
       6340.00       23.5361
       6360.00       23.3174
       6380.00       23.1030
       6400.00       22.9446
       6420.00       22.8158
       6440.00       22.3650
       6460.00       22.1676
       6480.00       22.0623
       6500.00       22.0171
       6520.00       21.5432
       6540.00       20.1524
       6560.00       19.7797
       6580.00       20.8407
       6600.00       21.8702
       6620.00       21.3012
       6640.00       21.1179
       6660.00       20.4081
       6680.00       20.2891
       6700.00       20.2093
       6720.00       20.2395
       6740.00       20.0894
       6760.00       19.9891
       6780.00       19.6344
       6800.00       19.4982
       6820.00       19.6514
       6840.00       19.5429
       6860.00       18.8423
       6880.00       18.8169
       6900.00       18.9837
       6920.00       19.2079
       6940.00       18.8875
       6960.00       18.7830
       6980.00       18.6238
       7000.00       18.2946
       7020.00       18.2110
       7040.00       18.0992
       7060.00       18.0557
       7080.00       18.1242
       7100.00       17.8633
       7120.00       17.9423
       7140.00       17.5236
       7160.00       17.2820
       7180.00       17.4849
       7200.00       17.4619
       7220.00       17.1027
       7240.00       16.8191
       7260.00       16.6714
       7280.00       16.7747
       7300.00       16.8270
       7320.00       16.9092
       7340.00       16.4095
       7360.00       16.4949
       7380.00       16.2483
       7400.00       15.9831
       7420.00       15.7838
       7440.00       15.8081
       7460.00       15.6375
       7480.00       15.2391
       7500.00       15.1886
       7520.00       15.2167
       7540.00       15.3643
       7560.00       15.2117
       7580.00       13.1886
       7600.00       11.4619
       7620.00       14.7249
       7640.00       14.8646
       7660.00       14.5880
       7680.00       13.4744
       7700.00       13.6831
       7720.00       14.0004
       7740.00       13.8834
       7760.00       13.4469
       7780.00       13.8309
       7800.00       13.6940
       7820.00       13.4332
       7840.00       13.6664
       7860.00       13.5099
       7880.00       13.2445
       7900.00       13.1877
       7920.00       13.1451
       7940.00       13.0332
       7960.00       12.7555
       7980.00       12.9402
       8000.00       13.0527
       8020.00       12.7472
       8040.00       12.9008
       8060.00       12.7136
       8080.00       12.5478
       8100.00       12.2988
       8120.00       12.2413
       8140.00       12.1208
       8160.00       11.9153
       8180.00       11.9266
       8200.00       12.3664
       8220.00       12.2513
       8240.00       11.6545
       8260.00       11.6040
       8280.00       11.9648
       8300.00       11.7431
       8320.00       11.9404
       8340.00       11.2500
       8360.00       11.0052
       8380.00       11.5278
       8400.00       11.3952
       8420.00       11.2611
       8440.00       10.7636
       8460.00       11.1992
       8480.00       11.1814
       8500.00       11.2071
       8520.00       11.3254
       8540.00       10.9693
       8560.00       11.2639
       8580.00       10.9310
       8600.00       10.9655
       8620.00       11.2154
       8640.00       10.9446
       8660.00       10.9681
       8680.00       11.1103
       8700.00       11.6134
       8720.00       10.8695
       8740.00       10.2426
       8760.00       11.0046
       8780.00       11.4825
       8800.00       11.7950
       8820.00       11.0132
       8840.00       10.2558
       8860.00       9.66989
       8880.00       10.3421
       8900.00       10.6517
       8920.00       10.5969
       8940.00       10.5649
       8960.00       10.2539
       8980.00       9.77422
       9000.00       9.05750
       9020.00       9.68192
       9040.00       10.3260
       9060.00       10.1123
       9080.00       10.0110
       9100.00       10.2963
       9120.00       10.1708
       9140.00       9.91712
       9160.00       9.82115
       9180.00       9.83182
       9200.00       9.23254
       9220.00       8.56801
       9240.00       8.90984
       9260.00       9.23232
       9280.00       9.53556
       9300.00       9.17480
       9320.00       9.13538
       9340.00       9.54324
       9360.00       9.39509
       9380.00       9.54962
       9400.00       9.83070
       9420.00       8.50719
       9440.00       8.50086
       9460.00       8.83099
       9480.00       9.14420
       9500.00       8.06373
       9520.00       7.70475
       9540.00       7.79851
       9560.00       7.95539
       9580.00       8.71077
       9600.00       8.52398
       9620.00       8.57128
       9640.00       8.57449
       9660.00       8.69767
       9680.00       8.95147
       9700.00       8.67129
       9720.00       8.74808
       9740.00       8.56012
       9760.00       8.65568
       9780.00       8.19404
       9800.00       8.52085
       9820.00       8.40983
       9840.00       8.41330
       9860.00       8.31041
       9880.00       8.01241
       9900.00       8.29913
       9920.00       8.07283
       9940.00       8.01957
       9960.00       7.97946
       9980.00       7.81415
       10000.0       7.87763
       10020.0       7.08159
       10040.0       7.13345
       10060.0       6.99857
       10080.0       7.73846
       10100.0       7.69217
       10120.0       7.39701
       10140.0       7.73258
       10160.0       7.64674
       10180.0       7.50341
       10200.0       6.95482
       10220.0       7.15182
       10240.0       7.12528
       10260.0       7.43056
       10280.0       7.13155
       10300.0       6.81764
       10320.0       6.96130
       10340.0       6.82329
       10360.0       6.85629
       10380.0       6.57900
       10400.0       6.93075
       10420.0       7.13637
       10440.0       6.82313
       10460.0       6.67114
       10480.0       6.62857
       10500.0       6.47402
       10520.0       6.84994
       10540.0       6.23825
       10560.0       6.21773
       10580.0       6.36421
       10600.0       6.52402
       10620.0       6.15488
