       3160.00      0.102582
       3170.00      0.112758
       3180.00      0.107603
       3190.00      0.104209
       3200.00      0.117200
       3210.00      0.115646
       3220.00      0.111731
       3230.00      0.104625
       3240.00      0.110060
       3250.00      0.122116
       3260.00      0.133252
       3270.00      0.136086
       3280.00      0.135542
       3290.00      0.145311
       3300.00      0.149946
       3310.00      0.142384
       3320.00      0.145084
       3330.00      0.141019
       3340.00      0.141613
       3350.00      0.138912
       3360.00      0.135154
       3370.00      0.134124
       3380.00      0.143136
       3390.00      0.143902
       3400.00      0.147033
       3410.00      0.144052
       3420.00      0.144871
       3430.00      0.149764
       3440.00      0.140516
       3450.00      0.142751
       3460.00      0.150426
       3470.00      0.144433
       3480.00      0.146089
       3490.00      0.143545
       3500.00      0.154946
       3510.00      0.160183
       3520.00      0.154427
       3530.00      0.156032
       3540.00      0.167150
       3550.00      0.172472
       3560.00      0.154717
       3570.00      0.149770
       3580.00      0.141713
       3590.00      0.150826
       3600.00      0.164423
       3610.00      0.151928
       3620.00      0.166267
       3630.00      0.166977
       3640.00      0.159179
       3650.00      0.168966
       3660.00      0.176151
       3670.00      0.181390
       3680.00      0.177555
       3690.00      0.184198
       3700.00      0.175048
       3710.00      0.178520
       3720.00      0.186531
       3730.00      0.167502
       3740.00      0.161726
       3750.00      0.176728
       3760.00      0.193230
       3770.00      0.199466
       3780.00      0.211221
       3790.00      0.202497
       3800.00      0.201183
       3810.00      0.204717
       3820.00      0.173379
       3830.00      0.158257
       3840.00      0.172807
       3850.00      0.190310
       3860.00      0.188389
       3870.00      0.193380
       3880.00      0.188292
       3890.00      0.194948
       3900.00      0.215159
       3910.00      0.221332
       3920.00      0.198107
       3930.00      0.161783
       3940.00      0.181443
       3950.00      0.220326
       3960.00      0.187701
       3970.00      0.189684
       3980.00      0.253875
       3990.00      0.289583
       4000.00      0.301049
       4010.00      0.308387
       4020.00      0.311734
       4030.00      0.316010
       4040.00      0.313654
       4050.00      0.300316
       4060.00      0.299106
       4070.00      0.301966
       4080.00      0.312761
       4090.00      0.299971
       4100.00      0.296085
       4110.00      0.310736
       4120.00      0.318421
       4130.00      0.322013
       4140.00      0.327125
       4150.00      0.329555
       4160.00      0.320761
       4170.00      0.320806
       4180.00      0.319430
       4190.00      0.318667
       4200.00      0.322855
       4210.00      0.333217
       4220.00      0.322079
       4230.00      0.311193
       4240.00      0.316859
       4250.00      0.313919
       4260.00      0.313431
       4270.00      0.316619
       4280.00      0.305923
       4290.00      0.283762
       4300.00      0.265945
       4310.00      0.286036
       4320.00      0.322328
       4330.00      0.301019
       4340.00      0.306921
       4350.00      0.330291
       4360.00      0.345045
       4370.00      0.331933
       4380.00      0.325996
       4390.00      0.333946
       4400.00      0.338584
       4410.00      0.345364
       4420.00      0.352017
       4430.00      0.350361
       4440.00      0.356209
       4450.00      0.349024
       4460.00      0.349715
       4470.00      0.364300
       4480.00      0.367604
       4490.00      0.372121
       4500.00      0.383731
       4510.00      0.386500
       4520.00      0.366461
       4530.00      0.368414
       4540.00      0.378156
       4550.00      0.377371
       4560.00      0.383703
       4570.00      0.375117
       4580.00      0.374575
       4590.00      0.373713
       4600.00      0.375712
       4610.00      0.381243
       4620.00      0.384961
       4630.00      0.380100
       4640.00      0.374529
       4650.00      0.372265
       4660.00      0.370829
       4670.00      0.366176
       4680.00      0.378168
       4690.00      0.375599
       4700.00      0.375522
       4710.00      0.383817
       4720.00      0.390999
       4730.00      0.384390
       4740.00      0.389617
       4750.00      0.386521
       4760.00      0.381433
       4770.00      0.390278
       4780.00      0.397667
       4790.00      0.393783
       4800.00      0.394818
       4810.00      0.392145
       4820.00      0.391024
       4830.00      0.380646
       4840.00      0.378326
       4850.00      0.348521
       4860.00      0.340388
       4870.00      0.368813
       4880.00      0.379830
       4890.00      0.375802
       4900.00      0.382433
       4910.00      0.368701
       4920.00      0.373553
       4930.00      0.377010
       4940.00      0.378993
       4950.00      0.381012
       4960.00      0.373020
       4970.00      0.374743
       4980.00      0.373267
       4990.00      0.369205
       5000.00      0.361343
       5010.00      0.356729
       5020.00      0.365479
       5030.00      0.363783
       5040.00      0.362009
       5050.00      0.374516
       5060.00      0.372687
       5070.00      0.365052
       5080.00      0.370385
       5090.00      0.370115
       5100.00      0.368018
       5110.00      0.376633
       5120.00      0.372874
       5130.00      0.367188
       5140.00      0.364288
       5150.00      0.371937
       5160.00      0.349523
       5170.00      0.340932
       5180.00      0.356891
       5190.00      0.365844
       5200.00      0.374803
       5210.00      0.366230
       5220.00      0.363375
       5230.00      0.363167
       5240.00      0.371294
       5250.00      0.371435
       5260.00      0.353841
       5270.00      0.355221
       5280.00      0.372738
       5290.00      0.373716
       5300.00      0.373931
       5310.00      0.376940
       5320.00      0.368939
       5330.00      0.364826
       5340.00      0.373512
       5350.00      0.382681
       5360.00      0.375678
       5370.00      0.375571
       5380.00      0.379365
       5390.00      0.373391
       5400.00      0.367988
       5410.00      0.369385
       5420.00      0.390451
       5430.00      0.390396
       5440.00      0.390887
       5450.00      0.389391
       5460.00      0.390231
       5470.00      0.392619
       5480.00      0.389968
       5490.00      0.388871
       5500.00      0.392019
       5510.00      0.387075
       5520.00      0.390983
       5530.00      0.384525
       5540.00      0.389571
       5550.00      0.390015
       5560.00      0.388551
       5570.00      0.385189
       5580.00      0.379826
       5590.00      0.378463
       5600.00      0.388047
       5610.00      0.390001
       5620.00      0.391570
       5630.00      0.390498
       5640.00      0.389054
       5650.00      0.388365
       5660.00      0.385057
       5670.00      0.391856
       5680.00      0.394526
       5690.00      0.388243
       5700.00      0.392769
       5710.00      0.380200
       5720.00      0.391767
       5730.00      0.398483
       5740.00      0.406284
       5760.00      0.408922
       5780.00      0.406040
       5800.00      0.410122
       5820.00      0.414177
       5840.00      0.412033
       5860.00      0.408456
       5880.00      0.407788
       5900.00      0.399219
       5920.00      0.410404
       5940.00      0.412948
       5960.00      0.412274
       5980.00      0.411604
       6000.00      0.410939
       6020.00      0.412391
       6040.00      0.414184
       6060.00      0.419115
       6080.00      0.414598
       6100.00      0.411501
       6120.00      0.416045
       6140.00      0.401569
       6160.00      0.405428
       6180.00      0.405488
       6200.00      0.412386
       6220.00      0.407311
       6240.00      0.406345
       6260.00      0.402676
       6280.00      0.402744
       6300.00      0.396755
       6320.00      0.401202
       6340.00      0.401274
       6360.00      0.402012
       6380.00      0.398426
       6400.00      0.396187
       6420.00      0.398585
       6440.00      0.395043
       6460.00      0.402024
       6480.00      0.396530
       6500.00      0.391722
       6520.00      0.395723
       6540.00      0.375387
       6560.00      0.372950
       6580.00      0.380838
       6600.00      0.392854
       6620.00      0.389105
       6640.00      0.389849
       6660.00      0.384540
       6680.00      0.387832
       6700.00      0.378447
       6720.00      0.380791
       6740.00      0.383436
       6760.00      0.376656
       6780.00      0.379297
       6800.00      0.370076
       6820.00      0.375518
       6840.00      0.369771
       6860.00      0.364985
       6880.00      0.360534
       6900.00      0.369628
       6920.00      0.371317
       6940.00      0.366276
       6960.00      0.363700
       6980.00      0.355672
       7000.00      0.356473
       7020.00      0.363914
       7040.00      0.364386
       7060.00      0.366356
       7080.00      0.369813
       7100.00      0.365188
       7120.00      0.366842
       7140.00      0.363142
       7160.00      0.365977
       7180.00      0.366434
       7200.00      0.363650
       7220.00      0.362349
       7240.00      0.356370
       7260.00      0.358016
       7280.00      0.357033
       7300.00      0.359539
       7320.00      0.359716
       7340.00      0.355847
       7360.00      0.356608
       7380.00      0.354780
       7400.00      0.349810
       7420.00      0.346582
       7440.00      0.350209
       7460.00      0.352681
       7480.00      0.349754
       7500.00      0.346277
       7520.00      0.345356
       7540.00      0.342190
       7560.00      0.335677
       7580.00      0.304025
       7600.00      0.304062
       7620.00      0.392017
       7640.00      0.369346
       7660.00      0.362846
       7680.00      0.323254
       7700.00      0.331776
       7720.00      0.334487
       7740.00      0.340744
       7760.00      0.334675
       7780.00      0.342262
       7800.00      0.345190
       7820.00      0.344307
       7840.00      0.348026
       7860.00      0.348489
       7880.00      0.345183
       7900.00      0.340283
       7920.00      0.337818
       7940.00      0.342574
       7960.00      0.347307
       7980.00      0.345374
       8000.00      0.340270
       8020.00      0.340215
       8040.00      0.338577
       8060.00      0.339578
       8080.00      0.336376
       8100.00      0.335284
       8120.00      0.336808
       8140.00      0.333116
       8160.00      0.324505
       8180.00      0.334338
       8200.00      0.326800
       8220.00      0.323941
       8240.00      0.326243
       8260.00      0.327763
       8280.00      0.315961
       8300.00      0.322863
       8320.00      0.314952
       8340.00      0.310892
       8360.00      0.329168
       8380.00      0.331165
       8400.00      0.330376
       8420.00      0.330599
       8440.00      0.323536
       8460.00      0.316506
       8480.00      0.310509
       8500.00      0.306287
       8520.00      0.286408
       8540.00      0.297405
       8560.00      0.312313
       8580.00      0.307631
       8600.00      0.306423
       8620.00      0.319977
       8640.00      0.303287
       8660.00      0.282267
       8680.00      0.315567
       8700.00      0.318253
       8720.00      0.306826
       8740.00      0.305396
       8760.00      0.298164
       8780.00      0.308351
       8800.00      0.305241
       8820.00      0.297097
       8840.00      0.296185
       8860.00      0.307720
       8880.00      0.296045
       8900.00      0.297285
       8920.00      0.296143
       8940.00      0.294058
       8960.00      0.293165
       8980.00      0.294401
       9000.00      0.298693
       9020.00      0.303672
       9040.00      0.300420
       9060.00      0.282441
       9080.00      0.289290
       9100.00      0.288422
       9120.00      0.295461
       9140.00      0.288783
       9160.00      0.293013
       9180.00      0.286832
       9200.00      0.296348
       9220.00      0.282828
       9240.00      0.283134
       9260.00      0.269701
       9280.00      0.256555
       9300.00      0.243693
       9320.00      0.240896
       9340.00      0.267391
       9360.00      0.267046
       9380.00      0.278908
       9400.00      0.267940
       9420.00      0.237663
       9440.00      0.256698
       9460.00      0.267137
       9480.00      0.254721
       9500.00      0.242133
       9520.00      0.250087
       9540.00      0.256896
       9560.00      0.254363
       9580.00      0.275298
       9600.00      0.268541
       9620.00      0.265338
       9640.00      0.266767
       9660.00      0.282236
       9680.00      0.285595
       9700.00      0.281509
       9720.00      0.272206
       9740.00      0.263158
       9760.00      0.268483
       9780.00      0.273354
       9800.00      0.275175
       9820.00      0.283251
       9840.00      0.284183
       9860.00      0.276511
       9880.00      0.266724
       9900.00      0.283103
       9920.00      0.270564
       9940.00      0.266821
       9960.00      0.269478
       9980.00      0.276373
       10000.0      0.272428
       10020.0      0.266595
       10040.0      0.258884
       10060.0      0.282183
       10080.0      0.276786
       10100.0      0.279596
       10120.0      0.281139
       10140.0      0.264276
       10160.0      0.270642
       10180.0      0.266778
       10200.0      0.276647
       10220.0      0.263037
       10240.0      0.256105
       10260.0      0.267591
       10280.0      0.270782
       10300.0      0.261200
       10320.0      0.256380
       10340.0      0.264495
       10360.0      0.252934
       10380.0      0.253672
       10400.0      0.263989
       10420.0      0.263278
       10440.0      0.268866
       10460.0      0.253151
       10480.0      0.271279
       10500.0      0.262686
       10520.0      0.275890
       10540.0      0.258270
       10560.0      0.273841
       10580.0      0.269717
       10600.0      0.252607
       10620.0      0.245744
