       3160.00       1.52873
       3170.00       1.58551
       3180.00       1.59737
       3190.00       1.51572
       3200.00       1.63457
       3210.00       1.64465
       3220.00       1.38665
       3230.00       1.53646
       3240.00       1.65197
       3250.00       1.84469
       3260.00       2.11840
       3270.00       2.19384
       3280.00       1.99709
       3290.00       2.18938
       3300.00       2.35985
       3310.00       2.10553
       3320.00       2.08011
       3330.00       2.02999
       3340.00       2.09245
       3350.00       2.05858
       3360.00       1.89881
       3370.00       1.81802
       3380.00       1.99996
       3390.00       2.14060
       3400.00       2.27038
       3410.00       2.17660
       3420.00       2.13891
       3430.00       2.06594
       3440.00       1.80368
       3450.00       1.88033
       3460.00       2.12967
       3470.00       2.05897
       3480.00       1.91170
       3490.00       1.98158
       3500.00       2.30570
       3510.00       2.28526
       3520.00       2.17500
       3530.00       2.23506
       3540.00       2.41860
       3550.00       2.40082
       3560.00       2.05617
       3570.00       1.86487
       3580.00       1.57126
       3590.00       1.99828
       3600.00       2.37694
       3610.00       2.15315
       3620.00       2.44588
       3630.00       2.63502
       3640.00       2.57426
       3650.00       2.92347
       3660.00       3.30270
       3670.00       3.12119
       3680.00       2.99889
       3690.00       3.14519
       3700.00       3.09325
       3710.00       3.02715
       3720.00       2.94701
       3730.00       2.48342
       3740.00       2.17728
       3750.00       2.48187
       3760.00       2.73821
       3770.00       2.98931
       3780.00       3.22620
       3790.00       2.78592
       3800.00       2.75424
       3810.00       2.53610
       3820.00       1.95446
       3830.00       1.63401
       3840.00       1.88214
       3850.00       2.03664
       3860.00       1.99982
       3870.00       2.21866
       3880.00       2.55059
       3890.00       3.20508
       3900.00       3.58399
       3910.00       3.77910
       3920.00       3.22404
       3930.00       2.20709
       3940.00       2.75279
       3950.00       3.82343
       3960.00       3.06726
       3970.00       2.94422
       3980.00       4.53371
       3990.00       5.14974
       4000.00       5.49240
       4010.00       5.71917
       4020.00       5.83458
       4030.00       5.80076
       4040.00       5.58147
       4050.00       5.35605
       4060.00       5.16052
       4070.00       5.25554
       4080.00       5.57092
       4090.00       5.47632
       4100.00       5.28360
       4110.00       5.56343
       4120.00       5.59721
       4130.00       5.41385
       4140.00       5.35137
       4150.00       5.07090
       4160.00       5.25071
       4170.00       5.07578
       4180.00       5.07063
       4190.00       5.20963
       4200.00       5.40479
       4210.00       5.84196
       4220.00       5.48881
       4230.00       5.44245
       4240.00       5.62373
       4250.00       5.57383
       4260.00       5.52873
       4270.00       5.53860
       4280.00       5.39707
       4290.00       4.83276
       4300.00       4.12383
       4310.00       4.92898
       4320.00       5.89049
       4330.00       5.66318
       4340.00       5.78592
       4350.00       6.30890
       4360.00       6.73230
       4370.00       6.38256
       4380.00       5.70750
       4390.00       5.87311
       4400.00       6.21950
       4410.00       6.38762
       4420.00       6.75771
       4430.00       6.79963
       4440.00       6.92800
       4450.00       6.68917
       4460.00       6.78992
       4470.00       7.17241
       4480.00       7.54667
       4490.00       7.47346
       4500.00       7.80643
       4510.00       8.17895
       4520.00       7.58010
       4530.00       7.41822
       4540.00       7.52418
       4550.00       7.72386
       4560.00       7.97820
       4570.00       7.96287
       4580.00       8.00291
       4590.00       7.85178
       4600.00       8.02740
       4610.00       8.28361
       4620.00       8.46597
       4630.00       7.96802
       4640.00       7.60658
       4650.00       7.56194
       4660.00       7.41298
       4670.00       7.33767
       4680.00       7.58735
       4690.00       7.47252
       4700.00       7.29808
       4710.00       7.70447
       4720.00       7.90896
       4730.00       7.87988
       4740.00       8.30712
       4750.00       8.33782
       4760.00       8.11158
       4770.00       8.34166
       4780.00       8.70018
       4790.00       8.52239
       4800.00       8.68321
       4810.00       8.72995
       4820.00       8.69568
       4830.00       8.61415
       4840.00       8.51484
       4850.00       7.81847
       4860.00       7.18408
       4870.00       7.73836
       4880.00       7.99495
       4890.00       8.21963
       4900.00       8.63720
       4910.00       8.12861
       4920.00       8.14476
       4930.00       8.32878
       4940.00       8.66979
       4950.00       8.54602
       4960.00       8.52486
       4970.00       8.42931
       4980.00       8.23244
       4990.00       8.29890
       5000.00       8.13425
       5010.00       7.79042
       5020.00       7.86900
       5030.00       8.11285
       5040.00       8.00205
       5050.00       8.37293
       5060.00       8.54792
       5070.00       8.10648
       5080.00       8.09052
       5090.00       8.02965
       5100.00       7.96998
       5110.00       7.98488
       5120.00       8.09485
       5130.00       7.78476
       5140.00       7.79520
       5150.00       8.01649
       5160.00       7.29307
       5170.00       7.03121
       5180.00       7.38149
       5190.00       7.81394
       5200.00       8.07333
       5210.00       8.30088
       5220.00       8.27565
       5230.00       8.35388
       5240.00       8.65487
       5250.00       8.54655
       5260.00       8.02291
       5270.00       7.77850
       5280.00       8.59668
       5290.00       8.87044
       5300.00       8.94008
       5310.00       9.27269
       5320.00       8.70049
       5330.00       8.56081
       5340.00       8.75820
       5350.00       9.01219
       5360.00       8.76550
       5370.00       8.56416
       5380.00       8.84697
       5390.00       8.59653
       5400.00       8.25503
       5410.00       8.33700
       5420.00       8.84009
       5430.00       8.61303
       5440.00       8.78252
       5450.00       8.90402
       5460.00       8.82438
       5470.00       8.73079
       5480.00       8.64376
       5490.00       8.84891
       5500.00       8.72036
       5510.00       8.69039
       5520.00       8.60318
       5530.00       8.50836
       5540.00       8.79102
       5550.00       8.95946
       5560.00       8.86451
       5570.00       8.65274
       5580.00       8.77164
       5590.00       8.49196
       5600.00       8.74901
       5610.00       8.92441
       5620.00       9.17717
       5630.00       9.33388
       5640.00       9.45549
       5650.00       9.47323
       5660.00       9.37906
       5670.00       9.49994
       5680.00       9.44892
       5690.00       9.56071
       5700.00       9.51830
       5710.00       9.52722
       5720.00       9.91925
       5730.00       10.5649
       5740.00       9.61318
       5760.00       9.46143
       5780.00       9.52980
       5800.00       9.69847
       5820.00       9.96639
       5840.00       9.79049
       5860.00       9.63241
       5880.00       9.10268
       5900.00       9.25343
       5920.00       9.57592
       5940.00       9.61747
       5960.00       9.57702
       5980.00       9.46355
       6000.00       9.54564
       6020.00       9.57056
       6040.00       9.63563
       6060.00       9.48328
       6080.00       9.75647
       6100.00       9.58875
       6120.00       9.69270
       6140.00       9.25660
       6160.00       9.19492
       6180.00       9.59860
       6200.00       9.61477
       6220.00       9.52904
       6240.00       9.31899
       6260.00       9.29700
       6280.00       9.36045
       6300.00       9.45442
       6320.00       9.43221
       6340.00       9.47159
       6360.00       9.79405
       6380.00       9.78625
       6400.00       9.49694
       6420.00       9.47494
       6440.00       9.72533
       6460.00       9.53690
       6480.00       9.46237
       6500.00       9.41827
       6520.00       9.62841
       6540.00       9.27875
       6560.00       9.15394
       6580.00       9.58502
       6600.00       9.60025
       6620.00       9.60803
       6640.00       9.41772
       6660.00       9.49913
       6680.00       9.41966
       6700.00       9.28977
       6720.00       9.50129
       6740.00       9.47309
       6760.00       9.45227
       6780.00       9.35974
       6800.00       9.81923
       6820.00       9.64762
       6840.00       9.88285
       6860.00       9.53457
       6880.00       9.28741
       6900.00       9.91691
       6920.00       10.0009
       6940.00       9.78957
       6960.00       9.68447
       6980.00       9.49624
       7000.00       9.38562
       7020.00       9.56701
       7040.00       9.58134
       7060.00       9.34724
       7080.00       9.55472
       7100.00       9.40434
       7120.00       9.20007
       7140.00       9.06517
       7160.00       9.39355
       7180.00       9.22494
       7200.00       9.13844
       7220.00       9.16709
       7240.00       9.07449
       7260.00       9.15683
       7280.00       9.11160
       7300.00       9.12000
       7320.00       9.02855
       7340.00       8.89115
       7360.00       8.71479
       7380.00       8.73077
       7400.00       8.62820
       7420.00       8.69683
       7440.00       8.92220
       7460.00       8.87217
       7480.00       8.70520
       7500.00       8.64952
       7520.00       9.23529
       7540.00       9.32060
       7560.00       9.65670
       7580.00       8.78311
       7600.00       7.23485
       7620.00       8.99266
       7640.00       8.54202
       7660.00       8.55786
       7680.00       7.94582
       7700.00       8.22246
       7720.00       8.32733
       7740.00       8.50087
       7760.00       8.52289
       7780.00       8.55106
       7800.00       8.86631
       7820.00       8.75021
       7840.00       8.79622
       7860.00       8.80482
       7880.00       8.97407
       7900.00       8.70476
       7920.00       8.62743
       7940.00       8.68544
       7960.00       8.89000
       7980.00       9.03860
       8000.00       8.97339
       8020.00       8.96923
       8040.00       8.86211
       8060.00       8.79178
       8080.00       8.64947
       8100.00       8.53793
       8120.00       8.85277
       8140.00       8.94470
       8160.00       8.86309
       8180.00       8.71044
       8200.00       8.70701
       8220.00       8.59103
       8240.00       8.99573
       8260.00       8.68504
       8280.00       8.61701
       8300.00       8.33219
       8320.00       8.05460
       8340.00       8.38566
       8360.00       8.41221
       8380.00       8.28752
       8400.00       8.12284
       8420.00       8.35226
       8440.00       8.11897
       8460.00       8.17461
       8480.00       8.04621
       8500.00       7.76371
       8520.00       7.52827
       8540.00       7.43650
       8560.00       7.53292
       8580.00       7.75944
       8600.00       8.00756
       8620.00       7.93248
       8640.00       7.58154
       8660.00       7.20973
       8680.00       7.62516
       8700.00       7.91552
       8720.00       7.89736
       8740.00       7.63411
       8760.00       7.75011
       8780.00       7.64370
       8800.00       7.62633
       8820.00       7.79126
       8840.00       7.50918
       8860.00       7.57468
       8880.00       7.85379
       8900.00       7.58989
       8920.00       7.45275
       8940.00       7.29989
       8960.00       7.72387
       8980.00       7.52770
       9000.00       7.33781
       9020.00       7.72109
       9040.00       7.89257
       9060.00       7.67625
       9080.00       7.52525
       9100.00       7.59969
       9120.00       7.57235
       9140.00       7.34796
       9160.00       7.16710
       9180.00       7.44327
       9200.00       7.56473
       9220.00       7.31062
       9240.00       7.62159
       9260.00       7.50520
       9280.00       7.96135
       9300.00       7.73475
       9320.00       8.02124
       9340.00       8.45772
       9360.00       7.86208
       9380.00       7.89205
       9400.00       8.04105
       9420.00       7.38806
       9440.00       7.29502
       9460.00       7.84590
       9480.00       7.51597
       9500.00       7.37711
       9520.00       7.47927
       9540.00       7.59633
       9560.00       7.62119
       9580.00       7.64595
       9600.00       7.34085
       9620.00       7.34078
       9640.00       7.04263
       9660.00       6.76588
       9680.00       7.11415
       9700.00       6.76811
       9720.00       6.66399
       9740.00       6.88032
       9760.00       6.76143
       9780.00       6.78744
       9800.00       6.69407
       9820.00       6.57133
       9840.00       6.48373
       9860.00       6.32734
       9880.00       6.27017
       9900.00       6.32145
       9920.00       6.26452
       9940.00       6.25192
       9960.00       6.40073
       9980.00       6.40254
       10000.0       6.36051
       10020.0       6.28463
       10040.0       6.22846
       10060.0       6.16766
       10080.0       6.30520
       10100.0       6.20592
       10120.0       6.03484
       10140.0       6.17183
       10160.0       6.19324
       10180.0       5.93708
       10200.0       6.02094
       10220.0       5.98056
       10240.0       6.05449
       10260.0       5.83857
       10280.0       5.87459
       10300.0       5.89155
       10320.0       5.93205
       10340.0       6.09956
       10360.0       5.75401
       10380.0       5.82738
       10400.0       5.89110
       10420.0       5.88447
       10440.0       5.83121
       10460.0       5.78747
       10480.0       5.97160
       10500.0       5.82108
       10520.0       5.99982
       10540.0       5.84057
       10560.0       5.38215
       10580.0       5.77246
       10600.0       5.67887
       10620.0       5.56270
