   3970.000               0
   3975.000      4.3429880E-04
   3980.000      1.3076592E-03
   3985.000      1.3124483E-03
   3990.000      4.3908239E-04
   3995.000      8.8132964E-04
   4000.000      1.7690021E-03
   4005.000      2.2168800E-03
   4010.000      2.6670163E-03
   4015.000      2.2282761E-03
   4020.000      2.6808546E-03
   4025.000      3.1356567E-03
   4030.000      4.0418473E-03
   4035.000      4.5026080E-03
   4040.000      5.4171472E-03
   4045.000      6.7882910E-03
   4050.000      8.6198775E-03
   4055.000      1.0915387E-02
   4060.000      1.4590055E-02
   4065.000      1.8737866E-02
   4070.000      2.4279512E-02
   4075.000      3.0765940E-02
   4080.000      3.8203511E-02
   4085.000      4.6598941E-02
   4090.000      5.5958770E-02
   4095.000      6.5834783E-02
   4100.000      7.6224364E-02
   4105.000      8.7956764E-02
   4110.000      0.1020489    
   4115.000      0.1185049    
   4120.000      0.1382712    
   4125.000      0.1618273    
   4130.000      0.1891875    
   4135.000      0.2203732    
   4140.000      0.2544540    
   4145.000      0.2904861    
   4150.000      0.3256636    
   4155.000      0.3576338    
   4160.000      0.3840202    
   4165.000      0.4033646    
   4170.000      0.4161329    
   4175.000      0.4232637    
   4180.000      0.4261444    
   4185.000      0.4276108    
   4190.000      0.4276538    
   4195.000      0.4272709    
   4200.000      0.4259327    
   4205.000      0.4239242    
   4210.000      0.4204701    
   4215.000      0.4155316    
   4220.000      0.4091311    
   4225.000      0.4022196    
   4230.000      0.3952793    
   4235.000      0.3897860    
   4240.000      0.3866886    
   4245.000      0.3864701    
   4250.000      0.3891636    
   4255.000      0.3943317    
   4260.000      0.4024453    
   4265.000      0.4119663    
   4270.000      0.4220090    
   4275.000      0.4322110    
   4280.000      0.4409782    
   4285.000      0.4477335    
   4290.000      0.4520449    
   4295.000      0.4539870    
   4300.000      0.4544477    
   4305.000      0.4525828    
   4310.000      0.4502145    
   4315.000      0.4469150    
   4320.000      0.4441025    
   4325.000      0.4417956    
   4330.000      0.4404800    
   4335.000      0.4401099    
   4340.000      0.4407403    
   4345.000      0.4418943    
   4350.000      0.4435531    
   4355.000      0.4451594    
   4360.000      0.4467686    
   4365.000      0.4479451    
   4370.000      0.4486178    
   4375.000      0.4492376    
   4380.000      0.4498577    
   4385.000      0.4499701    
   4390.000      0.4505901    
   4395.000      0.4512489    
   4400.000      0.4519080    
   4405.000      0.4536330    
   4410.000      0.4553617    
   4415.000      0.4571753    
   4420.000      0.4589930    
   4425.000      0.4612680    
   4430.000      0.4635485    
   4435.000      0.4657865    
   4440.000      0.4680296    
   4445.000      0.4697087    
   4450.000      0.4719089    
   4455.000      0.4731106    
   4460.000      0.4748337    
   4465.000      0.4755388    
   4470.000      0.4757233    
   4475.000      0.4754070    
   4480.000      0.4745654    
   4485.000      0.4726326    
   4490.000      0.4706927    
   4495.000      0.4687626    
   4500.000      0.4673511    
   4505.000      0.4659017    
   4510.000      0.4649740    
   4515.000      0.4651398    
   4520.000      0.4663619    
   4525.000      0.4681031    
   4530.000      0.4709085    
   4535.000      0.4742451    
   4540.000      0.4781217    
   4545.000      0.4814875    
   4550.000      0.4853950    
   4555.000      0.4881653    
   4560.000      0.4904068    
   4565.000      0.4921356    
   4570.000      0.4933314    
   4575.000      0.4939647    
   4580.000      0.4945984    
   4585.000      0.4946944    
   4590.000      0.4953283    
   4595.000      0.4953700    
   4600.000      0.4954107    
   4605.000      0.4950067    
   4610.000      0.4951418    
   4615.000      0.4952486    
   4620.000      0.4948114    
   4625.000      0.4949716    
   4630.000      0.4945859    
   4635.000      0.4941165    
   4640.000      0.4936447    
   4645.000      0.4931912    
   4650.000      0.4921877    
   4655.000      0.4911063    
   4660.000      0.4900212    
   4665.000      0.4889153    
   4670.000      0.4878060    
   4675.000      0.4866946    
   4680.000      0.4861310    
   4685.000      0.4861557    
   4690.000      0.4856269    
   4695.000      0.4862561    
   4700.000      0.4863316    
   4705.000      0.4865957    
   4710.000      0.4863048    
   4715.000      0.4865039    
   4720.000      0.4867026    
   4725.000      0.4868528    
   4730.000      0.4875578    
   4735.000      0.4888543    
   4740.000      0.4907070    
   4745.000      0.4931157    
   4750.000      0.4960818    
   4755.000      0.4995394    
   4760.000      0.5029982    
   4765.000      0.5058809    
   4770.000      0.5082078    
   4775.000      0.5105807    
   4780.000      0.5118405    
   4785.000      0.5124893    
   4790.000      0.5131379    
   4795.000      0.5132803    
   4800.000      0.5134224    
   4805.000      0.5144404    
   4810.000      0.5154595    
   4815.000      0.5165212    
   4820.000      0.5181436    
   4825.000      0.5196861    
   4830.000      0.5206702    
   4835.000      0.5216790    
   4840.000      0.5215660    
   4845.000      0.5214391    
   4850.000      0.5207491    
   4855.000      0.5195549    
   4860.000      0.5183577    
   4865.000      0.5165844    
   4870.000      0.5148070    
   4875.000      0.5130090    
   4880.000      0.5117725    
   4885.000      0.5099351    
   4890.000      0.5092270    
   4895.000      0.5085233    
   4900.000      0.5083852    
   4905.000      0.5087385    
   4910.000      0.5096601    
   4915.000      0.5105954    
   4920.000      0.5126699    
   4925.000      0.5141610    
   4930.000      0.5162235    
   4935.000      0.5171502    
   4940.000      0.5175071    
   4945.000      0.5167301    
   4950.000      0.5148091    
   4955.000      0.5110340    
   4960.000      0.5066836    
   4965.000      0.5011739    
   4970.000      0.4950871    
   4975.000      0.4889298    
   4980.000      0.4827691    
   4985.000      0.4771997    
   4990.000      0.4727726    
   4995.000      0.4694640    
   5000.000      0.4673002    
   5005.000      0.4663860    
   5010.000      0.4660453    
   5015.000      0.4669193    
   5020.000      0.4683639    
   5025.000      0.4703858    
   5030.000      0.4724053    
   5035.000      0.4744463    
   5040.000      0.4770556    
   5045.000      0.4790438    
   5050.000      0.4810291    
   5055.000      0.4825894    
   5060.000      0.4835788    
   5065.000      0.4845788    
   5070.000      0.4844393    
   5075.000      0.4842655    
   5080.000      0.4835227    
   5085.000      0.4822729    
   5090.000      0.4804548    
   5095.000      0.4786125    
   5100.000      0.4762024    
   5105.000      0.4740683    
   5110.000      0.4725013    
   5115.000      0.4708812    
   5120.000      0.4692604    
   5125.000      0.4681821    
   5130.000      0.4676723    
   5135.000      0.4671326    
   5140.000      0.4665927    
   5145.000      0.4660972    
   5150.000      0.4650322    
   5155.000      0.4639072    
   5160.000      0.4627822    
   5165.000      0.4616836    
   5170.000      0.4611542    
   5175.000      0.4605383    
   5180.000      0.4610609    
   5185.000      0.4621672    
   5190.000      0.4644117    
   5195.000      0.4672167    
   5200.000      0.4711591    
   5205.000      0.4747979    
   5210.000      0.4789994    
   5215.000      0.4831976    
   5220.000      0.4868219    
   5225.000      0.4892722    
   5230.000      0.4911515    
   5235.000      0.4918700    
   5240.000      0.4908901    
   5245.000      0.4893127    
   5250.000      0.4866085    
   5255.000      0.4832563    
   5260.000      0.4799106    
   5265.000      0.4765959    
   5270.000      0.4732874    
   5275.000      0.4711300    
   5280.000      0.4689762    
   5285.000      0.4673727    
   5290.000      0.4657717    
   5295.000      0.4641543    
   5300.000      0.4625397    
   5305.000      0.4607448    
   5310.000      0.4589508    
   5315.000      0.4572130    
   5320.000      0.4554757    
   5325.000      0.4537198    
   5330.000      0.4530803    
   5335.000      0.4524616    
   5340.000      0.4529586    
   5345.000      0.4545656    
   5350.000      0.4572875    
   5355.000      0.4605942    
   5360.000      0.4639003    
   5365.000      0.4682641    
   5370.000      0.4720688    
   5375.000      0.4758709    
   5380.000      0.4780000    
   5385.000      0.4789320    
   5390.000      0.4781930    
   5395.000      0.4758187    
   5400.000      0.4723331    
   5405.000      0.4676968    
   5410.000      0.4619520    
   5415.000      0.4562828    
   5420.000      0.4511718    
   5425.000      0.4460756    
   5430.000      0.4409816    
   5435.000      0.4369942    
   5440.000      0.4324534    
   5445.000      0.4279266    
   5450.000      0.4228466    
   5455.000      0.4166799    
   5460.000      0.4105151    
   5465.000      0.4032201    
   5470.000      0.3953736    
   5475.000      0.3875170    
   5480.000      0.3796641    
   5485.000      0.3718128    
   5490.000      0.3650732    
   5495.000      0.3594571    
   5500.000      0.3555044    
   5505.000      0.3523687    
   5510.000      0.3503440    
   5515.000      0.3500086    
   5520.000      0.3502249    
   5525.000      0.3504349    
   5530.000      0.3495431    
   5535.000      0.3475641    
   5540.000      0.3433906    
   5545.000      0.3375476    
   5550.000      0.3300712    
   5555.000      0.3208894    
   5560.000      0.3111834    
   5565.000      0.3009353    
   5570.000      0.2912594    
   5575.000      0.2821447    
   5580.000      0.2730541    
   5585.000      0.2645719    
   5590.000      0.2555672    
   5595.000      0.2449606    
   5600.000      0.2327553    
   5605.000      0.2190886    
   5610.000      0.2038165    
   5615.000      0.1869527    
   5620.000      0.1695675    
   5625.000      0.1521804    
   5630.000      0.1358960    
   5635.000      0.1207296    
   5640.000      0.1066574    
   5645.000      9.4737522E-02
   5650.000      8.3910741E-02
   5655.000      7.4731931E-02
   5660.000      6.6636406E-02
   5665.000      5.9622865E-02
   5670.000      5.3689569E-02
   5675.000      4.7762372E-02
   5680.000      4.2376876E-02
   5685.000      3.7536319E-02
   5690.000      3.2699045E-02
   5695.000      2.8928807E-02
   5700.000      2.5163203E-02
   5705.000      2.1392878E-02
   5710.000      1.8698994E-02
   5715.000      1.6014138E-02
   5720.000      1.3867160E-02
   5725.000      1.2254388E-02
   5730.000      1.0644941E-02
   5735.000      9.0408018E-03
   5740.000      7.9706470E-03
   5745.000      7.4337870E-03
   5750.000      6.3671167E-03
   5755.000      5.8333566E-03
   5760.000      4.7701537E-03
   5765.000      4.7678459E-03
   5770.000      4.7655348E-03
   5775.000      3.7035665E-03
   5780.000      3.1719478E-03
   5785.000      2.6411824E-03
   5790.000      2.1112594E-03
   5795.000      1.5824540E-03
   5800.000      1.0543086E-03
   5805.000      1.5813176E-03
   5810.000      1.5811719E-03
   5815.000      1.0540731E-03
   5820.000      1.0540315E-03
   5825.000               0
0
