   5295.000               0
   5300.000      5.5862288E-04
   5305.000      1.1169573E-03
   5310.000      1.1166688E-03
   5315.000      1.1165155E-03
   5320.000      1.6745430E-03
   5325.000      1.6742428E-03
   5330.000      2.2319229E-03
   5335.000      2.2316233E-03
   5340.000      2.2313232E-03
   5345.000      2.2309972E-03
   5350.000      2.7883386E-03
   5355.000      3.3457209E-03
   5360.000      3.3454350E-03
   5365.000      3.3447440E-03
   5370.000      3.9013952E-03
   5375.000      3.9005813E-03
   5380.000      3.8997673E-03
   5385.000      3.8982839E-03
   5390.000      4.4534854E-03
   5395.000      5.0086179E-03
   5400.000      5.5634049E-03
   5405.000      6.1173178E-03
   5410.000      6.6707870E-03
   5415.000      7.2249416E-03
   5420.000      8.3344551E-03
   5425.000      8.8881822E-03
   5430.000      9.9970624E-03
   5435.000      1.1105317E-02
   5440.000      1.2213062E-02
   5445.000      1.3320672E-02
   5450.000      1.4427837E-02
   5455.000      1.6090170E-02
   5460.000      1.7752005E-02
   5465.000      1.9412249E-02
   5470.000      2.1626325E-02
   5475.000      2.3838675E-02
   5480.000      2.6049946E-02
   5485.000      2.8814107E-02
   5490.000      3.1576898E-02
   5495.000      3.4893367E-02
   5500.000      3.8762163E-02
   5505.000      4.2594012E-02
   5510.000      4.6417817E-02
   5515.000      5.0789889E-02
   5520.000      5.5705063E-02
   5525.000      6.1160814E-02
   5530.000      6.6605851E-02
   5535.000      7.2592504E-02
   5540.000      7.9117179E-02
   5545.000      8.6170681E-02
   5550.000      9.3209475E-02
   5555.000      0.1007571    
   5560.000      0.1088321    
   5565.000      0.1174249    
   5570.000      0.1259943    
   5575.000      0.1350808    
   5580.000      0.1441421    
   5585.000      0.1537451    
   5590.000      0.1627817    
   5595.000      0.1723396    
   5600.000      0.1824152    
   5605.000      0.1920406    
   5610.000      0.2021947    
   5615.000      0.2118077    
   5620.000      0.2219499    
   5625.000      0.2315085    
   5630.000      0.2415928    
   5635.000      0.2511607    
   5640.000      0.2612567    
   5645.000      0.2712938    
   5650.000      0.2807783    
   5655.000      0.2903255    
   5660.000      0.2998638    
   5665.000      0.3093943    
   5670.000      0.3183791    
   5675.000      0.3273601    
   5680.000      0.3363329    
   5685.000      0.3447979    
   5690.000      0.3532569    
   5695.000      0.3605386    
   5700.000      0.3678111    
   5705.000      0.3743754    
   5710.000      0.3803910    
   5715.000      0.3859407    
   5720.000      0.3909472    
   5725.000      0.3953372    
   5730.000      0.3991853    
   5735.000      0.4025816    
   5740.000      0.4054403    
   5745.000      0.4077963    
   5750.000      0.4090872    
   5755.000      0.4099259    
   5760.000      0.4102332    
   5765.000      0.4100347    
   5770.000      0.4093065    
   5775.000      0.4079214    
   5780.000      0.4060093    
   5785.000      0.4041009    
   5790.000      0.4016671    
   5795.000      0.3987784    
   5800.000      0.3964200    
   5805.000      0.3937481    
   5810.000      0.3910765    
   5815.000      0.3889530    
   5820.000      0.3868296    
   5825.000      0.3847045    
   5830.000      0.3831065    
   5835.000      0.3815253    
   5840.000      0.3809979    
   5845.000      0.3799204    
   5850.000      0.3798967    
   5855.000      0.3798496    
   5860.000      0.3803294    
   5865.000      0.3812566    
   5870.000      0.3821832    
   5875.000      0.3824778    
   5880.000      0.3832930    
   5885.000      0.3827270    
   5890.000      0.3821448    
   5895.000      0.3838035    
   5900.000      0.3859816    
   5905.000      0.3889283    
   5910.000      0.3918849    
   5915.000      0.3915528    
   5920.000      0.3912144    
   5925.000      0.3942578    
   5930.000      0.3973103    
   5935.000      0.3970868    
   5940.000      0.3963366    
   5945.000      0.3954983    
   5950.000      0.3946574    
   5955.000      0.3969172    
   5960.000      0.3986620    
   5965.000      0.3984998    
   5970.000      0.3983363    
   5975.000      0.4000863    
   5980.000      0.4018396    
   5985.000      0.4035698    
   5990.000      0.4047801    
   5995.000      0.4064813    
   6000.000      0.4087047    
   6005.000      0.4108507    
   6010.000      0.4129967    
   6015.000      0.4148186    
   6020.000      0.4171585    
   6025.000      0.4200820    
   6030.000      0.4224819    
   6035.000      0.4253420    
   6040.000      0.4276785    
   6045.000      0.4304843    
   6050.000      0.4332854    
   6055.000      0.4361809    
   6060.000      0.4390731    
   6065.000      0.4419985    
   6070.000      0.4444033    
   6075.000      0.4473257    
   6080.000      0.4502454    
   6085.000      0.4525935    
   6090.000      0.4549387    
   6095.000      0.4572477    
   6100.000      0.4590369    
   6105.000      0.4617051    
   6110.000      0.4633411    
   6115.000      0.4656043    
   6120.000      0.4673522    
   6125.000      0.4690372    
   6130.000      0.4702057    
   6135.000      0.4713912    
   6140.000      0.4725772    
   6145.000      0.4736677    
   6150.000      0.4742406    
   6155.000      0.4749566    
   6160.000      0.4756730    
   6165.000      0.4762679    
   6170.000      0.4763444    
   6175.000      0.4770021    
   6180.000      0.4776599    
   6185.000      0.4782487    
   6190.000      0.4788375    
   6195.000      0.4794968    
   6200.000      0.4801563    
   6205.000      0.4807857    
   6210.000      0.4819348    
   6215.000      0.4825984    
   6220.000      0.4837820    
   6225.000      0.4849413    
   6230.000      0.4861009    
   6235.000      0.4872682    
   6240.000      0.4884359    
   6245.000      0.4896292    
   6250.000      0.4903026    
   6255.000      0.4913689    
   6260.000      0.4924352    
   6265.000      0.4925657    
   6270.000      0.4926955    
   6275.000      0.4812439    
   6280.000      0.4697726    
   6285.000      0.4787476    
   6290.000      0.4872250    
   6295.000      0.4869482    
   6300.000      0.4871832    
   6305.000      0.4883654    
   6310.000      0.4895456    
   6315.000      0.4901005    
   6320.000      0.4906542    
   6325.000      0.4914713    
   6330.000      0.4922866    
   6335.000      0.4924436    
   6340.000      0.4920821    
   6345.000      0.4919126    
   6350.000      0.4912258    
   6355.000      0.4914793    
   6360.000      0.4912142    
   6365.000      0.4907303    
   6370.000      0.4902460    
   6375.000      0.4898953    
   6380.000      0.4890255    
   6385.000      0.4882957    
   6390.000      0.4870485    
   6395.000      0.4862793    
   6400.000      0.4855082    
   6405.000      0.4845476    
   6410.000      0.4830683    
   6415.000      0.4820941    
   6420.000      0.4811196    
   6425.000      0.4796014    
   6430.000      0.4786015    
   6435.000      0.4776706    
   6440.000      0.4767392    
   6445.000      0.4757936    
   6450.000      0.4748478    
   6455.000      0.4737715    
   6460.000      0.4721787    
   6465.000      0.4712183    
   6470.000      0.4697422    
   6475.000      0.4681337    
   6480.000      0.4665276    
   6485.000      0.4658789    
   6490.000      0.4657438    
   6495.000      0.4662899    
   6500.000      0.4663160    
   6505.000      0.4658706    
   6510.000      0.4654213    
   6515.000      0.4611663    
   6520.000      0.4564172    
   6525.000      0.4581936    
   6530.000      0.4599432    
   6535.000      0.4575693    
   6540.000      0.4557165    
   6545.000      0.4520526    
   6550.000      0.4484051    
   6555.000      0.4469185    
   6560.000      0.4454254    
   6565.000      0.4426552    
   6570.000      0.4404029    
   6575.000      0.4387899    
   6580.000      0.4366550    
   6585.000      0.4347075    
   6590.000      0.4322413    
   6595.000      0.4295506    
   6600.000      0.4273778    
   6605.000      0.4249544    
   6610.000      0.4230464    
   6615.000      0.4205612    
   6620.000      0.4180748    
   6625.000      0.4156348    
   6630.000      0.4131930    
   6635.000      0.4107735    
   6640.000      0.4083520    
   6645.000      0.4058658    
   6650.000      0.4028598    
   6655.000      0.4004286    
   6660.000      0.3979952    
   6665.000      0.3955191    
   6670.000      0.3935605    
   6675.000      0.3910912    
   6680.000      0.3891397    
   6685.000      0.3871134    
   6690.000      0.3850865    
   6695.000      0.3836531    
   6700.000      0.3822188    
   6705.000      0.3809881    
   6710.000      0.3797584    
   6715.000      0.3791433    
   6720.000      0.3785282    
   6725.000      0.3778569    
   6730.000      0.3771859    
   6735.000      0.3770456    
   6740.000      0.3769050    
   6745.000      0.3767187    
   6750.000      0.3770502    
   6755.000      0.3774164    
   6760.000      0.3777821    
   6765.000      0.3781746    
   6770.000      0.3790839    
   6775.000      0.3804911    
   6780.000      0.3813803    
   6785.000      0.3833684    
   6790.000      0.3853554    
   6795.000      0.3873170    
   6800.000      0.3897936    
   6805.000      0.3922846    
   6810.000      0.3947743    
   6815.000      0.3967295    
   6820.000      0.3981678    
   6825.000      0.3980133    
   6830.000      0.3968278    
   6835.000      0.3941459    
   6840.000      0.3894047    
   6845.000      0.3830535    
   6850.000      0.3746491    
   6855.000      0.3642073    
   6860.000      0.3527454    
   6865.000      0.3051348    
   6870.000      0.2588972    
   6875.000      0.2544626    
   6880.000      0.2493126    
   6885.000      0.2368868    
   6890.000      0.2244015    
   6895.000      0.2111471    
   6900.000      0.1978666    
   6905.000      0.1934888    
   6910.000      0.1871806    
   6915.000      0.1721163    
   6920.000      0.1567082    
   6925.000      0.1399914    
   6930.000      0.1231703    
   6935.000      0.1072958    
   6940.000      9.1945045E-02
   6945.000      7.9184093E-02
   6950.000      6.7743249E-02
   6955.000      5.7605434E-02
   6960.000      4.8518468E-02
   6965.000      4.2114459E-02
   6970.000      3.6041852E-02
   6975.000      3.0951094E-02
   6980.000      2.6372219E-02
   6985.000      2.2657737E-02
   6990.000      1.9494398E-02
   6995.000      1.6994981E-02
   7000.000      1.4995438E-02
   7005.000      1.3012515E-02
   7010.000      1.1525614E-02
   7015.000      1.0002204E-02
   7020.000      8.9839324E-03
   7025.000      7.9956064E-03
   7030.000      7.0047923E-03
   7035.000      6.5214802E-03
   7040.000      5.5325651E-03
   7045.000      5.0346530E-03
   7050.000      4.5357225E-03
   7055.000      4.0272535E-03
   7060.000      3.5199104E-03
   7065.000      3.0218200E-03
   7070.000      3.0265658E-03
   7075.000      2.5185943E-03
   7080.000      3.0180623E-03
   7085.000      2.5177654E-03
   7090.000      2.0163790E-03
   7095.000      1.5112780E-03
   7100.000      2.5171191E-03
   7105.000      2.0130377E-03
   7110.000      2.5154746E-03
   7115.000      2.0128186E-03
   7120.000      2.0132549E-03
   7125.000      1.5086879E-03
   7130.000      1.0049563E-03
   7135.000      5.0204096E-04
   7140.000               0
0
