   7840.000               0
   7845.000       0.000000    
   7850.000       0.000000    
   7855.000      4.2785009E-04
   7860.000      4.2680817E-04
   7865.000      8.4958033E-04
   7870.000      8.4555271E-04
   7875.000      8.4392063E-04
   7880.000      1.2634286E-03
   7885.000      8.3809718E-04
   7890.000      1.2508787E-03
   7895.000      1.2457946E-03
   7900.000      1.2407207E-03
   7905.000      1.6511775E-03
   7910.000      1.6480547E-03
   7915.000      1.6480369E-03
   7920.000      1.6479972E-03
   7925.000      2.0514603E-03
   7930.000      2.0429399E-03
   7935.000      2.4579391E-03
   7940.000      2.4642863E-03
   7945.000      2.0456146E-03
   7950.000      2.4452044E-03
   7955.000      2.8244352E-03
   7960.000      2.7962457E-03
   7965.000      3.2001932E-03
   7970.000      3.6051807E-03
   7975.000      3.9990670E-03
   7980.000      4.7908267E-03
   7985.000      5.1813228E-03
   7990.000      5.5704443E-03
   7995.000      5.9453188E-03
   8000.000      6.3171647E-03
   8005.000      6.6740559E-03
   8010.000      7.4169524E-03
   8015.000      7.8243846E-03
   8020.000      8.6254729E-03
   8025.000      9.3749110E-03
   8030.000      1.0118636E-02
   8035.000      1.0893961E-02
   8040.000      1.2057743E-02
   8045.000      1.2812599E-02
   8050.000      1.3952215E-02
   8055.000      1.5509482E-02
   8060.000      1.6680092E-02
   8065.000      1.8185504E-02
   8070.000      2.0069042E-02
   8075.000      2.1581482E-02
   8080.000      2.3859059E-02
   8085.000      2.6086301E-02
   8090.000      2.8299253E-02
   8095.000      3.0834995E-02
   8100.000      3.3725616E-02
   8105.000      3.6597341E-02
   8110.000      3.9818697E-02
   8115.000      4.3278828E-02
   8120.000      4.7059428E-02
   8125.000      5.0706889E-02
   8130.000      5.5016372E-02
   8135.000      5.9004739E-02
   8140.000      6.3160807E-02
   8145.000      6.7381814E-02
   8150.000      7.2128236E-02
   8155.000      7.7608183E-02
   8160.000      8.3718605E-02
   8165.000      8.8865750E-02
   8170.000      9.3781754E-02
   8175.000      0.1006594    
   8180.000      0.1074964    
   8185.000      0.1171380    
   8190.000      0.1270482    
   8195.000      0.1352897    
   8200.000      0.1431744    
   8205.000      0.1548203    
   8210.000      0.1668043    
   8215.000      0.1741569    
   8220.000      0.1813765    
   8225.000      0.1767097    
   8230.000      0.1706237    
   8235.000      0.1867945    
   8240.000      0.2029860    
   8245.000      0.2170284    
   8250.000      0.2308022    
   8255.000      0.2330714    
   8260.000      0.2350630    
   8265.000      0.2430060    
   8270.000      0.2506847    
   8275.000      0.2500542    
   8280.000      0.2488565    
   8285.000      0.2551090    
   8290.000      0.2614087    
   8295.000      0.2656807    
   8300.000      0.2699560    
   8305.000      0.2735365    
   8310.000      0.2767875    
   8315.000      0.2736789    
   8320.000      0.2701893    
   8325.000      0.2784762    
   8330.000      0.2861479    
   8335.000      0.2860249    
   8340.000      0.2855644    
   8345.000      0.2860769    
   8350.000      0.2859380    
   8355.000      0.2860704    
   8360.000      0.2858749    
   8365.000      0.2856899    
   8370.000      0.2851808    
   8375.000      0.2849131    
   8380.000      0.2846379    
   8385.000      0.2848055    
   8390.000      0.2849629    
   8395.000      0.2833848    
   8400.000      0.2821203    
   8405.000      0.2809874    
   8410.000      0.2801643    
   8415.000      0.2802923    
   8420.000      0.2801061    
   8425.000      0.2795590    
   8430.000      0.2790092    
   8435.000      0.2780067    
   8440.000      0.2770035    
   8445.000      0.2769955    
   8450.000      0.2769821    
   8455.000      0.2764008    
   8460.000      0.2761179    
   8465.000      0.2754496    
   8470.000      0.2747788    
   8475.000      0.2740627    
   8480.000      0.2736411    
   8485.000      0.2730135    
   8490.000      0.2723833    
   8495.000      0.2717313    
   8500.000      0.2707836    
   8505.000      0.2700973    
   8510.000      0.2694087    
   8515.000      0.2689652    
   8520.000      0.2685181    
   8525.000      0.2681840    
   8530.000      0.2678457    
   8535.000      0.2668317    
   8540.000      0.2655325    
   8545.000      0.2646265    
   8550.000      0.2634373    
   8555.000      0.2630000    
   8560.000      0.2625583    
   8565.000      0.2619732    
   8570.000      0.2608272    
   8575.000      0.2598889    
   8580.000      0.2589498    
   8585.000      0.2580532    
   8590.000      0.2568803    
   8595.000      0.2556708    
   8600.000      0.2547356    
   8605.000      0.2534478    
   8610.000      0.2521620    
   8615.000      0.2510100    
   8620.000      0.2498589    
   8625.000      0.2486971    
   8630.000      0.2475362    
   8635.000      0.2463190    
   8640.000      0.2451032    
   8645.000      0.2438991    
   8650.000      0.2426963    
   8655.000      0.2407254    
   8660.000      0.2390239    
   8665.000      0.2381087    
   8670.000      0.2371920    
   8675.000      0.2358316    
   8680.000      0.2347300    
   8685.000      0.2333489    
   8690.000      0.2319711    
   8695.000      0.2310664    
   8700.000      0.2301601    
   8705.000      0.2286818    
   8710.000      0.2274579    
   8715.000      0.2262782    
   8720.000      0.2250998    
   8725.000      0.2241696    
   8730.000      0.2229922    
   8735.000      0.2217143    
   8740.000      0.2204390    
   8745.000      0.2193131    
   8750.000      0.2184303    
   8755.000      0.2171926    
   8760.000      0.2161970    
   8765.000      0.2151032    
   8770.000      0.2142480    
   8775.000      0.2132755    
   8780.000      0.2120668    
   8785.000      0.2110803    
   8790.000      0.2100936    
   8795.000      0.2091469    
   8800.000      0.2081997    
   8805.000      0.2069313    
   8810.000      0.2056654    
   8815.000      0.2049384    
   8820.000      0.2042088    
   8825.000      0.2031989    
   8830.000      0.2021890    
   8835.000      0.2013236    
   8840.000      0.2006797    
   8845.000      0.1997559    
   8850.000      0.1988313    
   8855.000      0.1978876    
   8860.000      0.1967244    
   8865.000      0.1957817    
   8870.000      0.1950546    
   8875.000      0.1938505    
   8880.000      0.1926484    
   8885.000      0.1923949    
   8890.000      0.1919223    
   8895.000      0.1909477    
   8900.000      0.1897623    
   8905.000      0.1889167    
   8910.000      0.1878614    
   8915.000      0.1868003    
   8920.000      0.1859448    
   8925.000      0.1838153    
   8930.000      0.1816976    
   8935.000      0.1804098    
   8940.000      0.1789268    
   8945.000      0.1753619    
   8950.000      0.1718249    
   8955.000      0.1676309    
   8960.000      0.1632850    
   8965.000      0.1601270    
   8970.000      0.1569935    
   8975.000      0.1566185    
   8980.000      0.1562374    
   8985.000      0.1513277    
   8990.000      0.1464631    
   8995.000      0.1485543    
   9000.000      0.1504457    
   9005.000      0.1455657    
   9010.000      0.1407316    
   9015.000      0.1435142    
   9020.000      0.1460919    
   9025.000      0.1492509    
   9030.000      0.1521928    
   9035.000      0.1543345    
   9040.000      0.1562646    
   9045.000      0.1549828    
   9050.000      0.1535346    
   9055.000      0.1510123    
   9060.000      0.1483453    
   9065.000      0.1437485    
   9070.000      0.1392055    
   9075.000      0.1366924    
   9080.000      0.1340513    
   9085.000      0.1346283    
   9090.000      0.1351824    
   9095.000      0.1319943    
   9100.000      0.1289852    
   9105.000      0.1306240    
   9110.000      0.1322374    
   9115.000      0.1318560    
   9120.000      0.1314718    
   9125.000      0.1306508    
   9130.000      0.1298320    
   9135.000      0.1256210    
   9140.000      0.1214510    
   9145.000      0.1243289    
   9150.000      0.1271668    
   9155.000      0.1235552    
   9160.000      0.1199778    
   9165.000      0.1212302    
   9170.000      0.1224610    
   9175.000      0.1206556    
   9180.000      0.1188643    
   9185.000      0.1215551    
   9190.000      0.1240724    
   9195.000      0.1260705    
   9200.000      0.1280363    
   9205.000      0.1266658    
   9210.000      0.1253020    
   9215.000      0.1234170    
   9220.000      0.1214076    
   9225.000      0.1212914    
   9230.000      0.1212991    
   9235.000      0.1193366    
   9240.000      0.1173922    
   9245.000      0.1159433    
   9250.000      0.1143711    
   9255.000      0.1138500    
   9260.000      0.1131919    
   9265.000      0.1131444    
   9270.000      0.1129521    
   9275.000      0.1078675    
   9280.000      0.1028536    
   9285.000      9.9844784E-02
   9290.000      9.6989080E-02
   9295.000      9.0498604E-02
   9300.000      8.4107861E-02
   9305.000      8.1959069E-02
   9310.000      7.9830319E-02
   9315.000      7.4407592E-02
   9320.000      6.9045432E-02
   9325.000      6.4913422E-02
   9330.000      6.0826790E-02
   9335.000      5.7311844E-02
   9340.000      5.3835824E-02
   9345.000      5.4435246E-02
   9350.000      5.5086318E-02
   9355.000      5.1519461E-02
   9360.000      4.7993504E-02
   9365.000      5.1151842E-02
   9370.000      5.4210782E-02
   9375.000      5.5208120E-02
   9380.000      5.6252278E-02
   9385.000      6.4815581E-02
   9390.000      7.3342942E-02
   9395.000      7.5936116E-02
   9400.000      7.8404576E-02
   9405.000      7.4539386E-02
   9410.000      7.0712537E-02
   9415.000      7.2248012E-02
   9420.000      7.3839538E-02
   9425.000      6.4060524E-02
   9430.000      5.4390103E-02
   9435.000      5.8215473E-02
   9440.000      6.1918344E-02
   9445.000      6.2960736E-02
   9450.000      6.3984968E-02
   9455.000      5.7015758E-02
   9460.000      5.0127011E-02
   9465.000      5.8063801E-02
   9470.000      6.5896682E-02
   9475.000      6.0225546E-02
   9480.000      5.4623108E-02
   9485.000      6.4046718E-02
   9490.000      7.3340401E-02
   9495.000      5.6718677E-02
   9500.000      4.0312916E-02
   9505.000      5.7201959E-02
   9510.000      7.3854074E-02
   9515.000      6.2744446E-02
   9520.000      5.1784333E-02
   9525.000      5.6122217E-02
   9530.000      6.0392760E-02
   9535.000      6.1719183E-02
   9540.000      6.3018948E-02
   9545.000      5.9709258E-02
   9550.000      5.6440536E-02
   9555.000      5.6027975E-02
   9560.000      5.5614419E-02
   9565.000      5.6281786E-02
   9570.000      5.6868300E-02
   9575.000      5.8304735E-02
   9580.000      5.9710357E-02
   9585.000      5.6155894E-02
   9590.000      5.2650515E-02
   9595.000      5.4358914E-02
   9600.000      5.6031179E-02
   9605.000      5.7583462E-02
   9610.000      5.9161436E-02
   9615.000      5.7379365E-02
   9620.000      5.5618383E-02
   9625.000      5.6814067E-02
   9630.000      5.8039334E-02
   9635.000      5.7662908E-02
   9640.000      5.7220466E-02
   9645.000      5.6727495E-02
   9650.000      5.6171753E-02
   9655.000      5.6823589E-02
   9660.000      5.7389490E-02
   9665.000      5.7047676E-02
   9670.000      5.6639280E-02
   9675.000      5.8435075E-02
   9680.000      6.0117669E-02
   9685.000      5.9221871E-02
   9690.000      5.8331769E-02
   9695.000      5.8541663E-02
   9700.000      5.8670025E-02
   9705.000      5.8115061E-02
   9710.000      5.7562839E-02
   9715.000      5.7410777E-02
   9720.000      5.7194695E-02
   9725.000      5.5959914E-02
   9730.000      5.4735992E-02
   9735.000      5.3681705E-02
   9740.000      5.2636642E-02
   9745.000      5.2013997E-02
   9750.000      5.1395360E-02
   9755.000      5.1017389E-02
   9760.000      5.0585300E-02
   9765.000      5.1716939E-02
   9770.000      5.2829973E-02
   9775.000      5.2540969E-02
   9780.000      5.2251548E-02
   9785.000      5.1466212E-02
   9790.000      5.0743144E-02
   9795.000      5.0546106E-02
   9800.000      5.0292626E-02
   9805.000      5.0226625E-02
   9810.000      5.0145645E-02
   9815.000      4.9806397E-02
   9820.000      4.9512092E-02
   9825.000      4.8732158E-02
   9830.000      4.8008315E-02
   9835.000      4.7581330E-02
   9840.000      4.7199029E-02
   9845.000      4.6292126E-02
   9850.000      4.5342870E-02
   9855.000      4.5274157E-02
   9860.000      4.5236222E-02
   9865.000      4.4313781E-02
   9870.000      4.3447342E-02
   9875.000      4.2834375E-02
   9880.000      4.2266093E-02
   9885.000      4.1612759E-02
   9890.000      4.1004103E-02
   9895.000      4.0238190E-02
   9900.000      3.9519396E-02
   9905.000      3.9143208E-02
   9910.000      3.8767792E-02
   9915.000      3.8423475E-02
   9920.000      3.8037367E-02
   9925.000      3.7681196E-02
   9930.000      3.7284277E-02
   9935.000      3.7007008E-02
   9940.000      3.6688115E-02
   9945.000      3.6341764E-02
   9950.000      3.5955876E-02
   9955.000      3.5614323E-02
   9960.000      3.5233919E-02
   9965.000      3.4884121E-02
   9970.000      3.4496434E-02
   9975.000      3.4142956E-02
   9980.000      3.3752460E-02
   9985.000      3.3402558E-02
   9990.000      3.3053141E-02
   9995.000      3.2674156E-02
   10000.00      3.2332283E-02
   10005.00      3.1923063E-02
   10010.00      3.1550907E-02
   10015.00      3.1190177E-02
   10020.00      3.0795893E-02
   10025.00      3.0497195E-02
   10030.00      3.0197985E-02
   10035.00      2.9822215E-02
   10040.00      2.9480606E-02
   10045.00      2.9162686E-02
   10050.00      2.8844681E-02
   10055.00      2.8507346E-02
   10060.00      2.8138917E-02
   10065.00      2.7808139E-02
   10070.00      2.7477607E-02
   10075.00      2.7119467E-02
   10080.00      2.6762255E-02
   10085.00      2.6405143E-02
   10090.00      2.6048984E-02
   10095.00      2.5722079E-02
   10100.00      2.5395390E-02
   10105.00      2.5091201E-02
   10110.00      2.4786634E-02
   10115.00      2.4445411E-02
   10120.00      2.4104796E-02
   10125.00      2.3791766E-02
   10130.00      2.3478610E-02
   10135.00      2.3141911E-02
   10140.00      2.2805745E-02
   10145.00      2.2474475E-02
   10150.00      2.2168383E-02
   10155.00      2.1840923E-02
   10160.00      2.1513769E-02
   10165.00      2.1188399E-02
   10170.00      2.0886600E-02
   10175.00      2.0549575E-02
   10180.00      2.0213189E-02
   10185.00      1.9869296E-02
   10190.00      1.9548098E-02
   10195.00      1.9203687E-02
   10200.00      1.8881278E-02
   10205.00      1.8538248E-02
   10210.00      1.8196195E-02
   10215.00      1.7877957E-02
   10220.00      1.7540328E-02
   10225.00      1.7222293E-02
   10230.00      1.6885633E-02
   10235.00      1.6568182E-02
   10240.00      1.6232857E-02
   10245.00      1.5914848E-02
   10250.00      1.5579758E-02
   10255.00      1.5262906E-02
   10260.00      1.4929698E-02
   10265.00      1.4612501E-02
   10270.00      1.4295535E-02
   10275.00      1.3964114E-02
   10280.00      1.3648691E-02
   10285.00      1.3318684E-02
   10290.00      1.3003951E-02
   10295.00      1.2690095E-02
   10300.00      1.2362802E-02
   10305.00      1.2358433E-02
   10310.00      1.2354035E-02
   10315.00      1.2334761E-02
   10320.00      1.2329036E-02
   10325.00      1.2311496E-02
   10330.00      1.2307461E-02
   10335.00      1.2301950E-02
   10340.00      1.2296411E-02
   10345.00      1.2279090E-02
   10350.00      1.2275195E-02
   10355.00      1.2270073E-02
   10360.00      1.2251547E-02
   10365.00      1.2247223E-02
   10370.00      1.2242871E-02
   10375.00      1.2222800E-02
   10380.00      1.2216036E-02
   10385.00      1.2210833E-02
   10390.00      1.2192349E-02
   10395.00      1.2187035E-02
   10400.00      1.2181696E-02
   10405.00      1.1858636E-02
   10410.00      1.1549050E-02
   10415.00      1.1239622E-02
   10420.00      1.0918646E-02
   10425.00      1.0610207E-02
   10430.00      1.0290912E-02
   10435.00      9.9831680E-03
   10440.00      9.6757067E-03
   10445.00      9.3584629E-03
   10450.00      9.0519423E-03
   10455.00      8.7369755E-03
   10460.00      8.4320065E-03
   10465.00      8.1264060E-03
   10470.00      7.8127161E-03
   10475.00      7.5079324E-03
   10480.00      7.1957475E-03
   10485.00      6.8922248E-03
   10490.00      6.5819458E-03
   10495.00      6.2794490E-03
   10500.00      5.9708548E-03
   10505.00      5.6686644E-03
   10510.00      5.3611058E-03
   10515.00      5.0601996E-03
   10520.00      4.7545577E-03
   10525.00      4.4503589E-03
   10530.00      4.1515380E-03
   10535.00      3.8487306E-03
   10540.00      3.5506811E-03
   10545.00      3.2496166E-03
   10550.00      2.9494960E-03
   10555.00      2.6529424E-03
   10560.00      2.3542300E-03
   10565.00      2.0566762E-03
   10570.00      1.7619362E-03
   10575.00      1.4657330E-03
   10580.00      1.1705507E-03
   10585.00      8.7741727E-04
   10590.00      5.8399182E-04
   10595.00      2.9150312E-04
   10600.00       0.000000    
   10605.00       0.000000    
   10610.00       0.000000    
   10615.00       0.000000    
   10620.00       0.000000    
   10625.00       0.000000    
   10630.00       0.000000    
   10635.00       0.000000    
   10640.00       0.000000    
   10645.00       0.000000    
   10650.00       0.000000    
   10655.00       0.000000    
   10660.00       0.000000    
   10665.00       0.000000    
   10670.00       0.000000    
   10675.00       0.000000    
   10680.00       0.000000    
   10685.00       0.000000    
   10690.00       0.000000    
   10695.00       0.000000    
   10700.00       0.000000    
   10705.00       0.000000    
   10710.00       0.000000    
   10715.00       0.000000    
   10720.00       0.000000    
   10725.00       0.000000    
   10730.00       0.000000    
   10735.00       0.000000    
   10740.00       0.000000    
   10745.00       0.000000    
   10750.00       0.000000    
   10755.00       0.000000    
   10760.00       0.000000    
   10765.00       0.000000    
   10770.00       0.000000    
   10775.00       0.000000    
   10780.00       0.000000    
   10785.00       0.000000    
   10790.00       0.000000    
   10795.00       0.000000    
   10800.00       0.000000    
   10805.00       0.000000    
   10810.00       0.000000    
   10815.00       0.000000    
   10820.00       0.000000    
   10825.00       0.000000    
   10830.00       0.000000    
   10835.00       0.000000    
   10840.00       0.000000    
   10845.00       0.000000    
   10850.00       0.000000    
   10855.00       0.000000    
   10860.00       0.000000    
   10865.00       0.000000    
   10870.00       0.000000    
   10875.00       0.000000    
   10880.00       0.000000    
   10885.00       0.000000    
   10890.00       0.000000    
   10895.00       0.000000    
   10900.00       0.000000    
   10905.00       0.000000    
   10910.00       0.000000    
   10915.00       0.000000    
   10920.00       0.000000    
   10925.00       0.000000    
   10930.00       0.000000    
   10935.00       0.000000    
   10940.00       0.000000    
   10945.00       0.000000    
   10950.00       0.000000    
   10955.00       0.000000    
   10960.00       0.000000    
   10965.00       0.000000    
   10970.00       0.000000    
   10975.00       0.000000    
   10980.00       0.000000    
   10985.00       0.000000    
   10990.00       0.000000    
   10995.00               0
0
