   6565.000               0
   6570.000      5.1569432E-04
   6575.000      5.1622337E-04
   6580.000      1.0335030E-03
   6585.000      1.5506807E-03
   6590.000      1.5511052E-03
   6595.000      1.5507241E-03
   6600.000      1.5503425E-03
   6605.000      1.5509286E-03
   6610.000      1.5515147E-03
   6615.000      1.5518864E-03
   6620.000      2.0696772E-03
   6625.000      2.0704102E-03
   6630.000      2.0711429E-03
   6635.000      2.5899969E-03
   6640.000      2.5910663E-03
   6645.000      3.1100828E-03
   6650.000      2.5924055E-03
   6655.000      2.5934493E-03
   6660.000      2.5944929E-03
   6665.000      3.1143234E-03
   6670.000      3.1152549E-03
   6675.000      3.6356417E-03
   6680.000      3.6368193E-03
   6685.000      4.1569225E-03
   6690.000      4.6771639E-03
   6695.000      4.6786964E-03
   6700.000      5.2002552E-03
   6705.000      5.1976545E-03
   6710.000      5.7145581E-03
   6715.000      6.2324917E-03
   6720.000      6.7501608E-03
   6725.000      7.2664791E-03
   6730.000      7.7823782E-03
   6735.000      8.2981149E-03
   6740.000      8.8134604E-03
   6745.000      9.3272850E-03
   6750.000      1.0358522E-02
   6755.000      1.0872077E-02
   6760.000      1.1902723E-02
   6765.000      1.2933469E-02
   6770.000      1.3963528E-02
   6775.000      1.4992177E-02
   6780.000      1.6020037E-02
   6785.000      1.7566746E-02
   6790.000      1.8596239E-02
   6795.000      2.0140486E-02
   6800.000      2.2200165E-02
   6805.000      2.3743542E-02
   6810.000      2.5802240E-02
   6815.000      2.7858771E-02
   6820.000      2.9914163E-02
   6825.000      3.2480359E-02
   6830.000      3.5044540E-02
   6835.000      3.8126532E-02
   6840.000      4.1206852E-02
   6845.000      4.4277694E-02
   6850.000      4.8375025E-02
   6855.000      5.1956125E-02
   6860.000      5.6562666E-02
   6865.000      5.4850511E-02
   6870.000      5.2187145E-02
   6875.000      5.8366843E-02
   6880.000      6.4812623E-02
   6885.000      7.0156604E-02
   6890.000      7.5523898E-02
   6895.000      8.1243828E-02
   6900.000      8.7844074E-02
   6905.000      9.8802790E-02
   6910.000      0.1113485    
   6915.000      0.1202390    
   6920.000      0.1297740    
   6925.000      0.1390090    
   6930.000      0.1487897    
   6935.000      0.1579907    
   6940.000      0.1676645    
   6945.000      0.1791540    
   6950.000      0.1907769    
   6955.000      0.2006258    
   6960.000      0.2104117    
   6965.000      0.2241091    
   6970.000      0.2380793    
   6975.000      0.2496383    
   6980.000      0.2606792    
   6985.000      0.2698788    
   6990.000      0.2794197    
   6995.000      0.2904142    
   7000.000      0.3014083    
   7005.000      0.3123004    
   7010.000      0.3237194    
   7015.000      0.3335735    
   7020.000      0.3428867    
   7025.000      0.3533059    
   7030.000      0.3632485    
   7035.000      0.3737310    
   7040.000      0.3837588    
   7045.000      0.3927029    
   7050.000      0.4011595    
   7055.000      0.4087662    
   7060.000      0.4153494    
   7065.000      0.4230548    
   7070.000      0.4302768    
   7075.000      0.4357168    
   7080.000      0.4406371    
   7085.000      0.4466516    
   7090.000      0.4516689    
   7095.000      0.4559022    
   7100.000      0.4591225    
   7105.000      0.4624954    
   7110.000      0.4653628    
   7115.000      0.4684835    
   7120.000      0.4705983    
   7125.000      0.4722193    
   7130.000      0.4738369    
   7135.000      0.4744287    
   7140.000      0.4755205    
   7145.000      0.4747595    
   7150.000      0.4734950    
   7155.000      0.4745817    
   7160.000      0.4746720    
   7165.000      0.4626597    
   7170.000      0.4501664    
   7175.000      0.4456482    
   7180.000      0.4406631    
   7185.000      0.4290942    
   7190.000      0.4170994    
   7195.000      0.4202809    
   7200.000      0.4234580    
   7205.000      0.4353885    
   7210.000      0.4468370    
   7215.000      0.4566717    
   7220.000      0.4660073    
   7225.000      0.4587821    
   7230.000      0.4515633    
   7235.000      0.4411810    
   7240.000      0.4312848    
   7245.000      0.4405520    
   7250.000      0.4493336    
   7255.000      0.4437417    
   7260.000      0.4381556    
   7265.000      0.4386506    
   7270.000      0.4391448    
   7275.000      0.4350655    
   7280.000      0.4309902    
   7285.000      0.4361294    
   7290.000      0.4412617    
   7295.000      0.4460064    
   7300.000      0.4507447    
   7305.000      0.4491519    
   7310.000      0.4470871    
   7315.000      0.4501340    
   7320.000      0.4531772    
   7325.000      0.4569775    
   7330.000      0.4602971    
   7335.000      0.4635067    
   7340.000      0.4672027    
   7345.000      0.4652871    
   7350.000      0.4633732    
   7355.000      0.4639362    
   7360.000      0.4649856    
   7365.000      0.4637026    
   7370.000      0.4624206    
   7375.000      0.4641336    
   7380.000      0.4658443    
   7385.000      0.4665559    
   7390.000      0.4677558    
   7395.000      0.4672272    
   7400.000      0.4666988    
   7405.000      0.4667102    
   7410.000      0.4667196    
   7415.000      0.4658464    
   7420.000      0.4654611    
   7425.000      0.4649748    
   7430.000      0.4644879    
   7435.000      0.4635621    
   7440.000      0.4631225    
   7445.000      0.4627749    
   7450.000      0.4619410    
   7455.000      0.4613779    
   7460.000      0.4603303    
   7465.000      0.4597173    
   7470.000      0.4586214    
   7475.000      0.4580452    
   7480.000      0.4569872    
   7485.000      0.4558622    
   7490.000      0.4552187    
   7495.000      0.4541208    
   7500.000      0.4530240    
   7505.000      0.4523838    
   7510.000      0.4512659    
   7515.000      0.4502652    
   7520.000      0.4492651    
   7525.000      0.4487207    
   7530.000      0.4477006    
   7535.000      0.4466620    
   7540.000      0.4460984    
   7545.000      0.4450429    
   7550.000      0.4439883    
   7555.000      0.4433340    
   7560.000      0.4422081    
   7565.000      0.4415188    
   7570.000      0.4403594    
   7575.000      0.4395571    
   7580.000      0.4387551    
   7585.000      0.4317049    
   7590.000      0.4251411    
   7595.000      0.2930958    
   7600.000      0.1614576    
   7605.000      0.1450943    
   7610.000      0.1287781    
   7615.000      0.2218565    
   7620.000      0.3146817    
   7625.000      0.2623580    
   7630.000      0.2101844    
   7635.000      0.2271001    
   7640.000      0.2437453    
   7645.000      0.2749222    
   7650.000      0.3057451    
   7655.000      0.3186892    
   7660.000      0.3316203    
   7665.000      0.3574889    
   7670.000      0.3836779    
   7675.000      0.3960573    
   7680.000      0.4084215    
   7685.000      0.4131587    
   7690.000      0.4178884    
   7695.000      0.4207588    
   7700.000      0.4236244    
   7705.000      0.4253120    
   7710.000      0.4274457    
   7715.000      0.4276664    
   7720.000      0.4278851    
   7725.000      0.4277534    
   7730.000      0.4276202    
   7735.000      0.4279029    
   7740.000      0.4277359    
   7745.000      0.4277968    
   7750.000      0.4278559    
   7755.000      0.4280655    
   7760.000      0.4278275    
   7765.000      0.4276592    
   7770.000      0.4274893    
   7775.000      0.4272467    
   7780.000      0.4270028    
   7785.000      0.4266807    
   7790.000      0.4259169    
   7795.000      0.4256569    
   7800.000      0.4253954    
   7805.000      0.4243695    
   7810.000      0.4237803    
   7815.000      0.4227665    
   7820.000      0.4217525    
   7825.000      0.4207819    
   7830.000      0.4198110    
   7835.000      0.4187687    
   7840.000      0.4177263    
   7845.000      0.4168761    
   7850.000      0.4155961    
   7855.000      0.4145867    
   7860.000      0.4131503    
   7865.000      0.4111969    
   7870.000      0.4088247    
   7875.000      0.4076137    
   7880.000      0.4064029    
   7885.000      0.4039628    
   7890.000      0.4015321    
   7895.000      0.3994848    
   7900.000      0.3974442    
   7905.000      0.3958698    
   7910.000      0.3947091    
   7915.000      0.3942928    
   7920.000      0.3934593    
   7925.000      0.3914187    
   7930.000      0.3893844    
   7935.000      0.3895833    
   7940.000      0.3901787    
   7945.000      0.3882577    
   7950.000      0.3859348    
   7955.000      0.3817022    
   7960.000      0.3774931    
   7965.000      0.3776228    
   7970.000      0.3777428    
   7975.000      0.3763122    
   7980.000      0.3752814    
   7985.000      0.3746495    
   7990.000      0.3736176    
   7995.000      0.3717806    
   8000.000      0.3699489    
   8005.000      0.3678582    
   8010.000      0.3653825    
   8015.000      0.3661812    
   8020.000      0.3669747    
   8025.000      0.3656215    
   8030.000      0.3642709    
   8035.000      0.3641695    
   8040.000      0.3640661    
   8045.000      0.3634119    
   8050.000      0.3627576    
   8055.000      0.3629219    
   8060.000      0.3630829    
   8065.000      0.3621624    
   8070.000      0.3612427    
   8075.000      0.3607191    
   8080.000      0.3601948    
   8085.000      0.3594539    
   8090.000      0.3583297    
   8095.000      0.3563155    
   8100.000      0.3546874    
   8105.000      0.3531455    
   8110.000      0.3516066    
   8115.000      0.3488423    
   8120.000      0.3464611    
   8125.000      0.3431901    
   8130.000      0.3399356    
   8135.000      0.3332874    
   8140.000      0.3266817    
   8145.000      0.3213595    
   8150.000      0.3157311    
   8155.000      0.3138217    
   8160.000      0.3119193    
   8165.000      0.3057247    
   8170.000      0.2992550    
   8175.000      0.2974324    
   8180.000      0.2956152    
   8185.000      0.3002693    
   8190.000      0.3045123    
   8195.000      0.3031429    
   8200.000      0.3011021    
   8205.000      0.3062153    
   8210.000      0.3112282    
   8215.000      0.3070297    
   8220.000      0.3028678    
   8225.000      0.2801104    
   8230.000      0.2574168    
   8235.000      0.2685366    
   8240.000      0.2791058    
   8245.000      0.2861286    
   8250.000      0.2926489    
   8255.000      0.2844892    
   8260.000      0.2767785    
   8265.000      0.2766735    
   8270.000      0.2765251    
   8275.000      0.2677282    
   8280.000      0.2593851    
   8285.000      0.2592858    
   8290.000      0.2594675    
   8295.000      0.2582286    
   8300.000      0.2569773    
   8305.000      0.2556690    
   8310.000      0.2546705    
   8315.000      0.2478722    
   8320.000      0.2414856    
   8325.000      0.2459395    
   8330.000      0.2499720    
   8335.000      0.2474780    
   8340.000      0.2446775    
   8345.000      0.2433741    
   8350.000      0.2417505    
   8355.000      0.2404141    
   8360.000      0.2387597    
   8365.000      0.2374401    
   8370.000      0.2361208    
   8375.000      0.2350059    
   8380.000      0.2338885    
   8385.000      0.2328223    
   8390.000      0.2320637    
   8395.000      0.2298392    
   8400.000      0.2273155    
   8405.000      0.2254722    
   8410.000      0.2230194    
   8415.000      0.2213321    
   8420.000      0.2193342    
   8425.000      0.2165122    
   8430.000      0.2130894    
   8435.000      0.2093442    
   8440.000      0.2050190    
   8445.000      0.2011478    
   8450.000      0.1969785    
   8455.000      0.1918191    
   8460.000      0.1863871    
   8465.000      0.1803325    
   8470.000      0.1740166    
   8475.000      0.1674165    
   8480.000      0.1605638    
   8485.000      0.1535146    
   8490.000      0.1462144    
   8495.000      0.1385067    
   8500.000      0.1305720    
   8505.000      0.1231155    
   8510.000      0.1157094    
   8515.000      0.1084537    
   8520.000      0.1015235    
   8525.000      9.4382368E-02
   8530.000      8.7559432E-02
   8535.000      8.0849424E-02
   8540.000      7.4485563E-02
   8545.000      6.8491563E-02
   8550.000      6.2830508E-02
   8555.000      5.7663098E-02
   8560.000      5.2792467E-02
   8565.000      4.8140381E-02
   8570.000      4.3796644E-02
   8575.000      3.9747711E-02
   8580.000      3.6280673E-02
   8585.000      3.2843128E-02
   8590.000      2.9978542E-02
   8595.000      2.7129058E-02
   8600.000      2.4572566E-02
   8605.000      2.2299053E-02
   8610.000      2.0313805E-02
   8615.000      1.8623326E-02
   8620.000      1.6944144E-02
   8625.000      1.5543572E-02
   8630.000      1.4152557E-02
   8635.000      1.2768158E-02
   8640.000      1.1658964E-02
   8645.000      1.0822361E-02
   8650.000      9.7288880E-03
   8655.000      9.1480883E-03
   8660.000      8.3138738E-03
   8665.000      7.5137680E-03
   8670.000      6.9762366E-03
   8675.000      6.4364532E-03
   8680.000      5.9003178E-03
   8685.000      5.6167124E-03
   8690.000      5.0815130E-03
   8695.000      4.8138825E-03
   8700.000      4.2949743E-03
   8705.000      4.0252022E-03
   8710.000      3.7575650E-03
   8715.000      3.4927181E-03
   8720.000      3.2299096E-03
   8725.000      2.9691334E-03
   8730.000      2.7104020E-03
   8735.000      2.6978517E-03
   8740.000      2.4411848E-03
   8745.000      2.1882684E-03
   8750.000      2.1794592E-03
   8755.000      1.9284585E-03
   8760.000      1.9196185E-03
   8765.000      1.6730252E-03
   8770.000      1.6663735E-03
   8775.000      1.4218367E-03
   8780.000      1.4153511E-03
   8785.000      1.4087673E-03
   8790.000      1.1684851E-03
   8795.000      1.1632199E-03
   8800.000      1.1579513E-03
   8805.000      1.1508972E-03
   8810.000      9.1508531E-04
   8815.000      9.1185072E-04
   8820.000      9.0860436E-04
   8825.000      9.0411102E-04
   8830.000      6.7471317E-04
   8835.000      6.7182502E-04
   8840.000      4.4595488E-04
   8845.000      2.2195102E-04
   8850.000      2.2092366E-04
   8855.000      2.1963107E-04
   8860.000      2.1834006E-04
   8865.000      2.1729383E-04
   8870.000      2.1624679E-04
   8875.000      2.1491185E-04
   8880.000      2.1357913E-04
   8885.000       0.000000    
   8890.000               0