553.437000 0.598179
553.505000 0.605902
553.573000 0.591796
553.641000 0.601385
553.709000 0.592580
553.777000 0.593447
553.845000 0.591438
553.913000 0.576474
553.981000 0.583336
554.049000 0.583865
554.117000 0.579293
554.185000 0.563429
554.253000 0.566512
554.320000 0.564078
554.388000 0.570698
554.456000 0.558880
554.524000 0.551616
554.592000 0.544921
554.660000 0.550201
554.727000 0.543295
554.795000 0.542316
554.863000 0.537308
554.931000 0.538524
554.998000 0.539431
555.066000 0.530828
555.134000 0.531128
555.201000 0.539252
555.269000 0.531746
555.337000 0.528053
555.404000 0.530543
555.472000 0.523980
555.540000 0.524450
555.607000 0.520556
555.675000 0.519549
555.742000 0.519797
555.810000 0.524860
555.877000 0.518323
555.945000 0.524195
556.012000 0.527548
556.080000 0.521057
556.147000 0.525080
556.215000 0.523217
556.282000 0.520679
556.350000 0.523197
556.417000 0.522153
556.485000 0.516930
556.552000 0.525785
556.619000 0.530708
556.687000 0.532976
556.754000 0.530727
556.821000 0.527213
556.889000 0.527395
556.956000 0.530019
557.023000 0.529597
557.091000 0.538068
557.158000 0.537914
557.225000 0.529132
557.292000 0.534873
557.360000 0.531358
557.427000 0.535517
557.494000 0.543577
557.561000 0.542465
557.628000 0.545896
557.696000 0.542671
557.763000 0.547357
557.830000 0.545065
557.897000 0.550436
557.964000 0.555615
558.031000 0.564340
558.098000 0.561362
558.165000 0.568612
558.232000 0.566043
558.299000 0.570872
558.366000 0.563272
558.433000 0.565544
558.500000 0.568790
558.567000 0.575817
558.634000 0.581833
558.701000 0.585992
558.768000 0.583161
558.835000 0.584581
558.902000 0.582892
558.969000 0.599194
559.036000 0.595703
559.103000 0.592873
559.169000 0.597766
559.236000 0.611638
559.303000 0.603655
559.370000 0.602257
559.437000 0.630710
559.503000 0.622998
559.570000 0.630951
559.637000 0.633086
559.704000 0.642815
559.770000 0.643620
559.837000 0.647336
559.904000 0.660493
559.970000 0.667415
560.037000 0.668675
560.104000 0.681340
560.170000 0.694185
560.237000 0.702156
560.304000 0.696351
560.370000 0.717334
560.437000 0.719816
560.503000 0.741949
560.570000 0.751490
560.636000 0.753821
560.703000 0.770874
560.769000 0.789031
560.836000 0.797044
560.902000 0.816135
560.969000 0.833784
561.035000 0.846438
561.102000 0.863451
561.168000 0.879934
561.234000 0.904457
561.301000 0.913009
561.367000 0.932449
561.433000 0.951546
561.500000 0.979990
561.566000 1.012282
561.632000 1.032336
561.699000 1.056930
561.765000 1.086329
561.831000 1.119975
561.898000 1.149222
561.964000 1.188242
562.030000 1.217734
562.096000 1.255372
562.162000 1.298944
562.228000 1.337752
562.295000 1.392360
562.361000 1.432507
562.427000 1.484035
562.493000 1.525178
562.559000 1.584112
562.625000 1.645154
562.691000 1.717976
562.757000 1.774064
562.823000 1.848235
562.889000 1.920225
562.955000 1.992847
563.021000 2.078272
563.087000 2.179331
563.153000 2.270995
563.219000 2.378680
563.285000 2.479936
563.351000 2.602189
563.417000 2.703798
563.483000 2.840455
563.549000 2.970409
563.615000 3.128298
563.680000 3.281100
563.746000 3.463681
563.812000 3.629812
563.878000 3.815870
563.944000 4.007841
564.009000 4.227940
564.075000 4.464771
564.141000 4.701840
564.207000 4.950323
564.272000 5.254229
564.338000 5.525832
564.404000 5.871362
564.469000 6.197736
564.535000 6.533844
564.601000 6.915230
564.666000 7.318253
564.732000 7.722355
564.797000 8.195920
564.863000 8.699157
564.928000 9.236425
564.994000 9.803691
565.060000 10.320622
565.125000 10.989485
565.191000 11.609828
565.256000 12.336709
565.321000 13.037214
565.387000 13.810767
565.467000 25.367536
565.537000 26.897682
565.607000 28.340945
565.677000 29.937715
565.746000 31.593994
565.816000 33.327528
565.886000 34.978749
565.956000 36.880509
566.026000 38.720576
566.096000 40.504030
566.166000 42.590038
566.236000 44.222648
566.305000 46.367784
566.375000 48.294135
566.445000 50.231153
566.515000 52.231453
566.585000 54.032422
566.655000 56.131243
566.724000 58.066995
566.794000 59.787639
566.864000 61.794118
566.934000 63.456846
567.004000 65.500811
567.073000 66.961846
567.143000 68.828574
567.213000 70.544062
567.283000 72.209078
567.352000 73.397446
567.422000 74.895283
567.492000 76.541374
567.562000 77.653967
567.631000 79.057806
567.701000 79.781175
567.771000 81.081067
567.840000 82.486067
567.910000 83.571415
567.980000 84.250409
568.049000 85.059160
568.119000 86.178501
568.189000 86.950785
568.258000 87.740862
568.328000 88.331525
568.398000 89.172959
568.467000 89.805792
568.537000 90.551343
568.606000 91.077661
568.676000 91.491544
568.746000 92.095075
568.815000 92.430847
568.885000 93.015249
568.954000 93.058003
569.024000 93.827105
569.093000 93.919123
569.163000 94.488627
569.233000 94.680443
569.302000 94.903065
569.372000 95.338827
569.441000 95.487500
569.511000 95.681189
569.580000 95.700344
569.650000 96.019349
569.719000 96.075478
569.788000 96.182057
569.858000 96.442176
569.927000 96.576211
569.997000 96.660686
570.066000 96.601452
570.136000 96.973763
570.205000 96.819216
570.275000 96.979521
570.344000 96.705197
570.413000 97.233963
570.483000 96.890740
570.552000 96.907452
570.621000 96.764229
570.691000 96.833573
570.760000 96.713592
570.829000 96.912223
570.899000 96.661530
570.968000 96.816227
571.037000 96.790362
571.107000 96.663882
571.176000 96.505821
571.245000 96.328535
571.315000 96.627067
571.384000 96.364277
571.453000 96.167602
571.522000 96.038222
571.592000 96.143038
571.661000 96.417156
571.730000 96.076681
571.799000 96.220244
571.869000 95.914070
571.938000 95.790458
572.007000 95.840722
572.076000 96.044183
572.145000 95.761533
572.215000 95.812072
572.284000 95.841067
572.353000 95.773076
572.422000 95.822794
572.491000 95.902465
572.560000 95.732488
572.629000 95.757573
572.699000 95.724818
572.768000 95.675448
572.837000 96.098844
572.906000 95.898955
572.975000 96.366104
573.044000 96.074492
573.113000 96.175186
573.182000 95.901485
573.251000 96.181264
573.320000 96.224866
573.389000 96.581423
573.458000 96.379194
573.527000 96.717800
573.596000 96.469829
573.665000 96.750733
573.734000 96.873253
573.803000 97.079234
573.872000 97.078159
573.941000 97.117996
574.010000 97.050885
574.079000 97.209957
574.148000 97.505162
574.217000 97.791894
574.286000 97.649952
574.355000 97.616887
574.424000 97.747414
574.493000 98.122089
574.561000 98.189322
574.630000 98.167812
574.699000 98.548702
574.768000 97.954120
574.837000 98.649081
574.906000 98.251993
574.974000 98.781230
575.043000 98.439696
575.112000 98.498931
575.181000 98.357056
575.250000 98.719934
575.318000 99.000259
575.387000 98.553214
575.456000 98.972349
575.525000 98.607946
575.594000 98.596380
575.662000 98.681904
575.731000 98.850287
575.800000 98.804921
575.868000 98.679847
575.937000 98.668619
576.006000 98.836997
576.074000 98.979296
576.143000 98.494141
576.212000 98.310195
576.280000 98.567719
576.349000 98.373367
576.418000 98.430034
576.486000 98.071940
576.555000 97.990882
576.624000 97.757917
576.692000 97.793926
576.761000 97.811436
576.829000 97.423839
576.898000 97.446170
576.967000 97.277658
577.035000 97.149617
577.104000 97.073809
577.172000 96.908388
577.241000 96.601766
577.309000 96.676652
577.378000 96.768150
577.446000 95.947486
577.515000 95.841960
577.583000 96.001878
577.652000 95.960744
577.720000 95.577902
577.789000 95.561656
577.857000 95.305794
577.925000 95.307844
577.994000 95.428894
578.062000 95.335813
578.131000 95.079449
578.199000 95.155942
578.267000 94.848934
578.336000 94.646239
578.404000 94.664726
578.473000 94.959422
578.541000 94.675308
578.609000 94.682019
578.678000 94.539163
578.746000 94.358759
578.814000 94.160463
578.883000 94.570474
578.951000 94.356470
579.019000 94.497855
579.087000 94.402440
579.156000 94.452018
579.224000 94.670524
579.292000 94.186657
579.360000 94.525493
579.429000 94.795442
579.497000 94.447541
579.565000 94.553285
579.633000 94.674161
579.701000 94.615416
579.770000 94.726920
579.838000 94.779072
579.906000 95.094738
579.974000 94.989013
580.042000 95.355840
580.110000 95.345848
580.178000 95.299266
580.247000 95.237999
580.315000 95.105061
580.383000 95.531617
580.451000 95.582863
580.519000 95.442458
580.587000 96.020102
580.655000 96.122992
580.723000 96.029309
580.791000 96.085569
580.859000 96.207654
580.927000 96.368462
580.995000 96.610704
581.063000 96.726439
581.131000 96.774788
581.199000 96.833281
581.267000 96.842409
581.335000 96.859713
581.403000 97.133238
581.471000 96.691535
581.539000 97.392450
581.607000 97.439536
581.675000 97.594481
581.742000 97.785831
581.810000 97.636968
581.878000 97.817381
581.946000 97.780725
582.014000 97.796929
582.082000 97.794094
582.150000 98.056640
582.217000 98.130281
582.285000 98.412371
582.353000 98.305637
582.421000 98.294802
582.489000 98.608992
582.556000 98.378384
582.624000 98.519741
582.692000 98.508282
582.760000 98.492181
582.827000 98.480692
582.895000 98.754907
582.963000 98.645438
583.030000 98.760607
583.098000 98.685853
583.166000 98.896344
583.234000 98.877259
583.301000 98.648741
583.369000 98.842360
583.436000 99.310008
583.504000 98.653907
583.572000 98.663173
583.639000 99.219562
583.707000 98.902811
583.775000 98.757680
583.842000 98.818997
583.910000 99.147881
583.977000 99.200258
584.045000 98.998810
584.112000 98.994866
584.180000 99.038922
584.247000 99.007005
584.315000 98.885086
584.382000 99.216380
584.450000 99.190953
584.517000 98.914638
584.585000 99.471601
584.652000 98.910114
584.720000 99.198173
584.787000 99.228979
584.855000 99.143664
584.922000 99.207026
584.989000 99.294922
585.057000 99.239202
585.124000 99.161649
585.191000 99.099531
585.259000 99.225367
585.326000 99.186672
585.394000 99.443748
585.461000 99.045854
585.528000 99.428306
585.595000 99.364506
585.663000 99.358611
585.730000 99.287818
585.797000 99.161229
585.865000 99.243815
585.932000 99.079398
585.999000 99.408235
586.066000 99.350635
586.134000 99.288833
586.201000 99.264257
586.268000 99.381781
586.335000 99.727511
586.402000 99.336774
586.470000 99.470217
586.537000 99.398696
586.604000 99.408231
586.671000 99.074242
586.738000 99.427878
586.805000 99.446905
586.872000 99.431704
586.939000 99.511294
587.006000 99.605679
587.074000 99.465401
587.141000 99.492420
587.208000 99.135461
587.275000 99.272168
587.342000 99.217908
587.409000 99.041281
587.476000 99.285161
587.543000 99.193945
587.610000 99.277382
587.677000 99.051637
587.744000 99.201255
587.811000 98.932260
587.878000 99.062367
587.944000 98.961430
588.011000 98.904560
588.078000 98.988599
588.145000 98.835713
588.212000 99.091697
588.279000 98.787030
588.346000 98.832630
588.413000 98.683822
588.480000 98.953594
588.546000 98.862276
588.613000 98.989394
588.680000 98.799201
588.747000 99.085981
588.814000 98.705143
588.880000 98.753772
588.947000 99.135132
589.014000 98.993474
589.081000 99.197168
589.147000 99.000269
589.214000 98.956824
589.281000 98.956604
589.347000 98.685775
589.414000 99.124854
589.481000 98.754490
589.548000 99.289070
589.614000 99.015307
589.681000 99.320437
589.747000 99.165010
589.814000 99.121039
589.881000 98.866942
589.947000 99.156502
590.014000 99.077915
590.080000 99.106631
590.147000 99.493214
590.214000 98.987524
590.280000 99.051564
590.347000 98.929484
590.413000 99.512507
590.480000 99.182869
590.546000 99.175345
590.613000 99.385422
590.679000 99.417796
590.746000 99.139361
590.812000 99.172946
590.878000 98.945596
590.945000 98.941811
591.011000 99.459596
591.078000 99.347307
591.144000 99.190866
591.210000 98.960262
591.277000 98.935690
591.343000 99.248080
591.410000 99.344759
591.476000 98.919690
591.542000 98.608334
591.609000 98.648609
591.675000 98.798806
591.741000 98.711118
591.807000 98.632316
591.874000 98.706765
591.940000 98.802137
592.006000 98.514241
592.072000 98.303627
592.139000 98.246395
592.205000 98.328050
592.271000 97.823568
592.337000 98.096758
592.403000 97.818898
592.470000 98.046884
592.536000 97.685435
592.602000 97.747569
592.668000 97.583559
592.734000 97.571190
592.800000 97.378042
592.866000 97.365288
592.932000 97.204826
592.998000 97.082556
593.064000 96.624077
593.131000 96.794477
593.197000 96.615958
593.263000 96.737045
593.329000 96.367857
593.395000 96.274583
593.461000 96.040449
593.527000 96.123924
593.593000 95.974261
593.658000 95.737259
593.724000 95.699586
593.790000 95.793277
593.856000 95.667376
593.922000 95.476853
593.988000 95.493227
594.054000 95.380868
594.120000 95.125376
594.186000 95.085393
594.251000 94.878697
594.317000 94.863257
594.383000 94.792450
594.449000 95.042467
594.515000 94.876076
594.581000 94.891618
594.646000 94.725982
594.712000 94.786820
594.778000 94.518379
594.844000 94.742966
594.909000 94.535786
594.975000 94.728750
595.041000 94.648348
595.106000 94.594593
595.172000 94.455056
595.238000 94.548973
595.303000 94.872320
595.369000 94.930179
595.435000 94.761521
595.500000 95.058134
595.566000 94.767009
595.631000 95.093463
595.697000 94.878150
595.763000 95.223065
595.828000 95.038218
595.894000 94.905610
595.959000 95.062055
596.025000 95.231270
596.090000 95.250081
596.156000 95.604966
596.221000 95.504445
596.287000 95.685232
596.352000 95.828126
596.418000 95.622292
596.483000 95.648750
596.548000 95.946493
596.614000 96.005368
596.679000 96.146624
596.745000 96.076825
596.810000 96.395871
596.875000 96.310673
596.941000 96.755060
597.006000 96.415593
597.071000 96.788833
597.137000 96.816692
597.202000 97.049747
597.267000 97.339290
597.333000 97.073723
597.398000 97.135616
597.463000 97.519627
597.528000 97.147367
597.594000 97.485907
597.659000 97.532084
597.724000 97.576823
597.789000 97.807102
597.854000 97.897199
597.919000 97.860214
597.985000 97.983303
598.050000 98.037871
598.115000 97.963699
598.180000 97.972557
598.245000 98.332679
598.310000 98.713640
598.375000 98.327737
598.440000 98.033635
598.505000 98.608698
598.570000 98.349466
598.635000 98.373379
598.700000 98.652979
598.765000 98.719066
598.830000 98.429653
598.895000 98.832772
598.960000 98.789364
599.025000 98.854645
599.090000 98.759760
599.155000 98.929250
599.220000 98.715196
599.285000 99.022307
599.350000 98.822411
599.415000 98.923235
599.480000 98.585360
599.544000 98.827864
599.609000 98.842965
599.674000 98.667595
599.739000 98.606819
599.804000 98.774952
599.868000 98.658059
599.933000 98.681389
599.998000 98.722132
600.063000 98.564218
600.127000 98.425131
600.192000 98.770630
600.257000 98.813327
600.321000 98.804319
600.386000 98.842362
600.451000 98.530740
600.515000 98.391958
600.580000 98.542012
600.645000 98.773713
600.709000 98.774204
600.774000 98.911171
600.839000 98.680908
600.903000 98.468378
600.968000 98.722028
601.032000 98.582539
601.097000 98.722217
601.161000 98.938880
601.226000 98.687572
601.290000 98.580404
601.355000 98.496577
601.419000 98.633307
601.484000 98.830823
601.548000 98.668472
601.613000 98.921298
601.677000 98.782877
601.741000 98.661374
601.806000 98.670700
601.870000 98.769125
601.935000 98.831999
601.999000 98.571585
602.063000 98.766172
602.128000 98.590309
602.192000 98.983428
602.256000 98.790688
602.320000 98.950910
602.385000 98.901326
602.449000 98.915559
602.513000 99.249680
602.577000 99.049680
602.642000 99.096563
602.706000 98.926134
602.770000 99.094608
602.834000 99.137870
602.898000 98.925303
602.963000 99.013460
603.027000 99.088746
603.091000 99.168343
603.155000 99.082466
603.219000 99.025863
603.283000 99.244168
603.347000 99.372663
603.411000 99.239039
603.475000 99.414432
603.539000 98.997399
603.603000 99.153779
603.667000 99.137346
603.731000 99.125290
603.795000 99.226447
603.859000 99.244691
603.923000 99.321512
603.987000 98.849372
604.051000 99.044199
604.115000 99.216853
604.179000 99.293670
604.243000 99.126545
604.307000 99.003117
604.371000 98.925381
604.434000 98.703214
604.498000 98.918118
604.562000 98.923901
604.626000 99.227577
604.690000 98.691331
604.753000 99.014177
604.817000 99.016257
604.881000 98.426836
604.945000 98.785941
605.008000 98.749417
605.072000 98.918921
605.136000 99.092830
605.200000 98.627154
605.263000 98.547408
605.327000 98.609983
605.390000 98.754366
605.454000 98.966987
605.518000 98.817497
605.581000 98.678204
605.645000 98.856148
605.708000 98.461696
605.772000 98.494991
605.836000 98.493348
605.899000 98.518679
605.963000 98.453775
606.026000 98.360703
606.090000 98.280065
606.153000 98.190045
606.217000 98.246547
606.280000 98.317024
606.343000 98.142712
606.407000 98.226362
606.470000 98.242401
606.534000 98.107113
606.597000 98.215880
606.660000 98.093813
606.724000 98.003254
606.787000 98.439602
606.850000 97.769401
606.914000 97.986115
606.977000 98.313299
607.040000 98.058530
607.104000 98.061969
607.167000 98.073849
607.230000 97.889768
607.293000 98.022074
607.357000 98.153563
607.420000 98.175711
607.483000 98.006614
607.546000 98.073646
607.609000 97.829873
607.672000 98.195234
607.736000 97.913145
607.799000 97.680449
607.862000 97.882521
607.925000 97.850978
607.988000 97.666462
608.051000 98.100426
608.114000 97.891920
608.177000 97.788770
608.240000 98.044380
608.303000 97.600115
608.366000 98.242949
608.429000 97.895322
608.492000 97.798422
608.555000 97.648257
608.618000 97.886279
608.681000 97.686238
608.744000 97.841378
608.807000 97.783633
608.869000 97.457204
608.932000 97.746066
608.995000 97.764230
609.058000 97.737637
609.121000 97.425406
609.184000 97.831409
609.246000 97.641986
609.309000 97.591002
609.372000 97.661522
609.435000 97.530251
609.497000 97.842601
609.560000 97.600253
609.623000 97.822630
609.685000 97.911528
609.748000 97.743586
609.811000 97.713624
609.873000 97.504806
609.936000 97.934775
609.999000 97.533211
610.061000 97.699134
610.124000 97.605493
610.186000 97.291261
610.249000 97.704919
610.312000 97.547980
610.374000 98.061079
610.437000 97.850692
610.499000 98.068505
610.562000 97.953105
610.624000 98.276775
610.687000 98.050909
610.749000 98.213216
610.811000 98.281738
610.874000 98.436786
610.936000 98.186653
610.999000 98.346946
611.061000 98.402878
611.123000 98.271106
611.186000 98.665435
611.248000 98.293251
611.310000 98.563678
611.373000 98.298720
611.435000 98.107942
611.497000 98.347721
611.559000 98.393528
611.622000 98.283965
611.684000 97.882302
611.746000 97.981292
611.808000 97.791528
611.870000 97.776564
611.933000 97.661523
611.995000 97.867964
612.057000 97.564810
612.119000 97.680429
612.181000 97.611774
612.243000 97.490628
612.305000 97.734694
612.367000 97.506398
612.429000 97.347830
612.491000 97.279070
612.553000 97.366419
612.615000 97.414168
612.677000 97.633744
612.739000 97.331053
612.801000 97.550377
612.863000 97.706114
612.925000 97.813643
612.987000 98.032756
613.049000 97.716909
613.111000 97.688343
613.173000 97.910489
613.235000 97.902234
613.297000 97.938018
613.358000 98.111483
613.420000 97.964856
613.482000 98.172868
613.544000 98.188736
613.606000 98.319614
613.667000 98.179886
613.729000 98.239611
613.791000 98.141703
613.852000 98.458895
613.914000 98.767902
613.976000 98.354876
614.037000 98.630355
614.099000 98.508800
614.161000 98.800682
614.222000 98.594316
614.284000 99.042630
614.346000 98.893891
614.407000 99.005670
614.469000 99.072917
614.530000 99.024997
614.592000 98.720273
614.653000 99.116977
614.715000 99.423150
614.776000 99.173280
614.838000 99.165311
614.899000 99.266115
614.961000 99.586820
615.022000 99.307036
615.083000 99.399759
615.145000 99.436192
615.206000 99.545386
615.268000 99.595698
615.329000 99.408954
615.390000 99.607361
615.451000 99.608891
615.513000 99.351595
615.574000 99.220120
615.635000 99.411989
615.697000 99.552503
615.758000 99.394803
615.819000 99.202117
615.880000 99.551454
615.941000 99.209263
616.003000 99.370729
616.064000 99.284084
616.125000 99.620943
616.186000 99.556243
616.247000 99.185209
616.308000 99.489155
616.369000 99.477451
616.430000 99.252429
616.491000 99.258118
616.553000 99.337349
616.614000 99.064260
616.675000 99.235023
616.736000 99.121349
616.797000 98.961139
616.857000 99.317365
616.918000 99.232802
616.979000 99.263434
617.040000 98.963866
617.101000 99.094851
617.162000 99.236530
617.223000 98.928993
617.284000 99.117202
617.345000 98.649983
617.405000 98.875433
617.466000 99.130601
617.527000 98.852284
617.588000 99.052674
617.649000 98.882607
617.709000 98.726060
617.770000 98.743029
617.831000 98.665673
617.891000 98.667991
617.952000 98.608039
618.013000 98.139411
618.073000 98.652900
618.134000 98.554341
618.195000 98.797963
618.255000 98.646587
618.316000 98.724806
618.376000 98.438617
618.437000 98.585029
618.498000 98.405883
618.558000 98.313856
618.619000 98.198761
618.679000 98.281804
618.740000 98.562045
618.800000 98.123263
618.860000 98.419976
618.921000 98.590919
618.981000 98.143056
619.042000 98.359741
619.102000 98.409980
619.162000 98.509335
619.223000 98.482763
619.283000 98.444635
619.343000 98.470397
619.404000 98.577020
619.464000 98.502377
619.524000 98.447293
619.585000 98.436255
619.645000 98.429520
619.705000 98.359850
619.765000 98.536616
619.825000 98.464090
619.886000 98.652119
619.946000 98.498708
620.006000 98.757005
620.066000 98.734136
620.126000 98.672476
620.186000 98.154961
620.246000 98.551688
620.306000 98.757329
620.366000 98.896609
620.426000 98.695919
620.486000 98.502731
620.546000 98.678620
620.606000 98.753019
620.666000 98.646544
620.726000 98.720397
620.786000 98.924079
620.846000 98.842793
620.906000 98.841234
620.966000 98.793818
621.026000 98.960880
621.086000 99.004230
621.146000 98.982666
621.205000 98.900061
621.265000 99.040809
621.325000 98.833135
621.385000 98.926133
621.445000 98.785180
621.504000 98.728556
621.564000 98.944291
621.624000 98.822804
621.683000 98.585076
621.743000 99.040626
621.803000 98.822756
621.862000 98.726971
621.922000 98.933948
621.982000 98.770132
622.041000 98.568287
622.101000 98.688017
622.160000 98.776900
622.220000 98.671044
622.279000 98.719959
622.339000 98.575220
622.398000 98.567746
622.458000 98.543886
622.517000 98.579441
622.577000 98.364189
622.636000 98.447212
622.696000 98.336173
622.755000 98.266489
622.815000 98.500804
622.874000 98.102277
622.933000 97.965282
622.993000 98.034928
623.052000 98.245771
623.111000 98.206268
623.171000 97.890546
623.230000 97.854615
623.289000 98.325227
623.348000 97.705778
623.407000 97.615837
623.467000 97.859428
623.526000 97.812895
623.585000 97.657290
623.644000 97.643818
623.703000 97.632047
623.762000 97.453613
623.822000 97.681878
623.881000 97.566674
623.940000 97.441040
623.999000 97.463619
624.058000 97.425989
624.117000 97.480733
624.176000 97.367736
624.235000 97.302822
624.294000 97.483517
624.353000 97.152734
624.412000 97.402175
624.471000 97.130834
624.530000 97.186423
624.588000 97.136704
624.647000 97.100372
624.706000 97.028334
624.765000 97.170029
624.824000 96.970605
624.883000 97.290832
624.941000 97.142166
625.000000 96.987749
625.059000 97.195887
625.118000 97.391515
625.176000 96.976901
625.235000 96.845150
625.294000 97.063263
625.353000 97.002559
625.411000 96.947152
625.470000 97.432365
625.528000 97.173259
625.587000 97.353192
625.646000 97.284951
625.704000 97.187552
625.763000 97.344054
625.821000 97.632454
625.880000 97.649493
625.938000 97.086354
625.997000 97.483410
626.055000 97.294432
626.114000 97.438080
626.172000 97.578750
626.231000 97.411972
626.289000 97.306282
626.347000 97.611102
626.406000 98.025183
626.464000 97.622310
626.523000 97.949100
626.581000 97.980416
626.639000 98.182352
626.697000 97.987458
626.756000 98.084004
626.814000 97.851834
626.872000 98.249694
626.930000 98.088871
626.989000 97.976207
627.047000 98.272611
627.105000 98.383586
627.163000 98.127850
627.221000 98.211919
627.279000 98.468605
627.337000 98.416198
627.396000 98.360395
627.454000 98.573842
627.512000 98.648466
627.570000 98.565754
627.628000 98.634230
627.686000 98.817575
627.744000 98.723648
627.802000 99.138665
627.860000 98.955863
627.918000 98.765228
627.975000 99.185013
628.033000 99.112031
628.091000 99.139070
628.149000 98.906725
628.207000 99.210349
628.265000 99.132491
628.323000 99.109963
628.380000 98.870953
628.438000 98.982777
628.496000 99.312364
628.532000 98.955500
628.596000 99.301385
628.660000 98.967113
628.725000 99.405355
628.789000 99.389622
628.853000 99.193226
628.918000 99.203237
628.982000 99.037375
629.046000 99.222884
629.110000 98.928765
629.174000 99.247526
629.239000 98.902675
629.303000 98.850162
629.367000 99.144968
629.431000 98.637594
629.495000 98.526414
629.560000 98.952211
629.624000 98.945415
629.688000 99.051997
629.752000 98.767583
629.816000 98.826899
629.880000 98.603513
629.945000 98.491789
630.009000 98.776126
630.073000 98.796896
630.137000 98.769598
630.201000 98.580065
630.265000 98.562395
630.329000 98.601495
630.393000 98.580567
630.457000 98.639111
630.521000 98.469323
630.585000 98.397954
630.649000 98.373459
630.713000 98.648682
630.777000 98.342817
630.841000 98.350655
630.905000 98.160496
630.969000 98.176238
631.033000 98.187635
631.097000 98.263939
631.161000 98.208775
631.225000 97.952530
631.289000 98.096620
631.353000 97.986579
631.417000 97.922288
631.481000 98.038473
631.544000 97.865991
631.608000 98.172593
631.672000 97.803027
631.736000 98.033671
631.800000 97.695976
631.864000 97.963153
631.928000 97.659677
631.991000 97.953463
632.055000 97.618858
632.119000 97.906674
632.183000 97.505949
632.247000 97.898247
632.310000 97.491633
632.374000 97.783698
632.438000 97.792003
632.502000 97.705650
632.565000 97.897790
632.629000 97.758004
632.693000 97.879780
632.757000 97.491330
632.820000 97.864318
632.884000 98.006920
632.948000 97.707129
633.011000 97.931886
633.075000 97.805789
633.139000 97.835817
633.202000 97.736558
633.266000 97.735022
633.329000 97.730026
633.393000 98.003151
633.457000 97.793218
633.520000 98.036340
633.584000 97.818322
633.647000 98.240068
633.711000 97.807110
633.775000 98.146320
633.838000 98.124153
633.902000 98.450690
633.965000 98.129715
634.029000 98.083421
634.092000 98.096095
634.156000 98.362135
634.219000 98.155491
634.283000 98.037954
634.346000 98.514714
634.410000 98.040738
634.473000 98.215178
634.536000 98.593265
634.600000 98.219393
634.663000 98.306524
634.727000 98.298325
634.790000 98.308643
634.853000 98.219121
634.917000 98.426091
634.980000 98.361159
635.044000 98.527210
635.107000 98.284797
635.170000 98.365500
635.234000 98.329128
635.297000 98.647711
635.360000 98.490189
635.423000 98.291813
635.487000 98.636645
635.550000 98.683264
635.613000 98.333999
635.677000 98.505086
635.740000 98.570252
635.803000 98.631974
635.866000 98.409940
635.929000 98.886823
635.993000 99.047182
636.056000 98.679028
636.119000 98.706346
636.182000 98.759613
636.245000 98.681794
636.309000 98.614416
636.372000 98.762167
636.435000 98.816654
636.498000 98.773247
636.561000 99.157304
636.624000 98.688048
636.687000 98.834315
636.750000 98.833155
636.813000 98.904453
636.876000 98.537500
636.940000 99.072492
637.003000 99.021289
637.066000 98.884578
637.129000 99.175590
637.192000 98.812024
637.255000 99.025694
637.318000 99.099628
637.381000 98.936837
637.444000 99.076856
637.507000 99.147100
637.569000 98.985376
637.632000 98.887044
637.695000 98.852867
637.758000 98.542464
637.821000 98.926512
637.884000 98.912065
637.947000 98.787995
638.010000 99.035981
638.073000 99.024578
638.136000 98.684448
638.198000 99.041227
638.261000 98.801796
638.324000 98.901900
638.387000 99.261788
638.450000 98.911310
638.512000 98.709797
638.575000 99.196680
638.638000 99.049912
638.701000 99.059296
638.764000 98.626240
638.826000 98.840351
638.889000 98.911623
638.952000 98.868475
639.014000 98.852388
639.077000 98.624721
639.140000 98.759599
639.202000 98.927977
639.265000 98.717851
639.328000 99.028596
639.390000 98.715655
639.453000 98.894020
639.516000 98.755833
639.578000 98.801490
639.641000 98.689511
639.703000 98.620646
639.766000 99.032085
639.829000 98.952981
639.891000 98.589672
639.954000 98.820699
640.016000 98.755144
640.079000 98.665526
640.141000 98.129392
640.204000 98.580503
640.266000 98.427820
640.329000 98.657060
640.391000 98.610142
640.454000 98.508295
640.516000 98.259952
640.579000 98.380045
640.641000 98.274519
640.703000 98.054909
640.766000 98.317963
640.828000 98.540424
640.891000 98.320811
640.953000 98.115135
641.015000 98.273636
641.078000 98.159551
641.140000 98.108826
641.202000 97.890825
641.265000 98.084222
641.327000 97.981926
641.389000 98.209399
641.452000 97.924378
641.514000 97.924917
641.576000 97.890984
641.638000 98.050381
641.701000 97.821287
641.763000 98.095007
641.825000 97.745959
641.887000 97.797362
641.949000 97.582916
642.012000 97.485810
642.074000 97.687005
642.136000 97.594592
642.198000 97.732075
642.260000 97.693763
642.322000 97.331868
642.385000 97.183438
642.447000 97.357774
642.509000 97.358130
642.571000 97.146185
642.633000 97.203192
642.695000 97.488209
642.757000 97.487395
642.819000 97.110903
642.881000 97.195293
642.943000 97.028097
643.005000 96.877714
643.067000 97.214783
643.129000 97.060439
643.191000 96.975568
643.253000 96.858389
643.315000 96.937436
643.377000 97.067450
643.439000 96.748431
643.501000 97.181895
643.563000 96.967038
643.625000 97.231647
643.686000 96.602191
643.748000 96.914928
643.810000 96.869466
643.872000 96.936471
643.934000 96.868403
643.996000 96.772930
644.058000 96.647841
644.119000 96.781589
644.181000 96.633048
644.243000 96.721418
644.305000 96.645062
644.366000 96.590507
644.428000 96.701846
644.490000 96.636473
644.552000 96.656215
644.613000 96.742510
644.675000 96.308565
644.737000 96.574192
644.798000 96.603379
644.860000 96.727958
644.922000 96.685266
644.983000 96.423367
645.045000 96.486879
645.107000 96.787784
645.168000 96.613684
645.230000 96.454346
645.291000 96.325368
645.353000 96.419409
645.415000 96.642703
645.476000 96.586000
645.538000 96.414271
645.599000 96.566056
645.661000 96.541160
645.722000 96.632691
645.784000 96.503808
645.845000 96.454022
645.907000 96.588918
645.968000 96.723636
646.029000 96.397472
646.091000 96.683986
646.152000 96.368158
646.214000 96.564814
646.275000 96.713831
646.337000 96.720992
646.398000 96.764619
646.459000 96.870071
646.521000 96.759675
646.582000 96.696321
646.643000 96.591519
646.705000 96.628462
646.766000 96.936823
646.827000 96.851191
646.888000 96.867717
646.950000 96.620166
647.011000 96.888126
647.072000 97.063022
647.133000 97.083890
647.195000 96.734661
647.256000 97.405075
647.317000 96.870130
647.378000 96.967826
647.439000 97.187073
647.501000 96.864252
647.562000 97.045383
647.623000 97.083730
647.684000 97.056576
647.745000 97.281416
647.806000 97.441153
647.867000 97.136243
647.928000 96.987775
647.989000 97.159908
648.050000 97.237312
648.111000 97.295877
648.172000 97.305506
648.233000 97.474219
648.294000 97.329571
648.355000 97.345116
648.416000 97.165049
648.477000 97.457324
648.538000 97.682145
648.599000 97.564645
648.660000 97.693816
648.721000 97.734629
648.782000 97.703135
648.843000 97.450297
648.904000 97.360507
648.965000 97.645159
649.026000 97.817997
649.086000 97.848232
649.147000 97.816473
649.208000 97.659855
649.269000 97.821409
649.330000 97.508136
649.390000 97.690482
649.451000 97.940553
649.512000 97.859660
649.573000 98.139006
649.633000 98.017416
649.694000 98.009212
649.755000 98.013991
649.816000 98.195902
649.876000 98.141680
649.937000 98.152887
649.998000 98.137679
650.058000 98.242066
650.119000 98.150078
650.179000 98.173379
650.240000 98.502205
650.301000 98.613759
650.361000 98.104971
650.422000 98.548828
650.482000 98.412048
650.543000 98.397984
650.603000 98.451542
650.664000 98.534958
650.724000 98.542154
650.785000 98.781651
650.845000 98.721440
650.906000 98.826159
650.966000 98.615007
651.027000 98.923492
651.087000 99.053906
651.148000 98.613190
651.208000 98.881392
651.268000 98.878490
651.329000 98.807488
651.389000 98.937311
651.450000 99.247695
651.510000 98.941943
651.570000 99.072215
651.631000 99.147459
651.691000 99.103741
651.751000 99.181749
651.811000 99.042268
651.872000 98.954682
651.932000 99.039835
651.992000 99.073695
652.052000 99.357366
652.113000 99.211382
652.173000 99.111168
652.233000 99.200351
652.293000 99.181277
652.353000 98.927818
652.413000 98.929362
652.474000 99.118338
652.534000 99.461521
652.594000 99.307128
652.654000 99.511985
652.714000 99.471993
652.774000 99.045816
652.834000 99.537309
652.894000 99.318571
652.954000 99.460992
653.014000 99.143362
653.074000 99.059484
653.134000 99.152074
653.194000 99.359925
653.254000 99.088887
653.314000 99.145848
653.374000 99.147287
653.434000 99.253756
653.494000 99.305111
653.554000 99.380258
653.614000 99.281420
653.674000 99.245333
653.734000 99.047373
653.793000 99.322799
653.853000 99.405140
653.913000 99.135562
653.973000 99.222949
654.033000 99.333985
654.092000 98.999031
654.152000 99.291504
654.212000 99.276851
654.272000 99.175540
654.332000 99.264573
654.391000 99.218243
654.451000 99.246978
654.511000 99.222147
654.570000 99.006736
654.630000 99.137666
654.690000 98.876382
654.749000 99.062995
654.809000 99.089224
654.869000 99.077810
654.928000 99.109174
654.988000 99.196442
655.047000 99.343567
655.107000 99.047665
655.166000 99.175240
655.226000 99.149124
655.285000 98.966084
655.345000 99.132592
655.405000 98.784595
655.464000 99.011438
655.523000 99.102581
655.583000 99.188203
655.642000 98.848686
655.702000 99.231607
655.761000 99.103968
655.821000 99.252527
655.880000 99.197948
655.939000 98.991660
655.999000 99.092382
656.058000 98.840978
656.117000 98.914700
656.177000 98.950117
656.236000 98.886281
656.295000 99.052160
656.355000 99.069421
656.414000 99.027157
656.473000 99.190213
656.532000 98.725962
656.592000 98.828392
656.651000 99.247658
656.710000 98.908011
656.769000 99.030798
656.828000 99.227362
656.888000 98.925141
656.947000 98.926484
657.006000 98.780941
657.065000 98.970070
657.124000 99.114611
657.183000 98.926414
657.242000 98.974029
657.301000 99.145582
657.360000 98.820228
657.419000 99.313863
657.478000 98.958783
657.537000 98.978095
657.596000 98.814201
657.655000 98.819526
657.714000 98.922525
657.773000 98.795765
657.832000 99.054462
657.891000 99.060601
657.950000 99.063577
658.009000 99.053558
658.068000 98.809227
658.127000 99.056790
658.186000 99.162871
658.245000 99.129251
658.303000 99.083165
658.362000 98.788804
658.421000 98.792499
658.480000 99.008004
658.539000 99.254099
658.597000 98.766494
658.656000 99.059249
658.715000 98.965910
658.774000 98.981260
658.832000 98.988959
658.891000 99.015784
658.950000 98.923000
659.008000 98.854807
659.067000 98.601085
659.126000 98.705708
659.184000 98.908929
659.243000 98.905558
659.301000 98.572624
659.360000 98.720161
659.419000 98.613543
659.477000 98.726281
659.536000 98.567869
659.594000 98.538493
659.653000 98.588479
659.711000 98.717110
659.770000 98.263795
659.828000 98.461774
659.887000 98.491799
659.945000 98.646991
660.004000 98.409636
660.062000 98.649061
660.120000 98.652651
660.179000 98.129937
660.237000 98.347998
660.295000 98.420992
660.354000 98.486912
660.412000 98.174945
660.470000 97.981714
660.529000 98.063607
660.587000 98.436246
660.645000 97.977178
660.704000 97.990170
660.762000 98.027246
660.820000 98.014851
660.878000 98.019112
660.936000 98.007879
660.995000 97.895359
661.053000 97.993096
661.111000 97.864856
661.169000 97.993781
661.227000 97.682480
661.285000 97.816624
661.343000 97.773058
661.402000 97.834672
661.460000 97.646543
661.518000 97.748178
661.576000 97.803443
661.634000 97.464355
661.692000 97.745468
661.750000 97.526868
661.808000 97.395911
661.866000 97.433841
661.924000 97.662223
661.982000 97.460658
662.040000 97.477413
662.097000 97.438109
662.155000 97.344689
662.213000 97.628361
662.271000 97.222947
662.329000 97.482894
662.387000 97.426362
662.445000 97.394291
662.502000 97.424660
662.560000 97.357677
662.618000 97.060714
662.676000 97.302820
662.734000 97.121567
662.791000 97.110751
662.849000 97.038615
662.907000 97.032601
662.964000 97.297421
663.022000 97.130639
663.080000 97.272892
663.137000 97.155430
663.195000 97.078507
663.253000 97.075752
663.310000 97.213130
663.368000 97.084441
663.426000 97.130141
663.483000 96.893695
663.541000 97.207226
663.598000 97.026000
663.656000 96.882898
663.713000 97.077638
663.771000 97.118616
663.828000 97.344984
663.886000 97.190093
663.943000 97.040179
664.001000 97.063488
664.058000 96.868153
664.115000 96.986260
664.173000 97.084809
664.230000 97.407250
664.288000 97.221348
664.345000 97.342826
664.402000 97.261598
664.459000 97.425400
664.517000 97.239373
664.574000 97.411095
664.631000 97.236130
664.689000 97.347384
664.746000 97.079388
664.803000 97.548508
664.860000 97.077596
664.917000 97.384608
664.975000 97.513710
665.032000 97.597283
665.089000 97.910884
665.146000 97.707845
665.203000 97.460848
665.260000 97.678290
665.317000 97.593409
665.375000 97.864236
665.432000 97.741727
665.489000 97.869153
665.546000 97.553006
665.603000 97.869016
665.660000 97.903177
665.717000 98.106242
665.774000 97.916430
665.831000 97.744115
665.888000 98.083760
665.944000 98.112118
666.001000 98.114048
666.058000 98.009461
666.115000 97.923061
666.172000 98.265384
666.229000 98.339074
666.286000 98.194358
666.343000 98.299897
666.399000 98.402714
666.456000 98.515252
666.513000 98.416027
666.570000 98.425374
666.626000 98.285010
666.683000 98.578633
666.740000 98.534830
666.797000 98.657507
666.853000 98.582060
666.910000 98.490347
666.967000 98.543606
667.023000 98.583852
667.080000 98.832706
667.136000 98.753685
667.193000 98.879239
667.250000 98.916570
667.306000 98.952645
667.363000 98.877561
667.419000 98.746429
667.476000 98.794602
667.532000 98.852446
667.589000 99.075979
667.645000 98.802419
667.702000 98.837289
667.758000 99.117117
667.815000 99.003376
667.871000 98.923028
667.927000 98.831176
667.984000 99.066156
668.040000 99.014532
668.097000 98.864313
668.153000 99.156525
668.209000 99.028996
668.265000 99.047442
668.322000 99.021561
668.378000 99.085370
668.434000 99.163195
668.491000 99.134074
668.547000 99.165373
668.603000 98.833587
668.659000 98.864073
668.715000 99.046857
668.771000 99.158706
668.828000 98.929646
668.884000 99.127533
668.940000 99.027995
668.996000 99.110730
669.052000 98.991935
669.108000 98.923715
669.164000 99.198921
669.220000 99.300085
669.276000 99.047708
669.332000 99.034742
669.388000 99.034714
669.444000 99.158093
669.500000 98.831781
669.556000 99.041502
669.612000 98.867974
669.668000 99.116311
669.724000 98.811967
669.780000 99.256386
669.836000 99.238884
669.891000 98.832592
669.947000 99.023094
670.003000 99.181498
670.059000 98.896847
670.115000 98.776277
670.171000 98.939721
670.226000 98.913431
670.282000 98.894992
670.338000 99.009187
670.393000 98.821722
670.449000 98.835667
670.505000 98.925891
670.560000 98.902988
670.616000 98.831319
670.672000 98.751484
670.727000 98.671059
670.762000 98.745044
670.822000 98.817409
670.882000 98.648324
670.942000 98.404650
671.002000 98.836797
671.063000 98.345641
671.123000 98.667420
671.183000 98.454746
671.243000 98.447013
671.303000 98.394433
671.363000 98.463342
671.423000 98.377884
671.483000 98.352388
671.543000 98.562791
671.603000 98.576333
671.663000 98.436500
671.723000 98.157174
671.783000 98.389118
671.843000 98.302007
671.903000 98.333000
671.963000 98.338773
672.023000 98.436222
672.083000 98.279112
672.143000 98.380685
672.203000 98.080069
672.263000 98.413031
672.323000 98.342341
672.383000 98.280355
672.443000 98.123789
672.503000 98.079853
672.563000 98.185072
672.623000 98.613145
672.682000 98.073622
672.742000 98.262367
672.802000 98.065079
672.862000 98.266158
672.922000 98.078016
672.982000 98.250950
673.041000 98.337135
673.101000 98.297399
673.161000 98.177384
673.221000 98.226884
673.281000 98.165477
673.340000 98.093575
673.400000 98.204349
673.460000 98.392874
673.520000 98.040083
673.579000 98.093019
673.639000 98.230135
673.699000 98.328629
673.758000 98.277957
673.818000 98.043891
673.878000 98.291966
673.937000 98.127292
673.997000 98.553026
674.057000 98.303127
674.116000 98.507497
674.176000 98.485198
674.235000 98.433214
674.295000 97.991163
674.354000 98.751030
674.414000 98.322334
674.474000 98.479825
674.533000 98.420164
674.593000 98.533119
674.652000 98.376450
674.712000 98.371833
674.771000 98.210735
674.831000 98.327450
674.890000 98.303500
674.950000 98.352742
675.009000 98.277624
675.069000 98.158372
675.128000 98.267948
675.187000 98.317959
675.247000 98.604555
675.306000 98.564206
675.366000 98.436933
675.425000 98.410901
675.484000 97.935982
675.544000 98.300111
675.603000 98.190166
675.662000 98.378540
675.722000 98.272103
675.781000 98.299807
675.840000 98.428858
675.900000 98.564247
675.959000 98.253589
676.018000 98.262213
676.078000 98.480678
676.137000 98.171099
676.196000 98.259762
676.255000 98.313168
676.314000 98.465978
676.374000 98.550124
676.433000 98.625627
676.492000 98.556633
676.551000 98.490942
676.610000 98.216629
676.670000 98.616140
676.729000 98.523168
676.788000 98.249341
676.847000 98.243702
676.906000 98.442388
676.965000 98.418388
677.024000 98.716908
677.083000 98.320937
677.142000 98.556954
677.201000 98.603217
677.261000 98.613370
677.320000 98.516957
677.379000 98.495866
677.438000 98.375881
677.497000 98.425492
677.556000 98.740433
677.615000 98.516043
677.674000 98.426411
677.733000 98.473588
677.791000 98.312626
677.850000 98.401690
677.909000 98.308308
677.968000 98.398500
678.027000 98.275382
678.086000 98.417284
678.145000 98.362128
678.204000 98.592407
678.263000 98.482039
678.321000 98.467010
678.380000 98.497072
678.439000 98.551922
678.498000 98.496475
678.557000 98.267466
678.616000 98.434571
678.674000 98.771442
678.733000 98.624554
678.792000 98.482563
678.851000 98.531213
678.909000 98.377897
678.968000 98.291646
679.027000 98.463954
679.085000 98.318814
679.144000 98.623414
679.203000 98.487834
679.262000 98.372937
679.320000 98.301502
679.379000 98.429110
679.437000 98.434094
679.496000 98.531963
679.555000 98.566048
679.613000 98.734457
679.672000 98.389669
679.730000 98.494192
679.789000 98.421517
679.848000 98.093807
679.906000 98.076692
679.965000 98.600945
680.023000 98.243114
680.082000 98.251615
680.140000 98.119391
680.199000 98.257253
680.257000 98.402511
680.316000 98.187850
680.374000 98.055897
680.432000 97.867912
680.491000 98.424437
680.549000 98.244375
680.608000 98.114560
680.666000 98.013922
680.724000 98.271730
680.783000 98.353685
680.841000 98.061560
680.900000 98.077472
680.958000 98.096566
681.016000 98.055443
681.075000 98.192097
681.133000 98.271094
681.191000 98.206152
681.249000 97.831362
681.308000 98.097798
681.366000 97.928265
681.424000 98.054949
681.482000 98.050148
681.541000 98.081305
681.599000 97.939677
681.657000 98.001477
681.715000 98.279867
681.773000 98.018135
681.832000 97.864361
681.890000 97.975534
681.948000 97.869598
682.006000 97.969124
682.064000 97.757170
682.122000 97.638007
682.180000 97.907225
682.238000 97.667392
682.296000 97.813400
682.354000 97.960661
682.412000 97.763621
682.470000 97.645597
682.529000 97.636280
682.587000 97.702208
682.644000 97.983560
682.702000 97.969252
682.760000 97.802451
682.818000 97.716904
682.876000 97.686309
682.934000 97.793103
682.992000 97.486222
683.050000 97.728098
683.108000 97.628189
683.166000 97.848672
683.224000 97.503604
683.282000 97.596094
683.339000 97.796265
683.397000 97.620905
683.455000 97.473676
683.513000 97.404027
683.571000 97.755508
683.629000 97.662555
683.686000 97.981597
683.744000 97.819548
683.802000 97.479994
683.860000 97.672272
683.917000 97.494516
683.975000 97.847467
684.033000 97.691505
684.090000 97.746048
684.148000 97.591835
684.206000 98.025725
684.263000 97.521882
684.321000 97.842049
684.379000 97.381544
684.436000 97.620218
684.494000 97.684827
684.552000 97.740020
684.609000 97.943379
684.667000 97.751499
684.724000 98.062949
684.782000 97.742867
684.839000 97.860856
684.897000 97.683941
684.954000 97.959670
685.012000 97.853008
685.069000 97.965110
685.127000 98.082484
685.184000 97.906795
685.242000 97.937009
685.299000 97.892100
685.357000 97.912861
685.414000 98.013374
685.471000 97.635725
685.529000 97.788918
685.586000 98.426493
685.643000 97.677808
685.701000 97.972998
685.758000 98.073320
685.815000 98.231113
685.873000 98.260694
685.930000 98.214062
685.987000 98.197847
686.045000 98.282146
686.102000 98.060256
686.159000 98.476771
686.216000 98.212335
686.274000 98.254056
686.331000 98.320191
686.388000 98.222385
686.445000 98.524441
686.502000 98.560573
686.560000 98.545265
686.617000 98.487216
686.674000 98.626207
686.731000 98.252993
686.788000 98.500981
686.845000 98.000774
686.902000 98.789904
686.959000 98.717631
687.016000 98.820283
687.073000 98.470082
687.130000 98.463382
687.187000 98.467473
687.244000 98.334047
687.301000 98.570721
687.358000 98.221631
687.415000 98.670862
687.472000 98.632538
687.529000 98.428012
687.586000 98.797615
687.643000 98.720707
687.700000 98.650078
687.757000 98.722752
687.814000 98.796317
687.871000 98.998665
687.928000 98.454303
687.984000 98.645749
688.041000 98.688658
688.098000 98.939325
688.155000 98.697850
688.212000 98.649602
688.268000 98.849128
688.325000 98.648901
688.382000 98.819336
688.439000 98.789729
688.495000 98.603065
688.552000 98.900561
688.609000 98.788890
688.665000 98.956213
688.722000 98.991212
688.779000 98.763174
688.835000 98.674420
688.892000 98.919123
688.949000 98.979017
689.005000 98.899419
689.062000 98.499022
689.119000 98.761287
689.175000 98.838914
689.232000 99.075089
689.288000 98.958289
689.345000 98.770380
689.401000 98.748414
689.458000 99.040798
689.514000 98.640394
689.571000 98.616094
689.627000 98.449103
689.684000 98.623080
689.740000 98.450435
689.796000 98.510434
689.853000 98.441720
689.909000 98.542903
689.966000 98.679347
690.022000 98.528475
690.078000 98.151288
690.135000 98.181855
690.191000 98.919392
690.247000 98.440430
690.304000 98.495828
690.360000 98.397156
690.416000 98.494876
690.473000 98.330433
690.529000 98.544236
690.585000 98.460522
690.641000 98.259569
690.698000 98.181464
690.754000 98.144037
690.810000 98.490073
690.866000 98.549236
690.922000 98.403385
690.978000 98.283364
691.035000 98.064695
691.091000 98.216015
691.147000 98.358492
691.203000 98.151785
691.259000 98.207057
691.315000 98.101707
691.371000 98.206932
691.427000 98.115609
691.483000 98.353706
691.539000 98.058050
691.595000 98.062891
691.651000 98.118521
691.707000 98.200223
691.763000 98.017452
691.819000 98.106668
691.875000 97.734766
691.931000 98.104735
691.987000 98.062138
692.043000 97.796237
692.099000 97.930182
692.154000 97.683864
692.210000 97.605069
692.266000 98.022227
692.322000 98.008294
692.378000 97.619265
692.433000 97.649515
692.489000 97.723403
692.545000 97.924457
692.601000 97.940197
692.657000 97.767979
692.712000 97.695170
692.768000 97.703404
692.824000 97.674834
692.879000 97.547057
692.935000 97.637054
692.991000 97.799457
693.046000 97.483051
693.102000 97.694076
693.158000 97.737322
693.213000 97.609217
693.269000 97.639001
693.324000 97.651913
693.380000 97.806570
693.435000 97.527978
693.491000 97.700206
693.547000 97.383453
693.602000 97.699359
693.658000 97.562082
693.713000 97.521872
693.769000 97.747159
693.824000 97.558763
693.879000 97.536719
693.935000 97.581369
693.990000 97.785283
694.046000 97.437228
694.101000 97.616291
694.156000 97.456980
694.212000 97.475120
694.267000 97.586763
694.322000 97.646428
694.378000 97.323420
694.433000 97.521255
694.488000 97.489647
694.544000 97.605873
694.599000 97.344517
694.654000 97.413385
694.709000 97.567653
694.765000 97.348736
694.820000 97.438893
694.875000 97.782261
694.930000 97.414752
694.985000 97.627071
695.040000 97.180789
695.096000 97.505647
695.151000 97.358775
695.206000 97.498246
695.261000 97.714973
695.316000 97.564375
695.371000 97.680039
695.426000 97.400937
695.481000 97.467511
695.536000 97.556024
695.591000 97.444691
695.646000 97.701643
695.701000 97.418892
695.756000 97.672715
695.811000 97.548538
695.866000 97.425290
695.921000 97.738727
695.976000 97.775974
696.031000 97.471856
696.086000 97.642375
696.140000 97.568067
696.195000 97.707926
696.250000 97.657523
696.305000 97.820066
696.360000 97.368454
696.414000 97.626651
696.469000 97.739315
696.524000 97.714863
696.579000 97.737633
696.634000 97.794019
696.688000 97.651312
696.743000 97.624608
696.798000 97.561449
696.852000 97.866533
696.907000 97.668965
696.962000 97.759684
697.016000 97.815249
697.071000 97.492248
697.125000 98.091642
697.180000 97.869593
697.235000 97.731534
697.289000 97.637534
697.344000 97.507015
697.398000 97.713373
697.453000 97.910898
697.507000 97.619438
697.562000 97.725562
697.616000 97.822041
697.671000 97.954328
697.725000 97.754268
697.780000 97.989122
697.834000 97.702263
697.888000 97.846117
697.943000 97.928510
697.997000 98.047020
698.052000 97.695800
698.106000 97.811202
698.160000 97.753063
698.215000 97.584506
698.269000 97.942670
698.323000 97.746894
698.377000 97.793491
698.432000 97.961812
698.486000 97.925481
698.540000 97.623799
698.594000 97.593101
698.649000 98.059363
698.703000 97.893145
698.757000 97.687145
698.811000 97.937869
698.865000 97.700089
698.919000 97.707681
698.973000 97.860588
699.028000 97.727179
699.082000 97.842628
699.136000 98.084157
699.190000 97.951234
699.244000 97.841633
699.298000 97.957126
699.352000 97.884643
699.406000 98.034256
699.460000 97.784811
699.514000 97.847913
699.568000 98.109588
699.622000 97.841875
699.676000 97.679602
699.729000 97.823346
699.783000 97.752783
699.837000 97.615342
699.891000 97.803735
699.945000 97.625126
699.999000 97.863295
700.053000 97.729797
700.106000 97.612163
700.160000 97.727301
700.214000 97.867361
700.268000 97.717579
700.321000 97.464700
700.375000 97.863337
700.429000 97.830097
700.482000 97.618954
700.536000 97.670195
700.590000 97.800925
700.643000 97.638339
700.697000 97.653695
700.751000 97.647017
700.804000 97.694870
700.858000 97.706067
700.911000 97.565125
700.965000 97.456516
701.019000 97.459806
701.072000 97.536594
701.126000 97.457531
701.179000 97.674565
701.233000 97.611045
701.286000 97.285408
701.340000 97.671555
701.393000 97.655358
701.446000 97.448849
701.500000 97.439096
701.553000 97.626910
701.607000 97.409886
701.660000 97.376577
701.713000 97.524026
701.767000 97.366011
701.820000 97.564868
701.873000 97.483777
701.927000 97.340837
701.980000 96.978840
702.033000 97.460251
702.086000 97.561351
702.139000 97.277535
702.193000 97.252872
702.246000 97.354234
702.299000 97.219607
702.352000 97.500547
702.405000 97.119472
702.459000 97.310938
702.512000 97.157394
702.550000 96.839231
702.607000 96.934703
702.663000 96.956660
702.720000 96.915411
702.777000 96.819001
702.834000 96.780061
702.891000 96.610426
702.947000 96.855095
703.004000 96.909009
703.061000 96.787943
703.118000 96.858343
703.174000 96.750291
703.231000 96.562160
703.288000 96.780854
703.345000 96.850355
703.401000 96.925286
703.458000 96.973719
703.515000 96.620640
703.571000 97.224581
703.628000 96.969176
703.685000 96.781078
703.741000 96.983016
703.798000 96.841835
703.854000 96.645381
703.911000 96.709592
703.968000 96.863857
704.024000 96.759776
704.081000 96.911202
704.137000 96.695377
704.194000 96.832950
704.250000 96.855090
704.307000 97.007431
704.363000 96.561026
704.420000 96.928596
704.476000 96.894020
704.533000 96.968521
704.589000 96.929116
704.646000 96.781477
704.702000 96.855533
704.759000 96.669417
704.815000 96.955748
704.872000 96.770447
704.928000 97.009841
704.984000 96.818136
705.041000 96.703218
705.097000 96.826497
705.154000 97.031045
705.210000 97.012327
705.266000 97.102548
705.323000 96.914143
705.379000 97.019743
705.435000 97.004313
705.491000 97.353498
705.548000 96.743868
705.604000 97.051600
705.660000 97.020793
705.716000 97.074335
705.773000 97.272287
705.829000 96.842697
705.885000 96.835614
705.941000 96.898472
705.998000 97.086898
706.054000 96.855041
706.110000 97.041498
706.166000 97.069631
706.222000 96.780813
706.278000 97.303610
706.334000 97.144981
706.391000 97.196382
706.447000 96.869975
706.503000 97.065684
706.559000 96.970200
706.615000 97.321237
706.671000 97.362214
706.727000 97.360218
706.783000 97.080696
706.839000 97.366560
706.895000 97.223030
706.951000 96.963807
707.007000 97.045672
707.063000 97.382651
707.119000 97.146028
707.175000 97.074126
707.231000 97.457378
707.287000 97.259521
707.343000 97.335298
707.399000 97.004951
707.455000 96.967930
707.510000 97.170966
707.566000 97.004008
707.622000 97.224018
707.678000 97.161617
707.734000 97.118924
707.790000 96.719599
707.846000 96.955242
707.901000 97.210010
707.957000 96.866524
708.013000 97.103759
708.069000 97.157634
708.124000 96.747653
708.180000 96.709603
708.236000 97.084602
708.292000 96.905462
708.347000 96.820919
708.403000 96.860559
708.459000 96.724958
708.514000 96.693829
708.570000 96.738675
708.626000 96.563558
708.681000 96.573778
708.737000 96.332480
708.793000 96.515529
708.848000 96.539994
708.904000 96.309955
708.959000 96.192082
709.015000 96.285191
709.070000 96.105401
709.126000 96.003635
709.182000 96.400632
709.237000 95.846019
709.293000 95.941671
709.348000 95.951329
709.404000 95.846511
709.459000 95.543571
709.515000 95.390079
709.570000 95.371777
709.625000 95.236741
709.681000 95.157766
709.736000 95.078949
709.792000 94.976192
709.847000 95.157462
709.902000 94.855297
709.958000 94.620299
710.013000 94.754340
710.068000 93.985214
710.124000 94.589941
710.179000 93.993533
710.234000 94.391001
710.290000 93.836604
710.345000 93.962795
710.400000 93.562197
710.456000 93.310409
710.511000 92.956822
710.566000 93.272599
710.621000 93.131641
710.676000 92.852885
710.732000 92.552613
710.787000 92.340682
710.842000 91.940075
710.897000 91.850710
710.952000 91.652779
711.007000 91.445098
711.063000 91.155726
711.118000 90.745181
711.173000 90.594021
711.228000 90.485476
711.283000 90.159776
711.338000 89.908397
711.393000 89.432223
711.448000 88.801657
711.503000 88.742035
711.558000 88.248472
711.613000 88.278829
711.668000 87.887781
711.723000 87.322290
711.778000 86.931472
711.833000 86.646827
711.888000 86.190058
711.943000 86.026708
711.998000 85.383568
712.053000 84.636068
712.108000 84.587047
712.163000 83.699099
712.217000 83.444540
712.272000 83.018186
712.327000 82.117647
712.382000 81.810450
712.437000 81.452230
712.492000 80.682649
712.546000 80.158520
712.601000 79.379753
712.656000 78.736630
712.711000 78.052806
712.765000 77.540322
712.820000 76.861000
712.875000 75.941404
712.930000 75.386772
712.984000 74.610861
713.039000 73.825987
713.094000 72.981198
713.148000 72.483336
713.203000 71.429550
713.258000 70.530648
713.312000 69.964564
713.367000 69.091774
713.421000 68.189076
713.476000 67.299893
713.531000 66.522745
713.585000 65.543036
713.640000 64.747987
713.694000 63.773978
713.749000 62.841891
713.803000 61.948410
713.858000 60.980824
713.912000 59.937940
713.967000 58.864349
714.021000 58.298700
714.076000 57.081683
714.130000 56.057408
714.184000 55.089119
714.239000 54.077893
714.293000 53.082148
714.348000 52.236684
714.402000 51.095779
714.456000 50.123404
714.511000 49.167243
714.565000 48.221538
714.619000 47.263981
714.674000 46.131490
714.728000 45.179497
714.782000 44.262072
714.836000 43.251312
714.891000 42.391985
714.945000 41.280964
714.999000 40.405204
715.053000 39.489180
715.108000 38.631392
715.162000 37.585816
715.216000 36.719192
715.270000 35.689621
715.324000 34.912734
715.378000 34.012787
715.433000 33.098196
715.487000 32.265661
715.541000 31.439798
715.595000 30.683191
715.649000 29.753222
715.703000 28.993144
715.757000 28.204028
715.811000 27.415341
715.865000 26.698376
715.919000 25.910038
715.973000 25.171653
716.027000 24.450667
716.081000 23.820105
716.135000 23.113554
716.189000 22.378198
716.243000 21.802272
716.297000 21.101760
716.351000 20.517794
716.405000 19.941966
716.458000 19.276967
716.512000 18.714142
716.566000 18.112095
716.620000 17.646942
716.674000 17.151360
716.728000 16.580473
716.781000 16.103435
716.835000 15.593039
716.889000 15.125768
716.943000 14.643863
716.996000 14.181111
717.050000 13.819024
717.104000 13.336262
717.158000 12.920186
717.211000 12.510754
717.265000 12.189178
717.319000 11.761324
717.372000 11.389079
717.426000 11.065095
717.480000 10.698518
717.533000 10.412932
717.587000 10.096806
717.640000 9.782711
717.694000 9.473907
717.747000 9.137327
717.801000 8.862283
717.855000 8.598439
717.908000 8.340250
717.962000 8.075917
718.015000 7.834536
718.069000 7.588286
718.122000 7.363414
718.175000 7.156660
718.229000 6.924610
718.282000 6.707336
718.336000 6.496635
718.389000 6.299802
718.443000 6.122919
718.496000 5.937940
718.549000 5.751239
718.603000 5.569712
718.656000 5.394260
718.709000 5.233518
718.763000 5.084324
718.816000 4.922182
718.869000 4.775411
718.922000 4.649054
718.976000 4.518140
719.029000 4.367927
719.082000 4.262486
719.135000 4.108693
719.188000 4.006076
719.242000 3.865295
719.295000 3.755673
719.348000 3.671670
719.401000 3.551458
719.454000 3.456556
719.507000 3.352027
719.560000 3.262030
719.614000 3.160997
719.667000 3.064478
719.720000 2.990283
719.773000 2.914114
719.826000 2.820664
719.879000 2.750409
719.932000 2.668388
719.985000 2.589633
720.038000 2.529512
720.091000 2.457799
720.144000 2.399177
720.197000 2.330577
720.249000 2.267680
720.302000 2.175650
720.355000 2.143640
720.408000 2.064548
720.461000 2.022418
720.514000 1.966494
720.567000 1.925694
720.620000 1.857424
720.672000 1.824680
720.725000 1.774881
720.778000 1.732495
720.831000 1.675438
720.883000 1.639039
720.936000 1.601327
720.989000 1.555257
721.042000 1.519203
721.094000 1.480429
721.147000 1.437586
721.200000 1.410820
721.252000 1.378247
721.305000 1.349442
721.358000 1.300482
721.410000 1.262258
721.463000 1.229573
721.515000 1.209070
721.568000 1.174956
721.621000 1.151232
721.673000 1.123844
721.726000 1.094135
721.778000 1.073998
721.831000 1.049240
721.883000 1.018405
721.936000 0.996786
721.988000 0.965287
722.041000 0.956551
722.093000 0.923225
722.145000 0.900685
722.198000 0.884499
722.250000 0.865854
722.303000 0.841269
722.355000 0.823975
722.407000 0.802725
722.460000 0.781304
722.512000 0.784028
722.564000 0.757550
722.616000 0.732707
722.669000 0.724252
722.721000 0.712681
722.773000 0.698479
722.826000 0.687381
722.878000 0.661055
722.930000 0.647568
722.982000 0.631205
723.034000 0.634222
723.086000 0.611878
723.139000 0.592496
723.191000 0.577033
723.243000 0.578447
723.295000 0.554901
723.347000 0.558694
723.399000 0.539771
723.451000 0.520946
723.503000 0.510183
723.555000 0.507341
723.607000 0.491764
723.659000 0.493830
723.711000 0.480475
723.763000 0.461027
723.815000 0.466125
723.867000 0.450311
723.919000 0.450495
723.971000 0.444408
724.023000 0.436367
724.075000 0.420057
724.127000 0.402474
724.179000 0.410056
724.230000 0.394604
724.282000 0.395409
724.334000 0.381489
724.386000 0.371044
724.438000 0.376516
724.489000 0.372520
724.541000 0.365213
724.593000 0.351063
724.645000 0.346052
724.696000 0.328249
724.748000 0.342034
724.800000 0.340323
724.851000 0.332348
724.903000 0.328597
724.955000 0.313249
725.006000 0.314563
725.058000 0.303582
725.110000 0.297754
725.161000 0.292585
725.213000 0.297849
725.264000 0.285564
725.316000 0.284114
725.367000 0.283235
725.419000 0.279714
725.470000 0.263351
725.522000 0.265091
725.573000 0.257915
725.625000 0.259125
725.676000 0.258357
725.728000 0.246252
725.779000 0.249456
725.830000 0.238541
725.882000 0.254407
725.933000 0.240417
725.984000 0.232724
726.036000 0.228601
726.087000 0.233706
726.138000 0.225469
726.190000 0.221427
726.241000 0.222383
726.292000 0.202530
726.343000 0.215789
726.395000 0.205146
726.446000 0.222798
726.497000 0.206603
726.548000 0.213239
726.599000 0.205238
726.651000 0.194198
726.702000 0.196756
726.753000 0.191013
726.804000 0.193027
726.855000 0.192836
726.906000 0.177560
726.957000 0.184367
727.008000 0.192439
727.059000 0.175412
727.110000 0.181621
727.161000 0.174545
727.212000 0.174756
727.263000 0.177795
727.314000 0.169071
727.365000 0.180120
727.416000 0.178694
727.467000 0.167817
727.518000 0.164640
727.569000 0.165794
727.620000 0.167307
727.670000 0.155309
727.721000 0.165327
727.772000 0.158611
727.823000 0.155695
727.874000 0.158589
727.925000 0.155221
727.975000 0.155615
728.026000 0.157303
728.077000 0.156354
728.127000 0.144935
728.178000 0.151801
728.229000 0.156558
728.280000 0.148722
728.330000 0.143423
728.381000 0.132577
728.431000 0.142437
728.482000 0.144054
728.533000 0.136975
728.583000 0.140593
728.634000 0.132536
728.684000 0.138599
728.735000 0.134986
728.785000 0.138563
728.836000 0.126038
728.886000 0.138984
728.937000 0.122096
728.987000 0.127119
729.038000 0.127557
729.088000 0.121463
729.139000 0.123042
729.189000 0.129129
729.239000 0.134878
729.290000 0.118728
729.340000 0.123896
729.390000 0.127761
729.441000 0.119644
729.491000 0.118971
729.541000 0.117761
729.592000 0.117836
729.642000 0.119705
729.692000 0.126005
729.742000 0.115669
729.793000 0.129998
729.843000 0.116186
729.893000 0.125652
729.943000 0.114628
729.993000 0.113051
