380.060000 0.380573
380.144000 0.407834
380.227000 0.391860
380.311000 0.402807
380.394000 0.379293
380.478000 0.412080
380.562000 0.397540
380.645000 0.403770
380.729000 0.409607
380.812000 0.341594
380.896000 0.367245
380.979000 0.399294
381.063000 0.379576
381.146000 0.371152
381.230000 0.411093
381.314000 0.376339
381.397000 0.391301
381.481000 0.409368
381.564000 0.388690
381.648000 0.361872
381.731000 0.357289
381.815000 0.364918
381.898000 0.386907
381.982000 0.380605
382.065000 0.408130
382.149000 0.364088
382.232000 0.382875
382.316000 0.372946
382.399000 0.366275
382.482000 0.372798
382.566000 0.407614
382.649000 0.357438
382.733000 0.350638
382.816000 0.384008
382.900000 0.395929
382.983000 0.361758
383.067000 0.359834
383.150000 0.345571
383.233000 0.357404
383.317000 0.399442
383.400000 0.380936
383.484000 0.355378
383.567000 0.375404
383.650000 0.386731
383.734000 0.354874
383.817000 0.361070
383.901000 0.366386
383.984000 0.366999
384.067000 0.382745
384.151000 0.362161
384.234000 0.364729
384.317000 0.368622
384.401000 0.373219
384.484000 0.379091
384.567000 0.367979
384.651000 0.340104
384.734000 0.349371
384.817000 0.391817
384.901000 0.350147
384.984000 0.360796
385.067000 0.360258
385.151000 0.376215
385.234000 0.348678
385.317000 0.351391
385.400000 0.371973
385.484000 0.359217
385.567000 0.344984
385.650000 0.379783
385.733000 0.363879
385.817000 0.353386
385.900000 0.334729
385.983000 0.384354
386.066000 0.368999
386.150000 0.382694
386.233000 0.365229
386.316000 0.362353
386.399000 0.368325
386.483000 0.383428
386.566000 0.365752
386.649000 0.358869
386.732000 0.370448
386.815000 0.375459
386.898000 0.355842
386.982000 0.344925
387.065000 0.375236
387.148000 0.377735
387.231000 0.352833
387.314000 0.365228
387.397000 0.361143
387.481000 0.370597
387.564000 0.374442
387.647000 0.385089
387.730000 0.360236
387.813000 0.357776
387.896000 0.355760
387.979000 0.364255
388.062000 0.366990
388.146000 0.338834
388.229000 0.360736
388.312000 0.356126
388.395000 0.356682
388.478000 0.356814
388.561000 0.349814
388.644000 0.363646
388.727000 0.354243
388.810000 0.365795
388.893000 0.367503
388.976000 0.378543
389.059000 0.369586
389.142000 0.366678
389.225000 0.399207
389.308000 0.355831
389.391000 0.375444
389.474000 0.361873
389.557000 0.387021
389.640000 0.363228
389.723000 0.369811
389.806000 0.394759
389.889000 0.365773
389.972000 0.391093
390.055000 0.406272
390.138000 0.366632
390.221000 0.379525
390.304000 0.400146
390.387000 0.404471
390.470000 0.400702
390.553000 0.415989
390.636000 0.401688
390.718000 0.423112
390.801000 0.414367
390.884000 0.400379
390.967000 0.415095
391.050000 0.438034
391.133000 0.430117
391.216000 0.445167
391.299000 0.444744
391.381000 0.444490
391.464000 0.458466
391.547000 0.460745
391.630000 0.467539
391.713000 0.465635
391.796000 0.479744
391.878000 0.487989
391.961000 0.485277
392.044000 0.486222
392.127000 0.498769
392.210000 0.510067
392.292000 0.512080
392.375000 0.520025
392.458000 0.536026
392.541000 0.540018
392.624000 0.520112
392.706000 0.566211
392.789000 0.576889
392.872000 0.569106
392.955000 0.611749
393.037000 0.602363
393.120000 0.633012
393.203000 0.642979
393.285000 0.648129
393.368000 0.664290
393.451000 0.713123
393.534000 0.728378
393.616000 0.747757
393.699000 0.781313
393.782000 0.803493
393.864000 0.849767
393.947000 0.877432
394.030000 0.945082
394.112000 0.982493
394.195000 1.037906
394.277000 1.120128
394.360000 1.176622
394.443000 1.266250
394.525000 1.365667
394.608000 1.464082
394.691000 1.569973
394.773000 1.720089
394.856000 1.846432
394.938000 1.983729
395.021000 2.180549
395.103000 2.373362
395.186000 2.619521
395.269000 2.829044
395.351000 3.095196
395.434000 3.387937
395.516000 3.694248
395.599000 4.071345
395.681000 4.439154
395.764000 4.885046
395.846000 5.368387
395.929000 5.928928
396.011000 6.549724
396.094000 7.308689
396.176000 8.030102
396.259000 8.952583
396.341000 9.956695
396.423000 11.095788
396.506000 12.493478
396.588000 13.887142
396.671000 15.504926
396.753000 17.211976
396.836000 19.114805
396.918000 21.162595
397.000000 23.374388
397.083000 25.689005
397.165000 28.081974
397.248000 30.696629
397.330000 33.552348
397.412000 36.107309
397.495000 39.285536
397.577000 42.387610
397.659000 45.533304
397.742000 48.858689
397.824000 52.509836
397.906000 55.988696
397.989000 58.954181
398.071000 61.634700
398.153000 65.008554
398.236000 67.334780
398.318000 69.649491
398.400000 72.065807
398.483000 73.866333
398.565000 75.519017
398.647000 77.589153
398.729000 79.003716
398.812000 80.293222
398.894000 81.361617
398.976000 82.780505
399.058000 83.455761
399.140000 85.201100
399.223000 86.484844
399.305000 87.178244
399.387000 87.409799
399.469000 88.014424
399.551000 88.934624
399.634000 89.054078
399.716000 89.450007
399.798000 89.129358
399.880000 88.544602
399.962000 88.301577
400.044000 87.779788
400.127000 87.352396
400.209000 86.285257
400.291000 85.147064
400.373000 84.576216
400.455000 83.648627
400.537000 82.385670
400.619000 81.576079
400.701000 81.267249
400.783000 80.312123
400.865000 79.786511
400.947000 79.552619
401.029000 78.980451
401.111000 78.730762
401.194000 78.462316
401.276000 78.754715
401.358000 78.456904
401.440000 78.521538
401.522000 78.684275
401.604000 78.917808
401.686000 79.523922
401.768000 79.534964
401.849000 79.572218
401.931000 80.064151
402.013000 80.601623
402.095000 81.102174
402.177000 81.091965
402.259000 81.711113
402.341000 82.081537
402.423000 82.409438
402.505000 82.684504
402.587000 83.046633
402.669000 83.417102
402.751000 83.853393
402.833000 84.395235
402.914000 84.732629
402.996000 84.968118
403.078000 85.215611
403.160000 86.025769
403.242000 86.446946
403.324000 86.961165
403.405000 87.377441
403.487000 87.842322
403.569000 88.605943
403.651000 89.195159
403.733000 89.514659
403.814000 90.244876
403.896000 90.864265
403.978000 91.538153
404.060000 91.554364
404.141000 92.653972
404.223000 93.004354
404.305000 93.712824
404.387000 93.942953
404.468000 94.312327
404.550000 95.092495
404.632000 95.059997
404.713000 95.348762
404.795000 95.416435
404.877000 95.309096
404.958000 95.104571
405.040000 95.319521
405.122000 95.254282
405.203000 95.040769
405.285000 94.687439
405.367000 94.455670
405.448000 94.224484
405.530000 93.861513
405.612000 93.280645
405.693000 93.203374
405.775000 92.934085
405.856000 92.322323
405.938000 92.399098
406.019000 92.344673
406.101000 92.031171
406.183000 91.379242
406.264000 91.366433
406.346000 91.542593
406.427000 91.470896
406.509000 91.372805
406.590000 91.616212
406.672000 91.779982
406.753000 91.755264
406.835000 91.861674
406.916000 92.059386
406.998000 91.851697
407.079000 92.302019
407.160000 92.459734
407.242000 92.319488
407.323000 92.466589
407.405000 92.450371
407.486000 92.437078
407.567000 92.665916
407.649000 92.592539
407.730000 92.197643
407.812000 92.833988
407.893000 92.470901
407.974000 92.077840
408.056000 91.989756
408.137000 92.101282
408.218000 91.979754
408.300000 91.844026
408.381000 91.542825
408.462000 91.585107
408.544000 91.475023
408.625000 91.444948
408.706000 91.165449
408.787000 91.202448
408.869000 91.161503
408.950000 91.254773
409.031000 91.296282
409.112000 91.367904
409.194000 91.415578
409.275000 91.263444
409.356000 91.371562
409.437000 91.295832
409.519000 91.640995
409.600000 91.662555
409.681000 91.737632
409.762000 92.029253
409.843000 92.069756
409.924000 92.102531
410.006000 92.487637
410.087000 92.495457
410.168000 92.688321
410.249000 93.048293
410.330000 92.859763
410.411000 93.365401
410.492000 93.333540
410.573000 93.031552
410.654000 93.475394
410.735000 93.285247
410.816000 93.746471
410.897000 93.949321
410.978000 93.951314
411.060000 94.071501
411.141000 94.309292
411.222000 94.572600
411.303000 94.703905
411.384000 94.776900
411.464000 94.820021
411.545000 94.824255
411.626000 95.245071
411.707000 94.826884
411.788000 95.365158
411.869000 94.861665
411.950000 95.099564
412.031000 94.765151
412.112000 95.477537
412.193000 95.302370
412.274000 95.220123
412.355000 94.802852
412.436000 95.091477
412.516000 95.344076
412.597000 94.571191
412.678000 94.851149
412.759000 94.351570
412.840000 94.530193
412.921000 94.218718
413.001000 94.292467
413.082000 93.795412
413.163000 93.810397
413.244000 93.589341
413.324000 93.660463
413.405000 93.518050
413.486000 93.279107
413.567000 93.407702
413.647000 93.228195
413.728000 93.620644
413.809000 93.087682
413.890000 93.488039
413.970000 93.289954
414.051000 93.308256
414.132000 93.664039
414.212000 93.809291
414.293000 93.718868
414.374000 94.206340
414.454000 94.062037
414.535000 94.278285
414.615000 94.251486
414.696000 94.254830
414.777000 94.212318
414.857000 94.264434
414.938000 94.359771
415.018000 94.476058
415.099000 94.726968
415.180000 94.579237
415.260000 94.547473
415.341000 94.337904
415.421000 94.184260
415.502000 94.353423
415.582000 93.935447
415.663000 93.721420
415.743000 93.641046
415.824000 93.514204
415.904000 93.448538
415.984000 92.874765
416.065000 92.667050
416.145000 92.640505
416.226000 92.722593
416.306000 92.282747
416.387000 92.557660
416.467000 91.950327
416.547000 91.918623
416.628000 91.812813
416.708000 91.640167
416.788000 91.674972
416.869000 91.607723
416.949000 91.445956
417.030000 91.635703
417.110000 91.524254
417.190000 91.508234
417.270000 91.850356
417.351000 91.981724
417.431000 92.208674
417.511000 92.092527
417.592000 92.118272
417.672000 92.408229
417.752000 92.539834
417.832000 92.860403
417.912000 93.198104
417.993000 93.047916
418.073000 93.301328
418.153000 93.681161
418.233000 93.829513
418.313000 94.004598
418.394000 93.845421
418.474000 93.804824
418.554000 94.068802
418.634000 94.067395
418.714000 94.220715
418.794000 94.540073
418.874000 94.203931
418.954000 94.292018
419.034000 94.264591
419.114000 94.450907
419.195000 94.563360
419.275000 94.659830
419.355000 94.359899
419.435000 95.130687
419.515000 94.657567
419.595000 94.560761
419.675000 94.515790
419.755000 94.941110
419.835000 94.508200
419.915000 94.920467
419.995000 94.639777
420.074000 95.190685
420.154000 94.460927
420.234000 94.928325
420.314000 95.164996
420.394000 95.053196
420.474000 94.682053
420.554000 94.614737
420.634000 95.049237
420.714000 94.687548
420.794000 94.792238
420.873000 94.948327
420.953000 94.607962
421.033000 94.948981
421.113000 94.690769
421.193000 94.643185
421.272000 94.694724
421.352000 94.860136
421.432000 94.552995
421.512000 94.571595
421.591000 94.355039
421.671000 94.551657
421.751000 94.369704
421.831000 94.490639
421.910000 94.290981
421.990000 94.307316
422.070000 94.148665
422.149000 94.273033
422.229000 93.979163
422.309000 94.456273
422.388000 94.440260
422.468000 94.701430
422.548000 94.435398
422.627000 94.393563
422.707000 94.403485
422.786000 94.846186
422.866000 94.550506
422.946000 95.028537
423.025000 94.899589
423.105000 94.638940
423.184000 95.167464
423.264000 95.218623
423.343000 95.334820
423.423000 95.440720
423.502000 95.662975
423.582000 95.241441
423.661000 95.579083
423.741000 95.282449
423.820000 95.228795
423.900000 95.383275
423.979000 95.333643
424.058000 95.260591
424.138000 95.133837
424.217000 95.169873
424.297000 95.022747
424.376000 95.160976
424.455000 95.016046
424.535000 94.912932
424.614000 94.923965
424.693000 94.820881
424.773000 94.382522
424.852000 94.488150
424.931000 94.511728
425.010000 94.598183
425.090000 94.216360
425.169000 93.840662
425.248000 93.879451
425.328000 94.460603
425.407000 94.171334
425.486000 94.089413
425.565000 94.312792
425.644000 94.323970
425.724000 94.248953
425.803000 94.100958
425.882000 94.048279
425.961000 94.234717
426.040000 94.356448
426.119000 94.385456
426.198000 94.239245
426.278000 94.314683
426.357000 94.620492
426.436000 94.414549
426.515000 94.710526
426.594000 94.474957
426.673000 94.715072
426.752000 94.487030
426.831000 94.468362
426.910000 94.227060
426.989000 94.349772
427.068000 94.402132
427.147000 94.166549
427.226000 94.325833
427.305000 94.298385
427.384000 93.886621
427.463000 94.094734
427.542000 93.841287
427.621000 94.057391
427.700000 93.794254
427.778000 93.582250
427.857000 93.344520
427.936000 93.398203
428.015000 93.592984
428.094000 93.612146
428.173000 93.732102
428.252000 93.339904
428.330000 93.605291
428.409000 93.487938
428.488000 93.626364
428.567000 93.449384
428.646000 93.630815
428.724000 93.532639
428.803000 93.322880
428.882000 93.595742
428.961000 93.574245
429.039000 94.008833
429.118000 93.958229
429.197000 94.055184
429.275000 94.241985
429.354000 94.405642
429.433000 94.033286
429.511000 94.441030
429.590000 94.521439
429.669000 94.591364
429.747000 94.606425
429.826000 94.813257
429.904000 95.022397
429.983000 94.918925
430.061000 95.171690
430.140000 95.367450
430.219000 95.388017
430.297000 95.257539
430.376000 95.072416
430.454000 95.480965
430.533000 95.867990
430.611000 95.640090
430.689000 95.650293
430.768000 95.271738
430.846000 96.089218
430.925000 95.429131
431.003000 95.831204
431.082000 95.524796
431.160000 95.618008
431.238000 95.920707
431.317000 95.561447
431.395000 95.642944
431.474000 95.739749
431.552000 95.575677
431.630000 95.695473
431.708000 95.569893
431.787000 95.341465
431.865000 95.504672
431.943000 95.744761
432.022000 95.419192
432.100000 95.523775
432.178000 95.749598
432.256000 95.467607
432.335000 95.486556
432.413000 95.334810
432.491000 95.021178
432.569000 95.253923
432.647000 95.073381
432.725000 94.952087
432.804000 95.079538
432.882000 94.909094
432.960000 94.957004
433.038000 94.887089
433.116000 95.144132
433.194000 95.063704
433.272000 94.874946
433.350000 94.796665
433.428000 94.793094
433.506000 94.616801
433.584000 94.793599
433.662000 94.781583
433.740000 94.895056
433.818000 94.874447
433.896000 95.027158
433.974000 94.712252
434.052000 94.869533
434.130000 94.835942
434.208000 94.824717
434.286000 94.863551
434.364000 94.890743
434.442000 94.829107
434.520000 94.973117
434.598000 94.590024
434.675000 94.845379
434.753000 94.838176
434.831000 94.956910
434.909000 94.757954
434.987000 94.944517
435.065000 94.890486
435.142000 94.874379
435.220000 94.564434
435.298000 94.848320
435.376000 94.938712
435.453000 94.651231
435.531000 94.242496
435.609000 94.622102
435.686000 94.173598
435.764000 94.564563
435.842000 94.508910
435.919000 94.213782
435.997000 94.060004
436.075000 94.054861
436.152000 93.840839
436.230000 93.816482
436.308000 93.491896
436.385000 93.689931
436.463000 93.785405
436.540000 93.775359
436.618000 93.611475
436.695000 93.525460
436.773000 93.868796
436.850000 93.512478
436.928000 93.471557
437.005000 93.688646
437.083000 93.785556
437.160000 93.685688
437.238000 93.573522
437.315000 93.486393
437.392000 93.850230
437.470000 94.009703
437.547000 94.019556
437.625000 94.049017
437.702000 93.995184
437.779000 94.067566
437.857000 94.199649
437.934000 94.392271
438.011000 94.572503
438.089000 94.688314
438.166000 95.015920
438.243000 95.056156
438.320000 95.134495
438.398000 95.189281
438.475000 95.167115
438.552000 95.617905
438.629000 95.629529
438.707000 95.724878
438.784000 95.818494
438.861000 95.976727
438.938000 95.766271
439.015000 95.882922
439.092000 95.913531
439.169000 96.141305
439.247000 95.809791
439.324000 96.108441
439.401000 96.099768
439.478000 96.101996
439.555000 96.077087
439.632000 96.268282
439.709000 96.207287
439.786000 95.979575
439.863000 96.078431
439.940000 95.966789
440.017000 96.204814
440.094000 96.232698
440.171000 96.177174
440.236000 96.307977
440.315000 96.342621
440.395000 96.252163
440.474000 95.750307
440.554000 95.776683
440.633000 96.271702
440.713000 95.470639
440.792000 95.252984
440.872000 95.525608
440.951000 95.555107
441.031000 95.238095
441.110000 94.847168
441.189000 95.004118
441.269000 94.862278
441.348000 94.772554
441.428000 94.733977
441.507000 94.669183
441.587000 94.356302
441.666000 93.591480
441.745000 93.710263
441.825000 93.319665
441.904000 93.271974
441.984000 92.695023
442.063000 92.686761
442.142000 93.214541
442.222000 92.469517
442.301000 91.691681
442.381000 91.309900
442.460000 91.106830
442.539000 90.881485
442.619000 90.423865
442.698000 90.273569
442.777000 89.789966
442.857000 90.320054
442.936000 89.682329
443.015000 89.771959
443.095000 90.065714
443.174000 89.454649
443.253000 89.684317
443.333000 89.524698
443.412000 89.488832
443.491000 88.792878
443.571000 88.892191
443.650000 89.309538
443.729000 89.146295
443.808000 88.939148
443.888000 89.336956
443.967000 89.513234
444.046000 89.235782
444.125000 90.067226
444.205000 90.049173
444.284000 90.066489
444.363000 89.934973
444.442000 90.260004
444.522000 90.564576
444.601000 90.555700
444.680000 91.494569
444.759000 90.836750
444.839000 91.617245
444.918000 91.606957
444.997000 91.762218
445.076000 92.359042
445.155000 92.226242
445.235000 92.241813
445.314000 92.878018
445.393000 92.393669
445.472000 92.509607
445.551000 92.715672
445.630000 92.547838
445.710000 93.198151
445.789000 93.636203
445.868000 93.242639
445.947000 94.057052
446.026000 93.725140
446.105000 93.408328
446.184000 93.620838
446.263000 93.766449
446.343000 94.218762
446.422000 94.312284
446.501000 93.810400
446.580000 94.308025
446.659000 94.115912
446.738000 94.241901
446.817000 94.130180
446.896000 94.401259
446.975000 93.975688
447.054000 94.269002
447.133000 93.786304
447.212000 95.294508
447.291000 94.658563
447.370000 94.355069
447.449000 94.726381
447.528000 94.607557
447.608000 94.173958
447.687000 94.493453
447.766000 94.360846
447.845000 94.562307
447.924000 94.465141
448.003000 94.037652
448.082000 94.165290
448.160000 94.387204
448.239000 94.275972
448.318000 94.242722
448.397000 94.397346
448.476000 93.636894
448.555000 93.943344
448.634000 94.065835
448.713000 93.264960
448.792000 93.739108
448.871000 93.799603
448.950000 93.767090
449.029000 93.579618
449.108000 93.377445
449.187000 93.429885
449.266000 93.283952
449.344000 93.271814
449.423000 93.051132
449.502000 93.367781
449.581000 93.290698
449.660000 92.519343
449.739000 92.828401
449.818000 92.955869
449.897000 93.251592
449.975000 93.048839
450.054000 92.488458
450.133000 93.300797
450.212000 93.269084
450.291000 92.951117
450.370000 92.958841
450.448000 93.284135
450.527000 93.645095
450.606000 93.356224
450.685000 94.032511
450.763000 93.920523
450.842000 93.989646
450.921000 94.439725
451.000000 93.857478
451.079000 93.889316
451.157000 94.000551
451.236000 94.429303
451.315000 94.450269
451.394000 94.831227
451.472000 94.894087
451.551000 94.906621
451.630000 95.419585
451.708000 94.797961
451.787000 95.094472
451.866000 95.273074
451.944000 94.984246
452.023000 95.195959
452.102000 95.103997
452.181000 95.039958
452.259000 95.102664
452.338000 94.710490
452.416000 95.030297
452.495000 94.966648
452.574000 94.931325
452.652000 94.731639
452.731000 95.123001
452.810000 94.842465
452.888000 95.441965
452.967000 95.353252
453.045000 94.801896
453.124000 95.220098
453.203000 95.063745
453.281000 95.085026
453.360000 94.503102
453.438000 94.879951
453.517000 94.329490
453.596000 95.122728
453.674000 94.283025
453.753000 94.866918
453.831000 95.157848
453.910000 94.865022
453.988000 95.063746
454.067000 94.773225
454.145000 94.919127
454.224000 94.815851
454.302000 95.483344
454.381000 95.770527
454.459000 95.235772
454.538000 95.739091
454.616000 95.966348
454.695000 95.828387
454.773000 96.395462
454.852000 96.145313
454.930000 96.344242
455.008000 96.605359
455.087000 96.270761
455.165000 96.428867
455.244000 96.598121
455.322000 96.705777
455.400000 96.973893
455.479000 96.701157
455.557000 97.313945
455.636000 96.684834
455.714000 97.050251
455.792000 96.823103
455.871000 96.930785
455.949000 97.113030
456.027000 96.868607
456.106000 97.169616
456.184000 97.325058
456.262000 97.529312
456.341000 97.580296
456.419000 97.535134
456.497000 97.528432
456.576000 97.482386
456.654000 97.046451
456.732000 97.084638
456.811000 97.398070
456.889000 97.156677
456.967000 97.094440
457.045000 96.846214
457.124000 97.335371
457.202000 97.140495
457.280000 97.240043
457.358000 97.061633
457.437000 96.927472
457.515000 96.905640
457.593000 96.938934
457.671000 97.340780
457.749000 97.309651
457.828000 97.095949
457.906000 97.115772
457.984000 97.464295
458.062000 97.347639
458.140000 97.547435
458.218000 97.571139
458.296000 97.257602
458.375000 97.501094
458.453000 97.167262
458.531000 97.193957
458.609000 97.750058
458.687000 96.908336
458.765000 97.402414
458.843000 97.721009
458.921000 97.444475
458.999000 97.660816
459.078000 97.281199
459.156000 97.219954
459.234000 97.327561
459.312000 97.063458
459.390000 97.307176
459.468000 97.181722
459.546000 97.368159
459.624000 97.031840
459.702000 96.999776
459.780000 97.600803
459.858000 97.435857
459.936000 97.624015
460.014000 96.969036
460.092000 96.923825
460.170000 96.610742
460.248000 97.108287
460.326000 97.034498
460.404000 96.764878
460.482000 96.672440
460.559000 96.764603
460.637000 97.447235
460.715000 96.819558
460.793000 96.848721
460.871000 96.865218
460.949000 96.660774
461.027000 97.163084
461.105000 96.966332
461.183000 96.777381
461.261000 96.390003
461.338000 96.792645
461.416000 97.171969
461.494000 96.984807
461.572000 96.593681
461.650000 96.806515
461.728000 96.947880
461.805000 96.580734
461.883000 96.188943
461.961000 96.576791
462.039000 96.802129
462.117000 96.485619
462.194000 96.415397
462.272000 96.605820
462.350000 95.967028
462.428000 96.056749
462.505000 95.696139
462.583000 95.412294
462.661000 95.655978
462.738000 94.974491
462.816000 95.327807
462.894000 95.027443
462.972000 94.888632
463.049000 94.775667
463.127000 94.553481
463.205000 94.272511
463.282000 93.712549
463.360000 93.919997
463.438000 93.589010
463.515000 93.516487
463.593000 93.736950
463.670000 93.768513
463.748000 93.272858
463.826000 93.075565
463.903000 92.988088
463.981000 92.883929
464.058000 92.842522
464.136000 92.726721
464.214000 92.965696
464.291000 92.452539
464.369000 92.722247
464.446000 92.707703
464.524000 92.929140
464.601000 92.785751
464.679000 92.843460
464.756000 92.964141
464.834000 93.168437
464.911000 93.388142
464.989000 93.456846
465.066000 93.397336
465.144000 93.959968
465.221000 94.381582
465.299000 94.106246
465.376000 94.185326
465.454000 95.370015
465.531000 94.560679
465.608000 95.451044
465.686000 95.207939
465.763000 95.669359
465.841000 95.935081
465.918000 95.466110
465.995000 96.096717
466.073000 96.225810
466.150000 96.299684
466.227000 96.283592
466.305000 96.961084
466.382000 96.629133
466.459000 97.286304
466.537000 97.176955
466.614000 97.280638
466.691000 97.171767
466.769000 97.541590
466.846000 97.029729
466.923000 97.708594
467.000000 97.675904
467.078000 97.440821
467.155000 97.288772
467.232000 97.405556
467.309000 97.133476
467.387000 97.654663
467.464000 96.969752
467.541000 97.600971
467.618000 97.354951
467.696000 97.079894
467.773000 97.288329
467.850000 97.104324
467.927000 97.653266
468.004000 96.901492
468.081000 97.194060
468.158000 96.929912
468.236000 96.712030
468.313000 96.637820
468.390000 97.058298
468.467000 97.075629
468.544000 96.984285
468.621000 96.739708
468.698000 96.587647
468.775000 96.710503
468.852000 96.697963
468.929000 97.089912
469.006000 97.036702
469.083000 97.005170
469.161000 96.999352
469.238000 97.225269
469.315000 97.330647
469.392000 97.597461
469.469000 97.452153
469.546000 97.245508
469.623000 97.254873
469.699000 97.179975
469.776000 97.548249
469.853000 97.720764
469.930000 97.466387
470.007000 97.431287
470.084000 97.514287
470.161000 97.522245
470.238000 97.129864
470.315000 97.488104
470.392000 97.022718
470.469000 97.460870
470.546000 97.453447
470.622000 97.114393
470.699000 97.105141
470.776000 97.388892
470.853000 97.180367
470.930000 97.042088
471.007000 96.867406
471.083000 97.063267
471.160000 96.882100
471.237000 96.410775
471.314000 96.682568
471.390000 96.446469
471.467000 96.448621
471.544000 96.669865
471.621000 96.495312
471.697000 96.304060
471.774000 97.060389
471.851000 96.241160
471.928000 96.171018
472.004000 95.900807
472.081000 96.398491
472.158000 96.316158
472.234000 95.862513
472.311000 96.337001
472.388000 96.381326
472.464000 96.386529
472.541000 96.571917
472.618000 96.103311
472.694000 96.678428
472.771000 96.827476
472.847000 96.925503
472.924000 96.896252
473.001000 96.460415
473.077000 96.513341
473.154000 97.002416
473.230000 97.031196
473.307000 97.218438
473.383000 97.288572
473.460000 97.610243
473.536000 97.663088
473.613000 97.346616
473.689000 97.483067
473.766000 97.747149
473.842000 97.599451
473.919000 97.432713
473.995000 97.458460
474.072000 97.644266
474.148000 97.522593
474.224000 97.780635
474.301000 97.753787
474.377000 97.409995
474.454000 97.318406
474.530000 97.482543
474.606000 97.399475
474.683000 97.430380
474.759000 97.019619
474.836000 96.674359
474.912000 97.108244
474.988000 97.088526
475.065000 97.064963
475.141000 97.178398
475.217000 96.757076
475.293000 96.102467
475.370000 97.038265
475.446000 96.587651
475.522000 96.828948
475.599000 96.573462
475.675000 96.461025
475.751000 95.941071
475.827000 96.300411
475.903000 96.273980
475.980000 96.625459
476.056000 96.515345
476.132000 96.002903
476.208000 96.124085
476.284000 95.983667
476.361000 96.409806
476.437000 95.881339
476.513000 96.109717
476.589000 96.070564
476.665000 96.450481
476.741000 96.321859
476.817000 96.306240
476.893000 96.165665
476.969000 96.802387
477.045000 96.369747
477.122000 96.698116
477.198000 96.496405
477.274000 96.480902
477.350000 97.197360
477.426000 96.609387
477.502000 96.638144
477.578000 96.982000
477.654000 96.852187
477.730000 96.725441
477.806000 96.710958
477.882000 96.534875
477.958000 96.487333
478.033000 96.889335
478.109000 96.942879
478.185000 96.706680
478.261000 96.850023
478.337000 96.304786
478.413000 96.390549
478.489000 96.785598
478.565000 96.576814
478.641000 96.757027
478.716000 96.589693
478.792000 96.220291
478.868000 96.133851
478.944000 96.617487
479.020000 96.539334
479.096000 96.300526
479.171000 96.556975
479.247000 95.966120
479.323000 96.364178
479.399000 96.296148
479.474000 96.216201
479.550000 95.986564
479.626000 96.182437
479.702000 95.832782
479.777000 96.232102
479.853000 95.943388
479.929000 95.618602
480.004000 95.919887
480.080000 96.100356
480.156000 95.960595
480.231000 96.248981
480.307000 96.150698
480.383000 95.877994
480.458000 96.115023
480.534000 96.278698
480.609000 96.218296
480.685000 96.003732
480.760000 96.483974
480.836000 96.365707
480.912000 95.600606
480.987000 96.480626
481.063000 96.576701
481.138000 96.735240
481.214000 96.233894
481.289000 96.509351
481.365000 96.087333
481.440000 96.288277
481.516000 96.025466
481.591000 96.265417
481.666000 96.431847
481.742000 96.003375
481.817000 96.072543
481.893000 96.186799
481.968000 95.694906
482.044000 95.486028
482.119000 95.336809
482.194000 95.276667
482.270000 94.896042
482.345000 95.173475
482.420000 94.797977
482.496000 94.729683
482.571000 94.453578
482.646000 93.815182
482.722000 94.577199
482.797000 93.729055
482.872000 93.572384
482.947000 93.686994
483.023000 93.179934
483.098000 92.630397
483.173000 93.392224
483.248000 92.728363
483.324000 92.857554
483.399000 92.301435
483.474000 92.329589
483.549000 92.464775
483.624000 92.372630
483.699000 91.938133
483.775000 91.898308
483.850000 92.449791
483.925000 91.983110
484.000000 91.829118
484.075000 91.850668
484.150000 92.261559
484.225000 92.209383
484.300000 92.328953
484.375000 92.217911
484.450000 92.487622
484.525000 92.606424
484.600000 92.723328
484.675000 93.224292
484.750000 93.106963
484.825000 93.565040
484.900000 93.550171
484.975000 93.757160
485.050000 93.769748
485.125000 94.448660
485.200000 94.360793
485.275000 94.573808
485.350000 95.294999
485.425000 95.169894
485.500000 95.437997
485.575000 95.583189
485.650000 95.643285
485.724000 95.937974
485.799000 95.919317
485.874000 96.126189
485.949000 96.494537
486.024000 96.873301
486.099000 96.755272
486.173000 97.048601
486.248000 97.002968
486.323000 97.280783
486.398000 97.285150
486.472000 97.077869
486.547000 97.410645
486.622000 97.210988
486.697000 97.106414
486.771000 97.427815
486.846000 97.573839
486.921000 97.213606
486.995000 97.346889
487.070000 96.835521
487.145000 97.042824
487.219000 96.801830
487.294000 96.756043
487.368000 96.921618
487.443000 96.663795
487.518000 96.559064
487.592000 96.739599
487.667000 96.707787
487.741000 96.482896
487.816000 96.296558
487.890000 95.971401
487.965000 96.315326
488.039000 96.019057
488.114000 95.751365
488.188000 95.482172
488.263000 95.459575
488.337000 95.346193
488.412000 95.739391
488.486000 95.509090
488.561000 95.243188
488.635000 95.469884
488.709000 95.411958
488.784000 95.850202
488.858000 95.530894
488.933000 95.589979
489.007000 95.905949
489.081000 95.638001
489.156000 95.542020
489.230000 95.727004
489.304000 95.848316
489.379000 96.162692
489.453000 96.067040
489.527000 96.366946
489.601000 96.487573
489.676000 96.485642
489.750000 96.898000
489.824000 96.434311
489.898000 97.111638
489.973000 96.640100
490.047000 96.633343
490.121000 96.671986
490.195000 96.995623
490.269000 97.188850
490.343000 96.977871
490.417000 97.339204
490.492000 96.956289
490.566000 97.465548
490.640000 96.746964
490.714000 96.986881
490.788000 97.463215
490.862000 97.100569
490.936000 96.847070
491.010000 96.850775
491.084000 96.773624
491.158000 96.760265
491.232000 96.995937
491.306000 96.727056
491.380000 96.435376
491.454000 96.834434
491.528000 96.026897
491.602000 95.851862
491.676000 95.875342
491.750000 95.814354
491.824000 95.517998
491.898000 95.747050
491.972000 95.592394
492.045000 95.281448
492.119000 95.267462
492.193000 95.022596
492.288000 94.474565
492.363000 94.949694
492.439000 94.490818
492.515000 94.605699
492.591000 94.244039
492.667000 94.639668
492.742000 93.986500
492.818000 94.480322
492.894000 94.038067
492.969000 94.292275
493.045000 93.699109
493.121000 94.099016
493.197000 94.329494
493.272000 94.334040
493.348000 94.406294
493.424000 94.227669
493.499000 94.573460
493.575000 94.674947
493.651000 94.464055
493.726000 94.685518
493.802000 94.579740
493.878000 94.667082
493.953000 94.893983
494.029000 94.903867
494.104000 95.064996
494.180000 95.242735
494.256000 95.301390
494.331000 95.586517
494.407000 95.500649
494.483000 95.969545
494.558000 95.685435
494.634000 95.690196
494.709000 96.059968
494.785000 95.981339
494.860000 96.281877
494.936000 96.609399
495.012000 96.503187
495.087000 96.423701
495.163000 96.709256
495.238000 96.983018
495.314000 96.776408
495.389000 97.174986
495.465000 97.077084
495.540000 96.586431
495.616000 96.659162
495.691000 97.611925
495.767000 97.511540
495.842000 97.197547
495.918000 97.610237
495.993000 97.528224
496.069000 97.358000
496.144000 97.340127
496.220000 97.902954
496.295000 97.689030
496.370000 97.318782
496.446000 97.585585
496.521000 97.956773
496.597000 97.817846
496.672000 97.788833
496.748000 97.865982
496.823000 98.016172
496.898000 98.013750
496.974000 97.963004
497.049000 97.955777
497.125000 97.707321
497.200000 97.724189
497.275000 97.762778
497.351000 97.728309
497.426000 97.867927
497.501000 97.954855
497.577000 97.660395
497.652000 97.593567
497.727000 97.654961
497.803000 97.689208
497.878000 97.885103
497.953000 97.638457
498.029000 97.299917
498.104000 97.250138
498.179000 97.090115
498.254000 97.066789
498.330000 97.563359
498.405000 96.702349
498.480000 96.813018
498.555000 96.278156
498.631000 96.850702
498.706000 96.639114
498.781000 96.479720
498.856000 96.787300
498.932000 96.257030
499.007000 96.034640
499.082000 96.050719
499.157000 95.603727
499.232000 95.844002
499.308000 95.550515
499.383000 95.665103
499.458000 95.472321
499.533000 95.285276
499.608000 95.461177
499.683000 95.253987
499.759000 95.304490
499.834000 94.877744
499.909000 94.850393
499.984000 94.776475
500.059000 94.789699
500.134000 95.067957
500.209000 94.543856
500.284000 94.773829
500.359000 94.519150
500.434000 94.542149
500.510000 94.445730
500.585000 94.941287
500.660000 94.604904
500.735000 94.541007
500.810000 94.775967
500.885000 94.538395
500.960000 94.688648
501.035000 94.841731
501.110000 94.661493
501.185000 94.513744
501.260000 94.665436
501.335000 95.010126
501.410000 94.765451
501.485000 95.171672
501.560000 94.828558
501.635000 94.826126
501.710000 94.695356
501.785000 95.120389
501.860000 95.244292
501.935000 95.077283
502.010000 95.368994
502.084000 95.166335
502.159000 95.869652
502.234000 95.720675
502.309000 96.029637
502.384000 95.972792
502.459000 95.945634
502.534000 95.880976
502.609000 95.653017
502.684000 95.791453
502.758000 95.764837
502.833000 95.713351
502.908000 96.163999
502.983000 96.066388
503.058000 96.017428
503.133000 96.117131
503.207000 96.003924
503.282000 96.226974
503.357000 96.335455
503.432000 96.027317
503.507000 96.031447
503.581000 96.291007
503.656000 95.975874
503.731000 96.130555
503.806000 96.211100
503.880000 95.864313
503.955000 96.138613
504.030000 96.014140
504.105000 96.252731
504.179000 96.008164
504.254000 95.958817
504.329000 96.261046
504.403000 95.998692
504.478000 95.772236
504.553000 96.110738
504.628000 96.148382
504.702000 96.023009
504.777000 96.023815
504.851000 96.067064
504.926000 96.109967
505.001000 95.917162
505.075000 95.816112
505.150000 96.103344
505.225000 95.871814
505.299000 95.983773
505.374000 96.310789
505.448000 95.951744
505.523000 96.216161
505.598000 96.200314
505.672000 96.012941
505.747000 96.001490
505.821000 96.422354
505.896000 96.554924
505.970000 96.279912
506.045000 96.604113
506.119000 96.312037
506.194000 96.415707
506.268000 96.344866
506.343000 96.798349
506.417000 96.660033
506.492000 97.045418
506.566000 96.777569
506.641000 96.811724
506.715000 96.699709
506.790000 96.767160
506.864000 96.905807
506.939000 97.015192
507.013000 97.042071
507.087000 96.736714
507.162000 96.947240
507.236000 97.015230
507.311000 97.096322
507.385000 97.128219
507.459000 96.967377
507.534000 96.987833
507.608000 97.131218
507.682000 97.067043
507.757000 97.017943
507.831000 97.141491
507.905000 97.141848
507.980000 97.005318
508.054000 97.102853
508.128000 97.161904
508.203000 96.813175
508.277000 97.080662
508.351000 96.677382
508.425000 97.155761
508.500000 96.812440
508.574000 97.251970
508.648000 96.732308
508.722000 96.741234
508.797000 96.590529
508.871000 96.745808
508.945000 96.529262
509.019000 96.822318
509.094000 96.666140
509.168000 96.426107
509.242000 96.631676
509.316000 96.570058
509.390000 96.640032
509.464000 96.338329
509.539000 96.723298
509.613000 96.550228
509.687000 96.413682
509.761000 96.507561
509.835000 96.567400
509.909000 96.359191
509.983000 96.125129
510.057000 96.264907
510.131000 96.665352
510.205000 96.120872
510.280000 96.416814
510.354000 96.336717
510.428000 96.068458
510.502000 96.406794
510.576000 96.258686
510.650000 96.474259
510.724000 96.160612
510.798000 96.212767
510.872000 96.405272
510.946000 95.971958
511.020000 96.600706
511.094000 96.140896
511.168000 96.281761
511.242000 96.336441
511.316000 96.218333
511.389000 95.861563
511.463000 96.181919
511.537000 96.055827
511.611000 96.049043
511.685000 95.914295
511.759000 95.992307
511.833000 96.135659
511.907000 95.910252
511.981000 95.841862
512.054000 96.068001
512.128000 95.979580
512.202000 95.677524
512.276000 95.786638
512.350000 95.982725
512.424000 95.652317
512.497000 95.737689
512.571000 95.784112
512.645000 95.703265
512.719000 95.711571
512.793000 95.870949
512.866000 95.601748
512.940000 96.058649
513.014000 95.823315
513.088000 95.667258
513.161000 95.984650
513.235000 96.068408
513.309000 95.707718
513.382000 95.902491
513.456000 95.910920
513.530000 95.491724
513.603000 96.001989
513.677000 95.926588
513.751000 96.102275
513.824000 95.818256
513.898000 96.006457
513.972000 96.108500
514.045000 96.213040
514.119000 96.232282
514.193000 96.063501
514.266000 96.083622
514.340000 96.197951
514.413000 96.060383
514.487000 96.374577
514.560000 96.434706
514.634000 96.638330
514.707000 96.417014
514.781000 96.841627
514.855000 97.157162
514.928000 96.809383
515.002000 96.890213
515.075000 96.875121
515.148000 96.807416
515.222000 97.019243
515.295000 97.189474
515.369000 97.068741
515.442000 97.118682
515.516000 96.999612
515.589000 97.076710
515.663000 97.309083
515.736000 97.267862
515.809000 97.247023
515.883000 97.481403
515.956000 97.508376
516.030000 97.519965
516.103000 97.347267
516.176000 97.732010
516.250000 97.453908
516.323000 97.621337
516.396000 97.664853
516.470000 97.442094
516.543000 97.377230
516.616000 97.358074
516.689000 97.583126
516.763000 97.422772
516.836000 97.441214
516.909000 97.441278
516.983000 97.679512
517.056000 97.169699
517.129000 97.432442
517.202000 97.189048
517.275000 97.248901
517.349000 97.217796
517.422000 97.262449
517.495000 97.119995
517.568000 97.453594
517.641000 97.372784
517.715000 97.241860
517.788000 97.509522
517.861000 97.175584
517.934000 97.284247
518.007000 97.179233
518.080000 97.148976
518.153000 97.158880
518.226000 97.195980
518.299000 97.044596
518.373000 97.159381
518.446000 97.124546
518.519000 97.407217
518.592000 97.196817
518.665000 97.484438
518.738000 97.228640
518.811000 97.471316
518.884000 97.452231
518.957000 97.044391
519.030000 97.144798
519.103000 97.292533
519.176000 96.842892
519.249000 97.191272
519.322000 97.212095
519.394000 97.088291
519.467000 97.107793
519.540000 96.905929
519.613000 97.178792
519.686000 97.360198
519.759000 97.288678
519.832000 97.296266
519.905000 97.388818
519.978000 97.463126
520.050000 97.623132
520.123000 97.304327
520.196000 97.421752
520.269000 97.364589
520.342000 97.450254
520.415000 97.696049
520.487000 97.560934
520.560000 97.497972
520.633000 97.329208
520.706000 97.429449
520.778000 97.452132
520.851000 97.552514
520.924000 97.461495
520.997000 97.512117
521.069000 97.724081
521.142000 97.446342
521.215000 97.333839
521.287000 97.402651
521.360000 97.632357
521.433000 97.183064
521.505000 97.335138
521.578000 97.336448
521.651000 97.566543
521.723000 97.296694
521.796000 97.387795
521.868000 97.341151
521.941000 97.147816
522.013000 97.472279
522.086000 97.141028
522.159000 97.507265
522.231000 97.464009
522.304000 96.781884
522.376000 97.071078
522.449000 97.202173
522.521000 96.966048
522.594000 96.983064
522.666000 96.973322
522.739000 96.852686
522.811000 97.020959
522.884000 96.881497
522.956000 96.808972
523.028000 96.922779
523.101000 96.768793
523.173000 97.095662
523.246000 96.650111
523.318000 96.843791
523.390000 96.232243
523.463000 96.588533
523.535000 96.630046
523.608000 96.463202
523.680000 96.485583
523.752000 96.362164
523.825000 96.251121
523.897000 96.058539
523.969000 96.351003
524.041000 96.107887
524.114000 96.188970
524.186000 95.894312
524.258000 95.960308
524.330000 95.948326
524.403000 95.818257
524.475000 95.439990
524.547000 95.792941
524.619000 95.505605
524.691000 95.605737
524.764000 95.322812
524.836000 95.531938
524.908000 95.629381
524.980000 95.363818
525.052000 95.497417
525.124000 95.237879
525.197000 95.398672
525.269000 95.487721
525.341000 95.191283
525.413000 95.128125
525.485000 95.309462
525.557000 95.021534
525.629000 95.278932
525.701000 95.316541
525.773000 94.962286
525.845000 95.035779
525.917000 94.985021
525.989000 95.279703
526.061000 95.094294
526.133000 95.284966
526.205000 95.045376
526.277000 95.123972
526.349000 95.098138
526.421000 95.188125
526.493000 95.230403
526.565000 95.145129
526.637000 95.401494
526.708000 95.381087
526.780000 95.269971
526.852000 95.492970
526.924000 95.395471
526.996000 95.374322
527.068000 95.538291
527.140000 95.540639
527.211000 95.473120
527.283000 95.555507
527.355000 96.019645
527.427000 95.466129
527.499000 96.028428
527.570000 95.893931
527.642000 96.107439
527.714000 96.018784
527.786000 95.845445
527.857000 95.847417
527.929000 96.144083
528.001000 95.986621
528.072000 96.014524
528.144000 96.410635
528.216000 96.260897
528.287000 96.291288
528.359000 96.435822
528.431000 96.249066
528.502000 96.326738
528.574000 96.503126
528.645000 96.589201
528.717000 96.398094
528.789000 96.451430
528.860000 96.342518
528.932000 96.511559
529.003000 96.663883
529.075000 96.712297
529.146000 96.604079
529.218000 96.627687
529.289000 96.519175
529.361000 96.707376
529.432000 96.508848
529.504000 96.189870
529.575000 96.616321
529.646000 95.932440
529.718000 96.011098
529.789000 96.407126
529.861000 96.000904
529.932000 95.913557
530.004000 96.102509
530.075000 95.703205
530.146000 95.890748
530.218000 95.686156
530.289000 95.607574
530.360000 95.819145
530.432000 95.609327
530.503000 95.425788
530.574000 95.350488
530.645000 95.383781
530.717000 95.365720
530.788000 95.205209
530.859000 95.422658
530.930000 95.294152
531.002000 95.186482
531.073000 95.160789
531.144000 95.185455
531.215000 95.135226
531.286000 94.763896
531.358000 94.803591
531.429000 95.108278
531.500000 95.046202
531.571000 94.915186
531.642000 94.805135
531.713000 94.924756
531.784000 94.819012
531.855000 95.175382
531.926000 94.819004
531.997000 94.956748
532.068000 95.055192
532.140000 95.066170
532.211000 94.908715
532.282000 95.208714
532.353000 95.218516
532.424000 95.249594
532.495000 95.652563
532.565000 95.683823
532.636000 95.504570
532.707000 95.739766
532.778000 95.799972
532.849000 95.622053
532.920000 95.901195
532.991000 95.759397
533.062000 96.156810
533.133000 95.905149
533.204000 96.018382
533.274000 96.008631
533.345000 96.111822
533.416000 95.977680
533.487000 96.577002
533.558000 96.848845
533.628000 96.330116
533.699000 96.644384
533.770000 97.094664
533.841000 96.920428
533.912000 96.623605
533.982000 96.693395
534.053000 96.748878
534.124000 96.695374
534.194000 96.787466
534.265000 96.784640
534.336000 96.565328
534.406000 96.557003
534.477000 96.659214
534.548000 97.052864
534.618000 96.790511
534.689000 96.740131
534.759000 96.913837
534.830000 96.821381
534.901000 96.829103
534.971000 96.693343
535.042000 96.604021
535.112000 96.550161
535.183000 96.435630
535.253000 96.377949
535.324000 96.493803
535.394000 96.337021
535.465000 96.209361
535.535000 96.227572
535.606000 96.188904
535.676000 96.282177
535.746000 96.118967
535.817000 96.081980
535.887000 95.955241
535.958000 96.035209
536.028000 95.985042
536.098000 95.870856
536.169000 95.742878
536.239000 95.552218
536.309000 95.396982
536.380000 95.470527
536.450000 95.683139
536.520000 95.536097
536.591000 95.245382
536.661000 95.013984
536.731000 95.266914
536.801000 95.499409
536.872000 95.100493
536.942000 95.235080
537.012000 95.394779
537.082000 95.018504
537.152000 94.816426
537.222000 95.129109
537.293000 95.238340
537.363000 95.375826
537.433000 95.178663
537.503000 95.168471
537.573000 95.172197
537.643000 95.450866
537.713000 95.501727
537.783000 95.568394
537.853000 95.248714
537.923000 95.604610
537.993000 95.604004
538.063000 95.417279
538.133000 95.415057
538.203000 95.358043
538.273000 95.508337
538.343000 95.644863
538.413000 95.779331
538.483000 95.772443
538.553000 95.601867
538.623000 95.695670
538.693000 96.117040
538.763000 95.986834
538.833000 95.903710
538.903000 96.056385
538.972000 96.097924
539.042000 96.179235
539.112000 96.193307
539.182000 96.130514
539.252000 96.232416
539.322000 96.394381
539.391000 96.217365
539.461000 96.000747
539.531000 96.458547
539.601000 96.652262
539.670000 96.494605
539.740000 96.238684
539.810000 96.445407
539.879000 96.402986
539.949000 96.230717
540.019000 96.348941
540.088000 96.072477
540.158000 96.264146
540.228000 96.384720
540.297000 96.055637
540.367000 96.118528
540.436000 96.114948
540.506000 96.187192
540.575000 96.031464
540.645000 96.068791
540.715000 95.870017
540.784000 95.680255
540.854000 96.096323
540.923000 95.788001
540.993000 95.901752
541.062000 95.801662
541.131000 95.813493
541.201000 95.654322
541.270000 95.648199
541.340000 95.635709
541.409000 95.356812
541.479000 95.348895
541.548000 95.512341
541.617000 95.348893
541.687000 95.456233
541.756000 95.397363
541.825000 95.619593
541.895000 95.498501
541.964000 95.229087
542.033000 95.424027
542.102000 95.215768
542.172000 95.360157
542.241000 95.463483
542.310000 95.318437
542.379000 95.259443
542.449000 95.372276
542.518000 95.342130
542.587000 95.431500
542.656000 95.099327
542.725000 95.687935
542.794000 95.377695
542.863000 95.412018
542.933000 95.469764
543.002000 95.379779
543.071000 95.578269
543.140000 95.661078
543.209000 95.585813
543.278000 95.578820
543.347000 95.458510
543.416000 95.466201
543.485000 95.769105
543.554000 95.702669
543.623000 95.832916
543.692000 95.763698
543.761000 95.772564
543.830000 95.839903
543.899000 95.687037
543.968000 95.922622
544.036000 96.039206
544.105000 96.137462
544.174000 96.071509
544.243000 96.044593
544.312000 96.064576
544.381000 96.095608
544.450000 96.109438
544.518000 95.967852
544.587000 95.860933
544.656000 95.953296
544.725000 95.923617
544.793000 95.840324
544.862000 96.091099
544.931000 95.791516
545.000000 95.854239
545.068000 95.974080
545.137000 95.767776
545.206000 95.849346
545.274000 95.515991
545.343000 95.801450
545.411000 95.691718
545.480000 95.407918
545.549000 95.740552
545.617000 95.750815
545.686000 95.504910
545.754000 95.637804
545.823000 95.694919
545.891000 95.550004
545.960000 95.321938
546.028000 95.519026
546.097000 95.487923
546.165000 95.415893
546.234000 95.304170
546.302000 95.363529
546.371000 95.475411
546.439000 95.410224
546.508000 95.245525
546.576000 95.240179
546.644000 95.394821
546.713000 95.139092
546.781000 95.289859
546.849000 95.188754
546.918000 95.276585
546.986000 95.200519
547.054000 95.242997
547.123000 95.202583
547.191000 95.068097
547.259000 95.276378
547.327000 95.060030
547.396000 95.113730
547.464000 95.153333
547.532000 94.857967
547.600000 94.985782
547.668000 95.265520
547.736000 95.199263
547.805000 95.161000
547.873000 95.019460
547.941000 95.379209
548.009000 95.161824
548.077000 95.145498
548.145000 95.053282
548.213000 95.306934
548.281000 95.080300
548.349000 94.850566
548.417000 94.807073
548.485000 94.918285
548.553000 94.713401
548.621000 94.622542
548.689000 94.548900
548.757000 94.426810
548.825000 94.331596
548.893000 94.177793
548.961000 93.936367
549.029000 93.960675
549.097000 93.596484
549.164000 93.182810
549.232000 93.259466
549.300000 92.982326
549.368000 92.492731
549.436000 92.546917
549.503000 92.189871
549.571000 91.628888
549.639000 91.389548
549.707000 90.716662
549.774000 90.587138
549.842000 90.029180
549.910000 89.587863
549.978000 88.988053
550.045000 88.304180
550.113000 87.948410
550.180000 87.234435
550.248000 86.386552
550.316000 85.947848
550.383000 85.187888
550.451000 84.245212
550.518000 83.427956
550.586000 82.433329
550.654000 81.545501
550.721000 80.521969
550.789000 79.807831
550.856000 78.696806
550.924000 77.479851
550.991000 76.322649
551.059000 75.045360
551.126000 73.892389
551.193000 72.552406
551.261000 71.408347
551.328000 69.721281
551.396000 68.369736
551.463000 66.938238
551.530000 65.404353
551.598000 64.147575
551.665000 62.534875
551.732000 60.938788
551.800000 59.263254
551.867000 57.836901
551.934000 56.162040
552.001000 54.639725
552.069000 53.060320
552.136000 51.467761
552.203000 49.735956
552.270000 48.238151
552.337000 46.609044
552.405000 45.079972
552.472000 43.465442
552.539000 41.906709
552.606000 40.342755
552.673000 38.640353
552.740000 37.297154
552.807000 35.709335
552.874000 34.303943
552.941000 32.885028
553.008000 31.459442
553.005000 29.977234
553.142000 28.631611
553.209000 27.341842
553.276000 26.017813
553.343000 24.764211
553.410000 23.483423
553.477000 22.316730
553.544000 21.143955
553.611000 20.023780
553.678000 18.958151
553.745000 17.883090
553.812000 16.880123
553.878000 15.941816
553.945000 15.025148
554.012000 14.168834
554.079000 13.304666
554.146000 12.515591
554.212000 11.796374
554.279000 11.063535
554.346000 10.403571
554.413000 9.744644
554.479000 9.166682
554.546000 8.561664
554.613000 8.076208
554.679000 7.572898
554.746000 7.068219
554.812000 6.612855
554.879000 6.196819
554.946000 5.797677
555.012000 5.439106
555.079000 5.100127
555.145000 4.770697
555.212000 4.467540
555.278000 4.179435
555.345000 3.927138
555.411000 3.689928
555.478000 3.458741
555.544000 3.243427
555.611000 3.053771
555.677000 2.850825
555.744000 2.672487
555.810000 2.509811
555.876000 2.368578
555.943000 2.214324
556.009000 2.097963
556.076000 1.963267
556.142000 1.844601
556.208000 1.737443
556.274000 1.654463
556.341000 1.557658
556.407000 1.454666
556.473000 1.376443
556.539000 1.301185
556.606000 1.227925
556.672000 1.157531
556.738000 1.104410
556.804000 1.040404
556.870000 1.001216
556.937000 0.941055
557.003000 0.890366
557.069000 0.840351
557.135000 0.804225
557.201000 0.769702
557.267000 0.723457
557.333000 0.691921
557.399000 0.656111
557.465000 0.618266
557.531000 0.603566
557.597000 0.564126
557.663000 0.545148
557.729000 0.521894
557.795000 0.503926
557.861000 0.473101
557.927000 0.451447
557.993000 0.437222
558.059000 0.414294
558.124000 0.401233
558.190000 0.386151
558.256000 0.363606
558.322000 0.355342
558.388000 0.341776
558.454000 0.340797
558.519000 0.321922
558.585000 0.309150
558.651000 0.300439
558.717000 0.283885
558.782000 0.280530
558.848000 0.273531
558.914000 0.252727
558.979000 0.246358
559.045000 0.242773
559.111000 0.231362
559.176000 0.230325
559.242000 0.223243
559.307000 0.215131
559.373000 0.207818
559.438000 0.196542
559.504000 0.201076
559.569000 0.194599
559.635000 0.187952
559.700000 0.181266
559.766000 0.184753
559.831000 0.184078
559.897000 0.172705
559.962000 0.160309
560.028000 0.156428
560.093000 0.162633
560.158000 0.154023
560.224000 0.151951
560.289000 0.153365
560.354000 0.146968
560.420000 0.144138
560.485000 0.138306
560.550000 0.140866
560.616000 0.134687
560.681000 0.134252
560.746000 0.126780
560.811000 0.128048
560.877000 0.139127
560.942000 0.116315
561.007000 0.120940
561.072000 0.119663
561.137000 0.129452
561.202000 0.122431
561.267000 0.117166
561.333000 0.111268
561.398000 0.119760
561.463000 0.110748
561.528000 0.112481
561.593000 0.107494
561.658000 0.106676
561.723000 0.105162
561.788000 0.107696
561.853000 0.100528
561.918000 0.105677
561.983000 0.099841
562.047000 0.099381
562.112000 0.093764
562.177000 0.095605
562.242000 0.089732
562.307000 0.095562
562.372000 0.092837
562.437000 0.088041
562.501000 0.097433
562.566000 0.090055
562.631000 0.085320
562.696000 0.080599
562.761000 0.094424
562.825000 0.084966
562.890000 0.085206
562.955000 0.082321
563.019000 0.082437
563.084000 0.099153
563.149000 0.086659
563.213000 0.088800
563.278000 0.075592
563.342000 0.078682
563.407000 0.081971
563.472000 0.069817
563.536000 0.088387
563.601000 0.077549
563.665000 0.078439
563.730000 0.076771
563.794000 0.076603
563.859000 0.078329
563.923000 0.075108
563.987000 0.079327
564.052000 0.078694
564.116000 0.075170
564.181000 0.076418
564.245000 0.077371
564.309000 0.071749
564.374000 0.074589
564.438000 0.065052
564.502000 0.069135
564.567000 0.064048
564.631000 0.067397
564.695000 0.065775
564.759000 0.067152
564.824000 0.065507
