680.050000 0.129296
680.106000 0.132958
680.163000 0.127037
680.219000 0.131888
680.275000 0.127745
680.331000 0.131351
680.387000 0.127186
680.443000 0.134675
680.499000 0.128004
680.555000 0.127381
680.611000 0.126519
680.667000 0.142503
680.723000 0.136577
680.779000 0.134938
680.835000 0.141488
680.891000 0.130040
680.947000 0.137756
681.003000 0.131712
681.059000 0.138916
681.115000 0.141372
681.170000 0.134634
681.226000 0.129983
681.282000 0.136384
681.338000 0.143437
681.394000 0.136468
681.450000 0.133302
681.505000 0.138202
681.561000 0.138417
681.617000 0.138407
681.673000 0.136202
681.728000 0.130843
681.784000 0.149474
681.840000 0.140202
681.895000 0.143575
681.951000 0.149199
682.007000 0.142065
682.062000 0.146284
682.118000 0.151030
682.173000 0.148300
682.229000 0.145086
682.285000 0.148194
682.340000 0.142371
682.396000 0.142831
682.451000 0.146892
682.507000 0.140907
682.562000 0.151588
682.618000 0.153394
682.673000 0.150170
682.729000 0.145411
682.784000 0.149190
682.839000 0.153946
682.895000 0.149966
682.950000 0.156504
683.006000 0.164228
683.061000 0.164409
683.116000 0.155388
683.172000 0.152858
683.227000 0.153636
683.282000 0.150810
683.338000 0.153739
683.393000 0.155173
683.448000 0.165748
683.503000 0.163188
683.559000 0.157034
683.614000 0.158161
683.669000 0.170776
683.724000 0.159939
683.779000 0.162440
683.834000 0.166521
683.890000 0.169958
683.945000 0.177429
684.000000 0.174184
684.055000 0.172701
684.110000 0.178168
684.165000 0.181176
684.220000 0.173997
684.275000 0.171175
684.330000 0.178866
684.385000 0.184137
684.440000 0.175266
684.495000 0.176065
684.550000 0.187503
684.605000 0.182556
684.660000 0.189397
684.715000 0.191947
684.770000 0.188766
684.825000 0.193673
684.879000 0.192186
684.934000 0.190460
684.989000 0.199429
685.044000 0.190120
685.099000 0.200929
685.153000 0.203380
685.208000 0.197870
685.263000 0.199067
685.318000 0.207764
685.372000 0.208454
685.427000 0.204272
685.482000 0.213683
685.536000 0.211855
685.591000 0.205365
685.646000 0.220317
685.700000 0.214391
685.755000 0.212527
685.810000 0.222932
685.864000 0.223101
685.919000 0.224379
685.973000 0.229305
686.028000 0.229988
686.082000 0.228518
686.137000 0.225256
686.191000 0.236535
686.246000 0.230939
686.300000 0.232911
686.355000 0.233624
686.409000 0.237324
686.464000 0.241874
686.518000 0.246956
686.572000 0.244341
686.627000 0.249626
686.681000 0.250331
686.735000 0.255677
686.790000 0.260179
686.844000 0.262612
686.898000 0.259673
686.953000 0.277476
687.007000 0.273749
687.061000 0.280696
687.115000 0.273293
687.169000 0.288338
687.224000 0.283787
687.278000 0.284738
687.332000 0.297065
687.386000 0.288255
687.440000 0.294401
687.494000 0.306528
687.549000 0.306559
687.603000 0.308786
687.657000 0.314542
687.711000 0.315695
687.765000 0.321496
687.819000 0.320427
687.873000 0.328011
687.927000 0.333449
687.981000 0.336566
688.035000 0.338712
688.089000 0.352115
688.143000 0.345169
688.196000 0.350204
688.250000 0.357606
688.304000 0.363646
688.358000 0.368441
688.412000 0.364429
688.466000 0.372387
688.520000 0.374044
688.573000 0.390909
688.627000 0.395279
688.681000 0.402858
688.735000 0.412880
688.788000 0.406027
688.842000 0.419962
688.896000 0.431689
688.949000 0.428264
689.003000 0.442071
689.057000 0.443229
689.110000 0.455784
689.164000 0.480155
689.218000 0.466034
689.271000 0.481331
689.325000 0.489404
689.378000 0.494996
689.432000 0.497681
689.485000 0.511972
689.539000 0.522718
689.592000 0.535274
689.646000 0.536848
689.699000 0.553986
689.753000 0.548168
689.806000 0.561093
689.860000 0.570930
689.913000 0.580698
689.966000 0.592427
690.020000 0.609731
690.073000 0.612579
690.126000 0.627426
690.180000 0.637525
690.233000 0.645131
690.286000 0.658949
690.340000 0.669346
690.393000 0.685118
690.446000 0.711327
690.499000 0.708330
690.553000 0.718744
690.606000 0.738145
690.659000 0.757530
690.712000 0.774506
690.765000 0.793581
690.818000 0.807508
690.871000 0.816651
690.924000 0.844813
690.978000 0.854660
691.031000 0.875956
691.084000 0.897313
691.137000 0.915198
691.190000 0.936245
691.243000 0.958501
691.296000 0.969649
691.349000 0.991889
691.402000 1.020960
691.454000 1.035642
691.507000 1.067549
691.560000 1.081491
691.613000 1.113967
691.666000 1.141720
691.719000 1.156703
691.772000 1.195281
691.824000 1.213052
691.877000 1.258419
691.930000 1.269114
691.983000 1.311243
692.036000 1.340918
692.088000 1.367044
692.141000 1.401477
692.194000 1.441504
692.246000 1.478927
692.299000 1.511651
692.352000 1.529696
692.404000 1.585900
692.457000 1.629060
692.509000 1.671966
692.562000 1.697552
692.615000 1.749467
692.667000 1.797498
692.720000 1.842521
692.772000 1.890885
692.825000 1.954090
692.877000 2.008319
692.930000 2.050878
692.982000 2.106578
693.034000 2.162056
693.087000 2.209574
693.139000 2.290192
693.192000 2.349499
693.244000 2.413572
693.296000 2.477342
693.349000 2.575747
693.401000 2.629179
693.453000 2.684988
693.506000 2.760364
693.558000 2.839487
693.610000 2.918438
693.662000 3.005346
693.714000 3.088869
693.767000 3.175609
693.819000 3.271344
693.871000 3.361359
693.923000 3.456109
693.975000 3.554761
694.027000 3.658626
694.079000 3.768289
694.132000 3.881073
694.184000 3.999952
694.236000 4.095502
694.288000 4.214269
694.340000 4.334930
694.392000 4.476030
694.444000 4.612535
694.496000 4.747036
694.548000 4.891111
694.599000 5.037342
694.651000 5.172440
694.703000 5.323951
694.755000 5.504060
694.807000 5.674784
694.859000 5.842537
694.911000 6.045756
694.962000 6.207492
695.014000 6.412036
695.066000 6.595599
695.118000 6.788285
695.170000 6.996539
695.221000 7.204490
695.273000 7.436403
695.325000 7.677205
695.376000 7.912487
695.428000 8.138543
695.480000 8.387360
695.531000 8.647637
695.583000 8.882761
695.634000 9.194731
695.686000 9.480888
695.737000 9.759780
695.789000 10.076307
695.841000 10.384048
695.892000 10.704474
695.944000 11.063162
695.995000 11.388077
696.046000 11.756640
696.098000 12.157551
696.149000 12.445995
696.201000 12.844852
696.252000 13.230561
696.303000 13.664589
696.355000 14.113316
696.406000 14.540238
696.457000 14.956147
696.509000 15.448107
696.560000 15.933622
696.611000 16.358566
696.662000 16.903750
696.714000 17.477386
696.765000 17.990560
696.816000 18.503424
696.867000 19.037134
696.918000 19.616321
696.970000 20.200223
697.021000 20.783230
697.072000 21.398817
697.123000 22.049535
697.174000 22.705473
697.225000 23.316498
697.276000 24.076263
697.327000 24.740623
697.378000 25.522795
697.429000 26.231926
697.480000 26.920889
697.531000 27.739045
697.582000 28.564277
697.633000 29.325531
697.684000 30.117429
697.734000 30.929562
697.785000 31.867456
697.836000 32.658563
697.887000 33.542483
697.938000 34.458004
697.989000 35.379455
698.039000 36.266049
698.090000 37.210593
698.141000 38.119453
698.192000 39.170853
698.242000 40.245286
698.293000 41.150645
698.344000 42.174779
698.394000 43.039524
698.445000 44.276168
698.496000 45.291049
698.546000 46.139571
698.597000 47.389489
698.647000 48.418497
698.698000 49.428326
698.748000 50.442956
698.799000 51.691518
698.849000 52.827708
698.900000 53.974391
698.950000 54.902379
699.001000 56.025686
699.051000 57.035352
699.102000 58.248043
699.152000 59.242752
699.202000 60.520981
699.253000 61.591148
699.303000 62.546757
699.353000 63.661247
699.404000 64.874316
699.454000 66.004320
699.504000 67.011601
699.554000 68.098963
699.605000 69.080605
699.655000 70.136436
699.705000 71.139868
699.755000 72.030801
699.805000 73.134970
699.855000 73.961500
699.906000 75.296493
699.956000 76.133609
700.006000 77.155759
700.056000 77.774605
700.106000 78.848297
700.156000 79.607461
700.206000 80.526343
700.256000 81.188492
700.306000 82.051276
700.356000 82.890473
700.406000 83.564279
700.456000 84.415469
700.506000 85.257715
700.556000 85.729102
700.605000 86.610805
700.655000 87.154066
700.705000 88.106237
700.755000 88.193536
700.805000 88.788087
700.854000 89.543528
700.904000 90.125791
700.954000 90.459314
701.004000 90.909228
701.053000 91.578817
701.103000 91.982613
701.153000 92.455451
701.202000 92.940863
701.252000 93.065229
701.302000 93.468252
701.351000 93.738530
701.401000 94.088669
701.450000 94.635247
701.500000 94.899958
701.549000 95.145199
701.599000 95.336574
701.649000 95.615249
701.698000 95.668490
701.747000 95.990239
701.797000 96.243557
701.846000 96.259550
701.896000 96.546052
701.945000 96.548989
701.994000 96.742265
702.044000 97.104547
702.093000 97.051358
702.142000 97.057811
702.192000 97.212081
702.241000 97.099469
702.290000 97.383708
702.340000 97.291767
702.389000 97.317917
702.438000 97.489157
702.487000 97.295958
702.550000 96.132932
702.607000 96.174390
702.663000 96.130481
702.720000 96.411940
702.777000 95.896830
702.834000 95.800549
702.891000 95.933954
702.947000 95.563443
703.004000 95.704462
703.061000 95.570227
703.118000 95.555343
703.174000 95.515496
703.231000 95.385834
703.288000 95.262418
703.345000 95.184629
703.401000 95.215266
703.458000 95.211090
703.515000 94.815377
703.571000 95.176027
703.628000 94.816669
703.685000 94.987682
703.741000 94.913406
703.798000 94.718172
703.854000 94.675191
703.911000 94.658343
703.968000 94.498321
704.024000 94.558319
704.081000 94.426246
704.137000 94.540718
704.194000 94.646879
704.250000 94.304233
704.307000 94.260110
704.363000 94.412336
704.420000 94.329206
704.476000 94.119467
704.533000 94.363224
704.589000 94.289482
704.646000 94.232622
704.702000 94.345349
704.759000 94.404747
704.815000 94.100329
704.872000 94.404057
704.928000 93.997338
704.984000 94.363927
705.041000 93.939506
705.097000 94.192569
705.154000 94.182122
705.210000 94.330796
705.266000 94.394316
705.323000 94.504223
705.379000 93.938505
705.435000 94.323673
705.491000 94.468184
705.548000 94.358013
705.604000 94.326465
705.660000 94.462101
705.716000 94.487472
705.773000 94.183836
705.829000 94.414304
705.885000 94.555014
705.941000 94.378651
705.998000 94.680474
706.054000 94.719492
706.110000 94.654036
706.166000 94.527688
706.222000 94.829876
706.278000 94.863702
706.334000 95.096292
706.391000 95.067566
706.447000 94.967618
706.503000 95.163939
706.559000 94.905438
706.615000 95.234134
706.671000 95.352279
706.727000 95.427415
706.783000 95.357223
706.839000 95.150988
706.895000 95.315185
706.951000 95.382521
707.007000 95.214471
707.063000 95.299599
707.119000 95.665240
707.175000 95.633432
707.231000 95.681191
707.287000 95.707908
707.343000 95.898534
707.399000 95.891038
707.455000 95.727680
707.510000 95.904304
707.566000 95.836787
707.622000 96.150842
707.678000 95.975369
707.734000 96.347415
707.790000 96.234789
707.846000 96.173182
707.901000 96.308689
707.957000 96.458790
708.013000 96.523510
708.069000 96.700562
708.124000 96.524016
708.180000 96.625689
708.236000 96.797065
708.292000 96.767356
708.347000 96.484683
708.403000 97.102202
708.459000 96.994636
708.514000 96.778026
708.570000 96.957512
708.626000 96.915776
708.681000 96.905410
708.737000 97.128784
708.793000 97.102665
708.848000 96.903549
708.904000 97.481512
708.959000 97.233680
709.015000 97.222002
709.070000 97.240752
709.126000 97.171098
709.182000 97.254404
709.237000 97.452815
709.293000 97.484677
709.348000 97.687089
709.404000 97.311438
709.459000 97.385336
709.515000 97.555485
709.570000 97.776258
709.625000 97.708955
709.681000 97.684443
709.736000 97.564132
709.792000 97.978886
709.847000 97.872046
709.902000 97.572308
709.958000 97.795137
710.013000 97.881268
710.068000 97.878449
710.124000 97.801547
710.179000 98.110569
710.234000 97.912104
710.290000 98.107369
710.345000 97.897374
710.400000 97.766015
710.456000 97.987069
710.511000 97.921171
710.566000 97.748676
710.621000 98.044807
710.676000 98.088481
710.732000 98.196682
710.787000 97.817856
710.842000 97.986204
710.897000 98.198818
710.952000 98.085252
711.007000 98.064933
711.063000 98.280264
711.118000 98.221873
711.173000 98.074512
711.228000 97.959605
711.283000 98.057634
711.338000 98.009990
711.393000 98.068542
711.448000 98.204980
711.503000 97.919631
711.558000 98.162609
711.613000 97.881235
711.668000 98.037981
711.723000 97.869703
711.778000 97.951238
711.833000 98.023730
711.888000 97.816680
711.943000 98.083130
711.998000 97.791527
712.053000 97.746883
712.108000 97.774287
712.163000 98.009064
712.217000 98.052457
712.272000 98.124941
712.327000 97.976240
712.382000 97.991833
712.437000 97.899104
712.492000 97.683538
712.546000 97.767634
712.601000 97.981541
712.656000 98.010368
712.711000 98.141909
712.765000 98.000465
712.820000 97.648211
712.875000 97.848895
712.930000 98.086020
712.984000 97.803532
713.039000 98.143615
713.094000 97.789757
713.148000 97.906650
713.203000 97.861052
713.258000 97.748416
713.312000 97.658631
713.367000 97.737628
713.421000 97.957111
713.476000 97.840171
713.531000 97.863925
713.585000 97.666308
713.640000 97.740204
713.694000 97.501009
713.749000 97.906433
713.803000 97.580365
713.858000 97.438292
713.912000 97.558169
713.967000 97.555292
714.021000 97.654167
714.076000 97.457996
714.130000 97.794535
714.184000 97.641402
714.239000 97.587493
714.293000 97.559382
714.348000 97.325772
714.402000 97.616957
714.456000 97.722312
714.511000 97.521792
714.565000 97.458145
714.619000 97.267630
714.674000 97.414457
714.728000 97.327474
714.782000 97.373252
714.836000 97.373504
714.891000 97.352076
714.945000 97.283007
714.999000 97.318563
715.053000 97.316246
715.108000 97.351150
715.162000 97.572829
715.216000 97.380552
715.270000 97.325024
715.324000 97.283268
715.378000 97.175127
715.433000 97.238782
715.487000 97.288248
715.541000 97.193789
715.595000 97.424590
715.649000 97.329443
715.703000 97.093384
715.757000 97.402456
715.811000 97.297919
715.865000 97.401033
715.919000 97.181564
715.973000 97.244046
716.027000 97.388055
716.081000 97.420391
716.135000 97.152268
716.189000 97.435167
716.243000 97.356192
716.297000 97.348404
716.351000 97.431658
716.405000 97.256017
716.458000 97.514621
716.512000 97.115394
716.566000 97.108682
716.620000 97.240933
716.674000 97.272564
716.728000 97.306378
716.781000 97.170460
716.835000 97.214150
716.889000 97.188746
716.943000 97.115940
716.996000 97.259047
717.050000 97.494730
717.104000 97.165297
717.158000 97.356698
717.211000 97.050752
717.265000 97.437225
717.319000 97.288235
717.372000 97.067147
717.426000 97.183604
717.480000 97.128771
717.533000 97.392094
717.587000 97.214809
717.640000 97.277441
717.694000 97.423512
717.747000 97.419077
717.801000 97.227702
717.855000 97.116450
717.908000 97.289913
717.962000 97.401804
718.015000 97.177726
718.069000 97.458926
718.122000 97.237436
718.175000 97.558423
718.229000 97.299649
718.282000 97.499927
718.336000 97.356215
718.389000 97.490161
718.443000 97.374375
718.496000 97.430591
718.549000 97.158910
718.603000 97.478054
718.656000 97.307031
718.709000 97.091708
718.763000 97.531478
718.816000 97.422907
718.869000 97.406050
718.922000 97.762871
718.976000 97.545549
719.029000 97.485228
719.082000 97.790008
719.135000 97.381045
719.188000 97.494636
719.242000 97.583847
719.295000 97.490769
719.348000 97.255702
719.401000 97.461310
719.454000 97.616804
719.507000 97.650495
719.560000 97.753177
719.614000 97.535192
719.667000 97.677219
719.720000 97.737823
719.773000 97.582629
719.826000 97.676925
719.879000 97.581469
719.932000 97.495985
719.985000 97.352764
720.038000 97.732895
720.091000 97.611091
720.144000 97.596424
720.197000 97.743172
720.249000 97.363813
720.302000 97.492202
720.355000 97.773687
720.408000 97.736263
720.461000 97.432688
720.514000 97.355669
720.567000 97.642447
720.620000 97.512245
720.672000 97.646004
720.725000 97.371701
720.778000 97.615381
720.831000 97.394004
720.883000 97.348194
720.936000 97.449461
720.989000 97.289974
721.042000 97.281183
721.094000 97.753571
721.147000 97.531248
721.200000 97.499155
721.252000 97.725888
721.305000 97.371922
721.358000 97.559662
721.410000 97.402562
721.463000 97.475280
721.515000 97.589169
721.568000 97.551193
721.621000 97.365785
721.673000 97.528000
721.726000 97.478194
721.778000 97.712981
721.831000 97.562750
721.883000 97.386342
721.936000 97.282713
721.988000 97.125814
722.041000 97.293787
722.093000 97.217395
722.145000 97.084173
722.198000 97.311227
722.250000 97.264413
722.303000 97.412181
722.355000 97.229248
722.407000 97.208306
722.460000 97.236605
722.512000 97.479512
722.564000 97.219843
722.616000 97.207843
722.669000 97.000817
722.721000 97.233397
722.773000 97.275059
722.826000 97.349841
722.878000 97.006501
722.930000 96.717906
722.982000 97.147574
723.034000 96.988729
723.086000 96.933667
723.139000 96.856519
723.191000 96.785493
723.243000 96.801612
723.295000 96.840455
723.347000 96.733940
723.399000 96.747184
723.451000 96.717471
723.503000 96.954703
723.555000 96.614372
723.607000 96.710781
723.659000 96.548818
723.711000 96.748344
723.763000 96.791832
723.815000 96.573454
723.867000 96.551202
723.919000 96.433255
723.971000 96.615430
724.023000 96.406454
724.075000 96.458801
724.127000 96.414217
724.179000 96.183586
724.230000 96.425788
724.282000 96.350261
724.334000 96.287067
724.386000 96.198036
724.438000 96.119309
724.489000 95.994735
724.541000 96.202755
724.593000 95.830417
724.645000 95.896065
724.696000 95.859764
724.748000 95.964753
724.800000 95.976416
724.851000 95.775171
724.903000 96.117840
724.955000 96.086576
725.006000 95.512128
725.058000 95.651895
725.110000 95.692949
725.161000 95.417484
725.213000 95.908924
725.264000 95.661435
725.316000 95.626436
725.367000 95.545800
725.419000 95.257988
725.470000 95.509204
725.522000 95.626912
725.573000 95.173005
725.625000 95.401885
725.676000 95.215483
725.728000 95.371871
725.779000 95.259074
725.830000 95.187947
725.882000 94.988109
725.933000 95.130607
725.984000 95.104673
726.036000 95.117998
726.087000 94.929707
726.138000 94.988215
726.190000 94.810101
726.241000 94.773966
726.292000 94.741037
726.343000 94.695795
726.395000 94.579813
726.446000 94.780735
726.497000 94.671242
726.548000 94.726778
726.599000 94.791912
726.651000 94.861835
726.702000 94.579507
726.753000 94.337507
726.804000 94.569161
726.855000 94.351535
726.906000 94.359131
726.957000 94.662230
727.008000 94.484009
727.059000 94.186304
727.110000 94.551443
727.161000 94.359222
727.212000 94.371592
727.263000 94.458954
727.314000 94.266314
727.365000 94.225113
727.416000 94.278701
727.467000 93.827709
727.518000 94.080827
727.569000 93.939848
727.620000 93.982019
727.670000 94.163060
727.721000 93.913318
727.772000 94.220204
727.823000 93.938961
727.874000 93.960825
727.925000 94.040853
727.975000 93.840286
728.026000 93.712717
728.077000 94.050885
728.127000 94.076689
728.178000 93.812652
728.229000 93.668800
728.280000 93.805720
728.330000 93.952261
728.381000 93.674451
728.431000 93.859028
728.482000 93.983808
728.533000 93.907001
728.583000 93.698930
728.634000 93.783810
728.684000 93.766177
728.735000 93.785773
728.785000 93.711501
728.836000 93.829704
728.886000 93.710407
728.937000 93.551138
728.987000 93.540859
729.038000 93.688991
729.088000 93.669883
729.139000 93.689581
729.189000 93.496344
729.239000 93.632704
729.290000 93.688976
729.340000 93.690274
729.390000 93.594815
729.441000 93.602789
729.491000 93.653869
729.541000 93.599254
729.592000 93.660810
729.642000 93.691312
729.692000 93.656576
729.742000 93.695754
729.793000 93.654620
729.843000 93.634300
729.893000 93.804635
729.943000 93.330043
729.993000 93.482455
730.043000 93.540782
730.093000 93.560110
730.144000 93.740935
730.194000 93.652503
730.244000 93.735294
730.294000 93.534140
730.344000 93.401596
730.394000 93.949047
730.444000 93.451309
730.494000 93.689778
730.544000 93.884375
730.594000 93.677316
730.644000 93.682992
730.694000 93.809261
730.744000 93.590028
730.793000 93.874188
730.843000 93.855656
730.893000 93.764339
730.943000 93.719726
730.993000 93.674852
731.043000 93.679559
731.092000 93.548282
731.142000 93.854042
731.192000 93.804539
731.242000 93.936853
731.292000 93.933945
731.341000 94.111273
731.391000 93.940862
731.441000 93.856348
731.490000 93.915700
731.540000 93.931781
731.590000 94.335972
731.639000 94.058436
731.689000 93.793815
731.738000 94.153051
731.788000 93.918842
731.838000 94.239919
731.887000 94.101020
731.937000 94.351188
731.986000 94.430565
732.036000 94.574802
732.085000 94.192064
732.135000 94.472823
732.184000 94.083012
732.234000 94.285606
732.283000 94.304157
732.332000 94.308904
732.382000 94.391746
732.431000 94.225048
732.481000 94.317821
732.530000 94.315895
732.579000 94.413173
732.629000 94.655173
732.678000 94.637515
732.727000 94.542705
732.776000 94.414044
732.826000 94.532086
732.875000 94.598774
732.924000 94.533565
732.973000 94.656592
733.022000 94.443321
733.072000 94.979336
733.121000 94.878621
733.170000 94.474160
733.219000 94.870862
733.268000 94.632972
733.317000 94.692285
733.366000 94.697972
733.415000 94.913596
733.464000 94.861254
733.513000 94.917094
733.562000 95.040611
733.611000 95.110087
733.660000 95.211537
733.709000 95.440641
733.758000 94.892077
733.807000 95.158798
733.856000 94.819967
733.905000 95.070167
733.954000 95.381688
734.003000 95.076914
734.052000 95.241086
734.100000 95.420736
734.149000 95.198418
734.198000 95.218439
734.247000 95.216369
734.296000 95.366691
734.344000 95.268606
734.393000 95.270980
734.442000 95.471776
734.490000 95.363914
734.539000 95.320736
734.588000 95.486405
734.636000 95.409331
734.685000 95.707651
734.734000 95.349519
734.782000 95.410512
734.831000 95.740646
734.879000 95.624019
734.928000 95.496784
734.976000 95.672176
735.025000 95.894588
735.073000 95.663174
735.122000 95.821272
735.170000 95.805922
735.219000 95.940202
735.267000 95.875241
735.316000 95.866478
735.364000 95.962474
735.413000 95.760342
735.461000 95.682364
735.509000 95.965514
735.558000 96.049997
735.606000 95.866283
735.654000 96.055311
735.702000 95.950788
735.751000 96.158622
735.799000 96.123698
735.847000 96.160120
735.895000 96.159961
735.944000 95.903084
735.992000 96.257797
736.040000 96.252437
736.088000 95.900217
736.136000 96.368785
736.184000 96.049814
736.233000 95.946524
736.281000 96.353845
736.329000 96.310721
736.377000 96.155184
736.425000 96.336497
736.473000 96.426809
736.521000 96.106864
736.569000 96.479373
736.617000 96.348245
736.665000 96.334407
736.713000 96.447626
736.761000 96.582014
736.808000 96.523382
736.856000 96.566682
736.904000 96.678522
736.952000 96.458987
737.000000 96.652977
737.048000 96.846823
737.096000 96.662843
737.143000 96.520585
737.191000 96.779567
737.239000 96.432944
737.287000 96.562265
737.334000 96.628439
737.382000 96.567372
737.430000 96.579774
737.477000 96.595516
737.525000 96.584526
737.573000 96.790112
737.620000 96.637786
737.668000 96.906634
737.715000 96.960014
737.763000 96.960772
737.811000 96.874560
737.858000 96.646410
737.906000 96.809865
737.953000 97.007635
738.001000 96.741191
738.048000 97.033463
738.095000 96.880079
738.143000 96.939832
738.190000 97.020421
738.238000 96.846400
738.285000 97.170007
738.332000 96.652523
738.380000 97.189157
738.427000 97.194555
738.474000 96.853272
738.522000 96.908307
738.569000 97.224437
738.616000 97.107516
738.664000 96.990638
738.711000 97.281863
738.758000 97.245224
738.805000 97.269406
738.852000 97.296453
738.899000 96.935743
738.947000 97.107849
738.994000 97.449715
739.041000 96.948236
739.088000 97.070189
739.135000 97.137085
739.182000 97.103369
739.229000 97.240690
739.276000 97.309656
739.323000 97.333753
739.370000 97.248381
739.417000 97.310458
739.464000 97.157756
739.511000 97.199701
739.558000 97.291667
739.605000 97.452564
739.652000 97.603242
739.699000 97.171074
739.745000 97.366243
739.792000 97.260419
739.839000 97.253154
739.886000 97.179902
739.933000 97.344020
739.979000 97.451292
740.026000 97.462970
740.073000 97.330525
740.120000 97.319102
740.166000 97.379832
740.213000 97.589234
740.260000 97.262844
740.306000 97.327098
740.353000 97.378516
740.399000 97.294107
740.446000 97.356071
740.493000 97.589652
740.539000 97.594260
740.586000 97.381126
740.632000 97.653224
740.679000 97.284705
740.725000 97.600073
740.772000 97.527063
740.818000 97.233566
740.865000 97.410944
740.911000 97.508316
740.957000 97.776316
741.004000 97.707910
741.050000 97.737024
741.096000 97.471223
741.143000 97.555145
741.189000 97.757937
741.235000 97.540801
741.282000 97.407950
741.328000 97.424430
741.374000 97.833801
741.420000 97.724613
741.467000 97.565969
741.513000 97.604291
741.559000 97.907476
741.605000 97.483773
741.651000 97.716351
741.697000 97.375506
741.743000 97.595577
741.790000 97.572329
741.836000 97.708794
741.882000 97.459524
741.928000 97.955195
741.974000 97.778765
742.020000 97.679860
742.066000 97.600799
742.112000 97.601458
742.158000 97.614138
742.203000 97.691634
742.249000 97.527733
742.295000 97.634154
742.341000 97.639861
742.387000 97.525491
742.433000 97.729215
742.479000 97.637911
742.524000 98.017005
742.570000 97.440351
742.616000 97.772432
742.662000 97.793447
742.707000 97.532632
742.753000 97.388291
742.799000 97.830410
742.845000 97.711766
742.890000 97.642159
742.936000 97.691961
742.981000 97.601921
743.027000 97.673170
743.073000 97.817009
743.118000 97.696975
743.164000 97.712355
743.209000 97.602334
743.255000 97.664789
743.300000 97.630551
743.346000 97.786156
743.391000 97.448074
743.437000 97.859083
743.482000 97.931424
743.528000 97.883904
743.573000 97.703390
743.618000 97.706236
743.664000 97.310364
743.709000 97.578038
743.754000 97.960028
743.800000 97.785622
743.845000 98.001896
743.890000 97.823544
743.935000 97.910507
743.981000 97.495961
744.026000 97.783136
744.071000 97.862073
744.116000 97.556585
744.161000 97.740448
744.206000 97.722632
744.252000 97.622360
744.297000 97.969943
744.342000 97.820532
744.387000 98.233061
744.432000 97.725348
744.477000 97.617439
744.522000 97.648281
744.567000 97.669987
744.612000 97.585343
744.657000 97.560818
744.702000 97.773456
744.747000 97.740690
744.792000 97.761825
744.837000 97.750998
744.881000 97.470555
744.926000 97.948323
744.971000 98.035264
745.016000 97.762334
745.061000 97.743230
745.130000 98.007184
745.182000 97.876304
745.234000 97.848209
745.286000 98.342382
745.338000 98.142257
745.390000 98.148089
745.442000 98.249905
745.494000 98.168443
745.546000 98.167500
745.598000 98.086562
745.650000 97.942310
745.702000 98.079199
745.754000 98.231509
745.806000 98.217108
745.857000 98.069791
745.909000 98.060184
745.961000 98.044428
746.013000 97.999515
746.065000 98.061417
746.117000 98.204116
746.169000 97.976561
746.221000 98.291546
746.272000 98.035142
746.324000 98.313281
746.376000 98.128519
746.428000 98.467736
746.480000 98.551522
746.531000 98.184994
746.583000 98.020968
746.635000 98.258321
746.686000 98.435029
746.738000 98.071917
746.790000 98.239625
746.842000 98.369713
746.893000 98.530331
746.945000 97.940015
746.997000 98.187928
747.048000 98.348729
747.100000 98.487093
747.151000 98.034738
747.203000 98.299224
747.255000 98.309033
747.306000 98.457582
747.358000 98.419301
747.409000 98.431350
747.461000 98.189454
747.512000 98.514978
747.564000 98.598337
747.615000 98.421900
747.667000 98.281469
747.718000 98.530674
747.770000 98.605139
747.821000 98.426631
747.873000 98.307834
747.924000 98.408531
747.976000 98.515903
748.027000 98.043206
748.078000 98.598865
748.130000 98.531516
748.181000 98.265565
748.233000 98.431100
748.284000 98.365886
748.335000 98.507250
748.387000 98.413535
748.438000 98.413952
748.489000 98.633946
748.540000 98.529351
748.592000 98.570828
748.643000 98.630420
748.694000 98.448593
748.745000 98.670322
748.797000 98.427012
748.848000 98.636254
748.899000 98.343738
748.950000 98.572302
749.001000 98.612222
749.053000 98.378142
749.104000 98.390098
749.155000 98.743447
749.206000 98.584333
749.257000 98.520131
749.308000 98.732642
749.359000 98.478442
749.410000 98.736788
749.461000 98.527721
749.512000 98.496276
749.564000 98.581237
749.615000 98.760791
749.666000 98.866788
749.717000 98.565986
749.768000 98.594287
749.819000 98.682039
749.869000 98.634072
749.920000 98.602787
749.971000 98.854013
750.022000 98.768567
750.073000 98.604835
750.124000 98.474086
750.175000 98.877360
750.226000 98.747353
750.277000 99.042843
750.328000 98.705482
750.378000 98.891912
750.429000 98.832138
750.480000 98.639353
750.531000 99.112397
750.582000 98.613334
750.632000 98.968320
750.683000 98.841236
750.734000 98.663402
750.785000 98.739884
750.835000 98.904656
750.886000 98.734115
750.937000 99.015104
750.987000 98.734648
751.038000 98.980117
751.089000 98.957794
751.139000 99.088821
751.190000 98.906065
751.241000 98.970328
751.291000 99.063611
751.342000 99.034153
751.392000 98.751845
751.443000 98.966065
751.494000 98.893669
751.544000 98.958757
751.595000 98.964425
751.645000 98.964063
751.696000 98.763822
751.746000 99.064332
751.797000 99.039319
751.847000 98.908716
751.898000 99.186608
751.948000 98.924226
751.998000 99.158230
752.049000 99.064902
752.099000 98.941970
752.150000 99.041479
752.200000 98.893790
752.250000 98.978219
752.301000 98.939519
752.351000 99.064313
752.401000 99.149173
752.452000 99.038807
752.502000 99.024103
752.552000 99.330356
752.603000 99.039944
752.653000 99.049487
752.703000 98.932350
752.753000 98.962562
752.803000 99.132389
752.854000 99.086638
752.904000 99.103422
752.954000 98.902338
753.004000 99.207855
753.054000 99.037346
753.104000 98.942808
753.155000 98.968552
753.205000 99.262741
753.255000 99.119818
753.305000 99.156177
753.355000 98.866413
753.405000 99.062981
753.455000 98.965731
753.505000 99.337573
753.555000 99.185461
753.605000 98.983322
753.655000 99.258734
753.705000 99.005167
753.755000 98.943020
753.805000 99.224494
753.855000 99.245058
753.905000 99.107044
753.955000 98.925182
754.005000 99.101130
754.055000 99.172018
754.104000 99.105064
754.154000 99.210172
754.204000 99.354599
754.254000 98.866138
754.304000 98.864915
754.354000 99.254183
754.403000 99.019490
754.453000 99.294586
754.503000 98.877649
754.553000 99.147607
754.602000 98.821418
754.652000 99.198290
754.702000 99.207832
754.752000 98.935541
754.801000 99.128824
754.851000 99.313454
754.901000 99.260646
754.950000 99.117116
755.000000 98.729662
755.050000 98.975942
755.099000 99.153695
755.149000 99.075174
755.198000 99.067915
755.248000 99.035897
755.297000 99.254739
755.347000 99.015205
755.396000 99.035889
755.446000 99.212180
755.495000 99.339585
755.545000 98.973497
755.594000 99.269445
755.644000 99.147576
755.693000 99.176553
755.743000 98.993955
755.792000 98.881615
755.842000 98.820064
755.891000 98.953430
755.940000 99.140222
755.990000 98.780267
756.039000 98.981391
756.088000 99.038798
756.138000 99.245965
756.187000 98.927160
756.236000 98.920888
756.286000 99.115947
756.335000 99.130744
756.384000 98.974854
756.433000 98.955820
756.483000 99.108734
756.532000 98.882495
756.581000 99.210046
756.630000 99.061151
756.679000 98.816777
756.728000 99.009761
756.778000 98.838908
756.827000 98.725035
756.876000 99.196696
756.925000 98.856889
756.974000 99.053067
757.023000 99.071278
757.072000 98.866023
757.121000 99.233464
757.170000 98.942814
757.219000 99.081903
757.268000 99.037918
757.317000 98.811789
757.366000 98.890123
757.415000 99.036251
757.464000 98.974558
757.513000 99.077775
757.562000 99.100698
757.611000 98.979295
757.660000 98.979274
757.709000 98.752544
757.757000 98.821144
757.806000 98.718103
757.855000 98.704487
757.904000 98.850768
757.953000 99.008275
758.002000 98.718722
758.050000 98.670381
758.099000 98.868121
758.148000 99.093888
758.197000 98.937440
758.245000 99.065012
758.294000 98.681657
758.343000 98.812493
758.391000 98.728542
758.440000 98.587734
758.489000 98.823405
758.537000 98.976301
758.586000 98.761058
758.635000 98.833257
758.683000 98.935525
758.732000 98.796799
758.780000 98.816915
758.829000 99.131149
758.877000 98.808561
758.926000 98.783898
758.974000 99.003350
759.023000 99.180670
759.071000 98.900028
759.120000 98.739228
759.168000 98.779277
759.217000 99.119230
759.265000 98.952944
759.313000 98.609102
759.362000 98.734839
759.410000 98.731353
759.459000 98.986388
759.507000 98.495556
759.555000 98.673704
759.604000 98.649195
759.652000 98.708324
759.700000 98.861173
759.748000 98.618248
759.797000 98.658160
759.845000 98.535457
759.893000 98.630821
759.941000 98.832041
759.990000 98.673344
760.038000 98.605491
760.086000 98.641175
760.134000 98.655229
760.182000 98.770551
760.230000 98.839420
760.279000 98.714125
760.327000 98.576919
760.375000 98.594497
760.423000 98.678182
760.471000 98.556099
760.519000 98.625996
760.567000 98.877674
760.615000 98.633756
760.663000 98.306225
760.711000 98.932630
760.759000 98.576143
760.807000 98.651733
760.855000 98.398089
760.903000 98.683908
760.951000 98.350407
760.999000 98.622287
761.046000 98.645485
761.094000 98.423077
761.142000 98.527192
761.190000 98.663039
761.238000 98.562134
761.286000 98.461415
761.333000 98.804839
761.381000 98.415793
761.429000 98.713224
761.477000 98.443004
761.524000 98.616567
761.572000 98.470863
761.620000 98.402402
761.668000 98.511893
761.715000 98.295087
761.763000 98.441952
761.811000 98.363978
761.858000 98.423810
761.906000 98.301115
761.953000 98.338797
762.001000 98.283162
762.049000 98.331338
762.096000 98.236499
762.144000 98.216957
762.191000 98.393068
762.239000 98.329545
762.286000 98.289837
762.334000 98.403001
762.381000 98.174777
762.429000 98.341286
762.476000 98.227389
762.524000 98.245701
762.571000 98.321855
762.618000 98.183896
762.666000 98.279448
762.713000 98.201979
762.760000 98.352560
762.808000 98.291472
762.855000 98.373809
762.902000 98.091465
762.950000 98.397344
762.997000 98.143553
763.044000 98.178032
763.091000 98.111746
763.139000 98.167729
763.186000 97.889028
763.233000 98.238080
763.280000 98.253332
763.327000 97.957397
763.375000 98.187937
763.422000 98.230210
763.469000 97.973555
763.516000 97.857662
763.563000 97.975437
763.610000 98.146108
763.657000 98.161866
763.704000 98.091424
763.751000 98.114353
763.798000 98.056737
763.845000 98.091035
763.892000 98.299952
763.939000 97.805602
763.986000 98.029719
764.033000 97.894525
764.080000 97.719809
764.127000 98.286252
764.174000 98.171263
764.221000 97.725435
764.268000 98.159794
764.314000 97.994667
764.361000 98.062763
764.408000 98.019172
764.455000 97.932955
764.502000 97.778600
764.549000 97.962115
764.595000 97.833865
764.642000 97.888498
764.689000 97.908346
764.735000 98.340536
764.782000 97.863331
764.829000 97.950981
764.875000 98.009343
764.922000 97.716942
764.969000 97.984515
765.015000 97.774616
765.062000 97.746146
765.109000 97.788545
765.155000 97.476330
765.202000 97.907144
765.248000 97.683558
765.295000 97.642554
765.341000 97.899003
765.388000 98.001979
765.434000 97.566239
765.481000 97.680585
765.527000 97.747678
765.574000 97.710391
765.620000 97.760831
765.666000 97.719187
765.713000 97.721857
765.759000 97.492213
765.806000 97.502998
765.852000 97.647125
765.898000 97.706175
765.945000 97.589333
765.991000 97.785375
766.037000 97.634040
766.083000 97.753237
766.130000 97.650573
766.176000 97.442662
766.222000 97.438403
766.268000 97.687863
766.314000 97.602873
766.361000 97.584291
766.407000 97.590825
766.453000 97.384074
766.499000 97.620011
766.545000 97.466990
766.591000 97.416445
766.637000 97.623009
766.683000 97.343673
766.729000 97.307188
766.775000 97.429199
766.821000 97.678001
766.867000 97.514752
766.913000 97.525660
766.959000 97.713052
767.005000 97.341379
767.051000 97.458946
767.097000 97.400794
767.143000 97.294902
767.189000 97.282200
767.235000 97.219480
767.281000 97.610802
767.327000 97.311977
767.372000 97.248219
767.418000 97.388557
767.464000 97.531345
767.510000 97.311254
767.555000 97.342893
767.601000 97.384879
767.647000 97.374139
767.693000 97.290692
767.738000 97.575060
767.784000 97.223714
767.830000 97.189566
767.875000 97.381306
767.921000 97.276693
767.967000 97.275799
768.012000 97.033270
768.058000 97.244899
768.103000 97.323836
768.149000 97.308940
768.194000 97.303835
768.240000 97.159004
768.285000 97.133381
768.331000 97.224741
768.376000 97.455228
768.422000 97.324398
768.467000 97.117186
768.513000 97.172627
768.558000 97.264987
768.603000 97.215977
768.649000 97.280286
768.694000 97.436543
768.740000 97.350266
768.785000 97.092276
768.830000 97.288370
768.875000 97.164533
768.921000 96.859156
768.966000 96.955276
769.011000 97.346090
769.056000 97.176041
769.102000 96.827275
769.147000 97.014449
769.192000 97.094248
769.237000 96.960683
769.282000 97.215134
769.327000 97.138024
769.373000 97.183953
769.418000 97.080299
769.463000 97.135879
769.508000 97.003916
769.553000 97.027305
769.598000 97.008105
769.643000 97.035142
769.688000 97.184946
769.733000 97.196541
769.778000 97.030897
769.823000 97.041706
769.868000 96.953274
769.913000 97.103349
769.958000 97.049253
770.003000 96.974870
770.047000 96.992813
770.092000 97.170956
770.137000 97.229747
770.182000 97.056270
770.227000 96.908838
770.271000 97.140663
770.316000 97.134790
770.361000 96.738190
770.406000 97.022176
770.450000 96.980326
770.495000 97.157631
770.540000 97.102140
770.585000 96.985349
770.629000 96.980401
770.674000 96.797320
770.718000 97.085302
770.763000 97.067586
770.808000 96.947480
770.852000 97.230443
770.897000 96.739899
770.941000 96.845410
770.986000 96.971446
771.030000 96.965794
771.075000 97.033435
771.119000 96.921555
771.164000 96.652193
771.208000 97.062803
771.253000 96.949336
771.297000 96.998068
771.341000 97.003910
771.386000 97.281892
771.430000 97.262367
771.475000 96.835738
771.519000 96.856220
771.563000 97.226891
771.607000 96.872862
771.652000 96.930817
771.696000 97.005834
771.740000 96.791639
771.784000 97.045876
771.829000 96.905920
771.873000 96.818806
771.917000 96.725373
771.961000 97.147403
772.005000 97.043836
772.049000 97.033394
772.094000 96.923566
772.138000 96.777117
772.182000 96.732873
772.226000 97.148305
772.270000 96.929693
772.314000 97.125718
772.358000 96.882527
772.402000 97.029255
772.446000 96.955239
772.490000 96.519570
772.534000 97.052454
772.578000 96.957604
772.622000 96.852642
772.665000 96.841101
772.709000 96.986407
772.753000 96.969364
772.797000 96.908048
772.841000 97.076618
772.885000 97.219619
772.928000 97.203550
772.972000 96.994922
773.016000 96.842318
773.060000 96.879529
773.103000 96.906993
773.147000 97.105263
773.191000 96.979563
773.234000 96.774137
773.278000 97.162754
773.322000 96.921196
773.365000 97.166267
773.409000 96.902928
773.452000 97.256955
773.496000 97.159747
773.540000 97.165025
773.583000 97.138785
773.627000 96.994053
773.670000 97.040688
773.714000 97.172101
773.757000 97.115305
773.801000 96.943174
773.844000 97.021997
773.887000 97.281738
773.931000 96.962247
773.974000 96.763050
774.018000 97.071371
774.061000 97.126608
774.104000 97.024843
774.148000 97.284967
774.191000 97.249569
774.234000 97.219569
774.277000 97.150292
774.321000 97.277553
774.364000 97.061799
774.407000 97.291106
774.450000 97.352968
774.493000 97.553909
774.537000 97.099269
774.580000 97.099236
774.623000 97.162162
774.666000 97.317133
774.709000 97.562459
774.752000 97.214230
774.795000 97.206700
774.838000 97.404825
774.881000 97.476571
774.924000 97.515968
774.967000 96.992413
775.010000 97.645402
775.053000 97.412175
775.096000 97.418528
775.139000 97.361126
775.182000 97.566461
775.225000 97.161323
775.268000 97.472946
775.310000 97.438509
775.353000 97.503495
775.396000 97.445716
775.439000 97.607001
775.482000 97.642976
775.524000 97.555230
775.567000 97.499121
775.610000 97.570076
775.653000 97.773543
775.695000 97.570912
775.738000 97.513460
775.781000 97.329974
775.823000 97.646080
775.866000 97.768116
775.908000 97.803196
775.951000 97.651234
775.994000 97.513110
776.036000 97.650838
776.079000 97.588389
776.121000 97.472059
776.164000 97.434060
776.206000 97.776230
776.249000 97.444859
776.291000 97.487582
776.333000 97.841170
776.376000 97.672933
776.418000 97.845177
776.461000 97.808258
776.503000 97.583372
776.545000 97.572634
776.588000 97.986834
776.630000 97.767935
776.672000 97.827583
776.714000 97.895190
776.757000 97.946088
776.799000 97.945437
776.841000 97.609895
776.883000 97.686475
776.926000 97.673488
776.968000 97.807200
777.010000 98.448853
777.052000 97.785926
777.094000 97.801479
777.136000 97.870589
777.178000 97.760456
777.213000 98.014232
777.261000 98.292579
777.309000 98.186392
777.358000 98.358591
777.406000 98.098870
777.454000 98.311812
777.502000 98.443020
777.550000 98.356769
777.598000 98.173361
777.646000 98.112122
777.694000 98.267459
777.742000 98.100790
777.790000 98.177429
777.838000 98.324336
777.886000 98.045224
777.934000 98.358058
777.982000 98.040638
778.030000 98.171416
778.078000 98.311264
778.126000 98.389184
778.174000 98.498477
778.222000 98.464335
778.270000 98.364728
778.318000 98.625527
778.366000 98.443661
778.414000 98.238413
778.462000 98.150908
778.510000 98.357600
778.557000 98.611883
778.605000 98.311209
778.653000 97.983461
778.701000 98.467421
778.749000 98.279922
778.796000 98.473405
778.844000 98.598669
778.892000 98.362732
778.940000 98.570291
778.987000 98.174475
779.035000 98.419304
779.083000 98.467449
779.130000 98.479092
779.178000 98.439999
779.226000 98.308092
779.273000 98.344890
779.321000 98.657709
779.369000 98.817278
779.416000 98.488256
779.464000 98.661686
779.511000 98.547087
779.559000 98.453541
779.607000 98.499432
779.654000 98.373053
779.702000 98.660019
779.749000 98.225143
779.797000 98.392433
779.844000 98.788445
779.892000 98.763545
779.939000 98.500314
779.987000 98.437894
780.034000 98.533170
780.081000 98.428899
780.129000 98.554927
780.176000 98.308278
780.224000 98.616625
780.271000 98.399017
780.318000 98.592787
780.366000 98.583450
780.413000 98.647526
780.460000 98.502086
780.508000 98.559229
780.555000 98.504319
780.602000 98.327371
780.650000 98.521863
780.697000 98.634853
780.744000 98.432511
780.791000 98.480234
780.839000 98.578739
780.886000 98.133138
780.933000 98.265610
780.980000 98.188566
781.027000 98.554939
781.074000 98.635240
781.122000 98.551968
781.169000 98.346726
781.216000 98.231634
781.263000 98.501537
781.310000 98.358226
781.357000 98.294203
781.404000 98.162011
781.451000 98.290080
781.498000 98.170957
781.545000 98.207954
781.592000 98.589606
781.639000 98.275896
781.686000 98.337778
781.733000 98.118518
781.780000 98.359192
781.827000 98.357855
781.874000 98.307156
781.921000 98.493183
781.968000 98.235588
782.015000 98.074281
782.062000 98.089860
782.108000 98.163403
782.155000 97.844695
782.202000 98.194876
782.249000 98.477235
782.296000 98.161264
782.342000 97.803947
782.389000 97.960627
782.436000 97.839685
782.483000 97.900865
782.530000 97.971650
782.576000 97.865102
782.623000 97.907174
782.670000 97.930220
782.716000 97.862206
782.763000 97.785281
782.810000 97.987944
782.856000 97.670291
782.903000 98.023955
782.950000 97.874026
782.996000 97.617565
783.043000 97.462293
783.089000 97.645894
783.136000 97.757513
783.182000 97.573550
783.229000 97.588198
783.275000 97.289404
783.322000 97.556221
783.368000 97.585218
783.415000 97.403515
783.461000 97.479189
783.508000 97.487911
783.554000 97.265862
783.601000 97.420675
783.647000 97.345789
783.694000 97.523922
783.740000 96.891358
783.786000 97.066305
783.833000 97.357489
783.879000 97.451574
783.925000 97.022558
783.972000 97.084552
784.018000 97.271089
784.064000 97.267551
784.111000 97.026624
784.157000 97.140558
784.203000 96.919156
784.249000 96.999517
784.295000 97.221207
784.342000 96.942267
784.388000 96.931517
784.434000 96.930034
784.480000 96.730815
784.526000 96.824783
784.572000 96.730180
784.619000 96.791271
784.665000 96.699192
784.711000 96.804278
784.757000 96.818849
784.803000 96.736227
784.849000 96.540404
784.895000 96.502120
784.941000 96.530399
784.987000 96.508160
785.033000 96.668069
785.079000 96.451341
785.125000 96.674574
785.171000 96.565545
785.217000 96.546375
785.263000 96.442649
785.309000 96.393129
785.355000 96.257113
785.401000 96.306488
785.446000 96.508758
785.492000 96.324702
785.538000 96.587541
785.584000 96.215983
785.630000 96.113465
785.676000 96.359036
785.721000 96.126481
785.767000 96.042826
785.813000 96.163189
785.859000 96.004533
785.904000 96.311099
785.950000 96.310050
785.996000 96.122814
786.041000 96.014111
786.087000 95.969458
786.133000 96.087295
786.178000 95.768440
786.224000 95.929744
786.270000 96.038683
786.315000 95.757734
786.361000 95.973094
786.406000 95.800175
786.452000 95.905987
786.497000 95.866702
786.543000 95.625743
786.589000 95.751179
786.634000 95.781657
786.680000 95.873884
786.725000 95.711236
786.770000 95.904388
786.816000 95.617864
786.861000 96.036338
786.907000 95.690168
786.952000 95.701221
786.998000 95.479123
787.043000 95.788680
787.088000 95.591112
787.134000 95.549248
787.179000 95.104009
787.224000 95.602174
787.270000 95.266043
787.315000 95.656942
787.360000 95.317991
787.405000 95.409252
787.451000 95.479268
787.496000 95.634658
787.541000 95.318174
787.586000 95.451106
787.631000 95.704091
787.677000 95.290369
787.722000 95.193780
787.767000 95.445379
787.812000 95.430882
787.857000 95.391515
787.902000 95.262826
787.947000 95.231176
787.992000 95.007170
788.037000 95.016902
788.082000 95.413164
788.127000 95.207485
788.172000 95.438711
788.217000 95.163029
788.262000 95.280841
788.307000 95.194465
788.352000 95.050605
788.397000 95.218303
788.442000 95.223113
788.487000 95.448570
788.532000 95.434110
788.577000 95.333340
788.622000 95.139190
788.667000 95.163130
788.711000 95.229773
788.756000 95.230583
788.801000 95.740436
788.846000 95.156686
788.891000 95.402569
788.935000 95.029933
788.980000 95.190177
789.025000 95.432245
789.070000 95.213572
789.114000 95.370129
789.159000 95.196562
789.204000 95.391219
789.248000 95.066122
789.293000 95.592758
789.337000 95.627929
789.382000 95.423499
789.427000 95.251708
789.471000 95.301018
789.516000 95.611749
789.560000 95.141511
789.605000 95.361272
789.649000 95.398660
789.694000 95.463393
789.738000 95.579874
789.783000 95.381523
789.827000 95.155540
789.872000 95.396245
789.916000 95.268962
789.961000 95.348131
790.005000 95.185775
790.049000 95.365582
790.094000 95.312597
790.138000 95.394285
790.183000 95.487442
790.227000 95.385778
790.271000 95.423102
790.315000 95.615479
790.360000 95.499573
790.404000 95.774432
790.448000 95.230585
790.492000 95.385832
790.537000 95.655074
790.581000 95.543717
790.625000 95.683096
790.669000 95.447287
790.713000 95.649182
790.758000 95.543769
790.802000 95.645710
790.846000 95.549030
790.890000 95.566558
790.934000 95.530256
790.978000 95.519574
791.022000 95.668144
791.066000 95.715804
791.110000 95.860637
791.154000 95.720931
791.198000 95.694775
791.242000 95.782940
791.286000 95.748168
791.330000 95.545888
791.374000 95.730116
791.418000 95.814715
791.462000 95.942822
791.506000 95.941190
791.550000 95.497405
791.593000 95.747593
791.637000 95.861107
791.681000 95.906364
791.725000 95.955195
791.769000 96.005684
791.812000 95.966014
791.856000 96.054275
791.900000 95.950977
791.944000 96.362812
791.987000 96.003980
792.031000 96.058761
792.075000 96.230023
792.118000 95.948972
792.162000 96.111422
792.206000 96.116430
792.249000 96.031714
792.293000 96.115939
792.337000 96.360704
792.380000 96.071798
792.424000 95.982016
792.467000 96.086756
792.511000 96.585588
792.554000 96.090399
792.598000 96.265969
792.641000 96.442870
792.685000 96.157102
792.728000 96.404809
792.772000 96.168106
792.815000 96.503300
792.859000 95.915937
792.902000 96.412199
792.945000 96.649711
792.989000 96.313508
793.032000 96.556857
793.075000 96.337767
793.119000 96.432526
793.162000 96.317904
793.205000 96.674147
793.248000 96.462950
793.292000 96.535390
793.335000 96.633199
793.378000 96.831979
793.421000 96.699321
793.465000 96.674483
793.508000 96.517083
793.551000 96.844490
793.594000 96.757832
793.637000 96.581066
793.680000 96.824513
793.723000 97.104338
793.766000 96.552218
793.810000 96.824496
793.853000 97.117772
793.896000 96.739565
793.939000 97.192012
793.982000 97.004810
794.025000 96.678061
794.068000 96.984025
794.111000 97.172447
794.153000 97.130927
794.196000 96.921082
794.239000 96.947688
794.282000 96.839567
794.325000 97.002823
794.368000 97.291405
794.411000 96.918838
794.454000 97.222659
794.496000 97.296881
794.539000 97.202902
794.582000 97.088972
794.625000 97.752642
794.667000 97.176063
794.710000 97.070027
794.753000 96.964131
794.796000 97.438464
794.838000 97.326652
794.881000 97.446941
794.924000 97.188690
794.966000 97.403775
795.009000 97.207174
795.051000 97.102712
795.094000 97.025385
795.137000 97.434445
795.179000 97.233201
795.222000 97.644000
795.264000 97.379052
795.307000 97.597249
795.349000 97.633445
795.392000 97.476259
795.434000 97.373780
795.477000 97.637166
795.519000 97.783861
795.561000 97.676577
795.604000 97.494167
795.646000 97.485837
795.689000 97.413234
795.731000 97.636770
795.773000 97.656314
795.816000 97.886241
795.858000 97.815395
795.900000 97.716755
795.942000 98.090243
795.985000 97.762615
796.027000 97.683282
796.069000 97.594267
796.111000 97.630370
796.153000 97.776081
796.196000 97.823151
796.238000 97.936252
796.280000 97.746206
796.322000 97.775182
796.364000 98.045151
796.406000 97.882948
796.448000 98.023105
796.490000 98.200395
796.532000 98.326751
796.574000 97.827896
796.616000 98.274121
796.658000 97.875638
796.700000 98.004115
796.742000 98.086059
796.784000 97.864140
796.826000 98.056479
796.868000 98.096976
796.910000 98.066252
796.952000 98.091997
796.994000 98.266125
797.036000 97.786291
797.077000 97.888548
797.119000 98.213655
797.161000 98.212049
797.203000 98.243353
797.245000 98.092092
797.286000 98.182626
797.328000 98.207702
797.370000 98.371661
797.411000 98.115709
797.453000 98.417341
797.495000 98.432600
797.536000 98.489963
797.578000 98.190333
797.620000 98.168798
797.661000 98.164584
797.703000 98.001476
797.744000 98.342728
797.786000 98.179290
797.827000 98.183648
797.869000 98.203765
797.910000 98.254316
797.952000 98.031434
797.993000 98.130364
798.035000 98.138875
798.076000 98.139898
798.118000 98.225716
798.159000 98.336957
798.200000 98.279274
798.242000 98.358424
798.283000 98.167887
798.324000 98.620639
798.366000 98.503232
798.407000 98.263988
798.448000 98.190855
798.490000 98.560133
798.531000 98.564067
798.572000 98.302112
798.613000 98.621979
798.655000 98.409064
798.683000 98.439849
798.729000 98.471773
798.774000 98.185139
798.819000 98.484973
798.865000 98.284589
798.910000 98.332184
798.956000 98.128907
799.001000 98.294103
799.046000 98.108924
799.092000 98.418244
799.137000 98.184867
799.182000 98.289137
799.228000 98.342837
799.273000 98.392941
799.318000 98.102593
799.363000 98.308980
799.409000 98.304262
799.454000 98.468001
799.499000 98.521873
799.544000 98.398619
799.589000 98.127171
799.634000 98.315798
799.680000 98.354171
799.725000 98.562543
799.770000 98.549134
799.815000 98.342495
799.860000 98.514676
799.905000 98.463273
799.950000 98.394245
799.995000 98.387204
800.040000 98.289692
800.085000 98.445441
800.130000 98.465451
800.175000 98.556585
800.220000 98.353557
800.265000 98.279569
800.310000 98.421576
800.355000 98.462774
800.400000 98.074962
800.445000 98.460758
800.490000 98.482815
800.535000 98.371191
800.580000 98.301614
800.625000 98.506496
800.670000 98.192292
800.714000 98.438348
800.759000 98.290528
800.804000 98.425867
800.849000 98.445151
800.894000 98.517181
800.938000 98.599410
800.983000 98.474310
801.028000 98.505127
801.073000 98.238102
801.117000 98.472950
801.162000 98.603597
801.207000 98.331781
801.252000 98.399489
801.296000 98.219828
801.341000 98.343390
801.385000 98.361237
801.430000 98.358139
801.475000 98.325066
801.519000 98.181366
801.564000 98.465567
801.608000 98.258982
801.653000 98.146642
801.698000 98.304685
801.742000 98.510139
801.787000 98.119505
801.831000 98.429210
801.876000 98.605389
801.920000 98.364671
801.965000 98.347038
802.009000 98.275271
802.053000 98.207414
802.098000 98.445778
802.142000 98.130636
802.187000 98.410000
802.231000 98.484188
802.275000 98.481898
802.320000 98.277594
802.364000 98.193108
802.409000 98.252792
802.453000 98.214017
802.497000 98.617156
802.541000 97.998808
802.586000 98.396560
802.630000 98.346286
802.674000 98.702856
802.718000 98.229902
802.763000 98.387347
802.807000 98.226031
802.851000 98.345383
802.895000 98.429598
802.939000 98.384566
802.984000 98.213664
803.028000 98.334228
803.072000 98.408712
803.116000 98.228621
803.160000 98.420757
803.204000 98.351490
803.248000 98.429640
803.292000 98.022211
803.336000 98.673522
803.380000 98.269770
803.424000 98.057169
803.468000 98.308983
803.512000 98.214342
803.556000 98.175046
803.600000 98.352708
803.644000 98.241742
803.688000 98.129104
803.732000 98.387758
803.776000 98.561746
803.820000 98.250028
803.864000 98.576482
803.907000 98.208928
803.951000 98.053458
803.995000 98.293928
804.039000 98.394513
804.083000 98.165590
804.127000 98.374522
804.170000 98.135958
804.214000 98.403252
804.258000 98.229850
804.302000 98.129240
804.345000 98.143283
804.389000 98.128558
804.433000 98.132873
804.476000 98.257918
804.520000 97.875347
804.564000 98.195920
804.607000 98.018844
804.651000 98.587161
804.694000 98.303273
804.738000 98.197255
804.782000 97.997572
804.825000 97.957132
804.869000 98.036659
804.912000 98.389543
804.956000 97.838470
804.999000 98.149931
805.043000 97.857217
805.086000 98.081974
805.130000 98.055293
805.173000 98.193197
805.217000 98.078668
805.260000 98.216996
805.303000 98.225008
805.347000 98.016774
805.390000 97.878525
805.434000 98.131920
805.477000 97.820695
805.520000 97.845735
805.564000 97.944579
805.607000 97.952791
805.650000 98.018443
805.693000 98.055945
805.737000 97.944614
805.780000 97.762987
805.823000 97.996745
805.866000 97.588083
805.910000 98.128844
805.953000 97.671459
805.996000 97.796050
806.039000 97.814141
806.082000 97.877703
806.125000 97.807641
806.168000 97.798241
806.212000 97.711910
806.255000 97.944372
806.298000 97.720899
806.341000 97.648901
806.384000 97.492124
806.427000 97.589730
806.470000 97.530751
806.513000 97.915749
806.556000 97.566166
806.599000 97.689288
806.642000 97.629349
806.685000 97.779555
806.728000 97.476066
806.770000 97.871432
806.813000 97.466361
806.856000 97.514415
806.899000 97.498576
806.942000 97.584295
806.985000 97.396254
807.028000 97.342688
807.070000 97.461646
807.113000 97.562395
807.156000 97.801834
807.199000 97.663330
807.242000 97.226184
807.284000 97.233490
807.327000 97.837043
807.370000 97.425590
807.412000 97.649681
807.455000 97.527767
807.498000 97.397509
807.540000 97.611040
807.583000 97.534049
807.626000 97.490681
807.668000 97.549869
807.711000 97.066742
807.753000 97.310171
807.796000 97.404499
807.838000 97.523064
807.881000 97.404770
807.923000 97.264219
807.966000 97.273311
808.008000 97.399280
808.051000 97.038738
808.093000 97.218181
808.136000 97.287860
808.178000 97.353173
808.221000 97.254749
808.263000 97.230755
808.305000 97.164773
808.348000 97.093675
808.390000 97.291376
808.432000 97.032067
808.475000 96.955784
808.517000 97.352175
808.559000 97.211480
808.602000 96.752736
808.644000 97.040385
808.686000 97.072127
808.728000 97.088869
808.771000 96.803629
808.813000 97.033910
808.855000 96.858619
808.897000 96.895965
808.939000 96.866600
808.981000 96.823414
809.023000 96.989083
809.066000 96.739608
809.108000 96.731679
809.150000 96.847268
809.192000 97.012150
809.234000 96.573799
809.276000 96.710671
809.318000 96.810622
809.360000 96.952412
809.402000 96.685008
809.444000 96.667817
809.486000 96.848725
809.528000 96.605739
809.570000 96.720149
809.612000 96.873531
809.653000 96.601751
809.695000 96.521912
809.737000 96.620108
809.779000 96.933899
809.821000 96.668575
809.863000 96.479668
809.905000 96.639232
809.946000 96.621964
809.988000 96.686612
810.030000 96.564386
810.072000 96.470729
810.113000 96.708220
810.155000 96.646348
810.197000 96.407163
810.238000 96.558819
810.280000 96.544998
810.322000 96.527831
810.363000 96.358112
810.405000 96.254943
810.447000 96.175308
810.488000 96.515091
810.530000 96.403976
810.571000 96.190520
810.613000 96.527539
810.654000 95.780066
810.696000 96.435417
810.737000 96.354982
810.779000 96.328909
810.820000 96.433160
810.862000 96.457579
810.903000 96.378900
810.945000 96.494994
810.986000 96.269433
811.027000 96.300116
811.069000 96.196984
811.110000 96.471350
811.151000 96.319725
811.193000 96.479220
811.234000 96.284407
811.275000 96.302375
811.317000 96.358810
811.358000 96.242201
811.399000 96.124597
811.440000 96.088281
811.482000 96.381056
811.523000 96.517828
811.564000 96.154175
811.605000 96.019751
811.646000 96.205707
811.687000 96.001763
811.728000 96.120362
811.770000 96.200802
811.811000 95.928135
811.852000 96.239439
811.893000 95.885448
811.934000 96.222692
811.975000 96.099437
812.016000 96.009598
812.057000 96.071768
812.098000 96.068268
812.139000 96.271569
812.180000 96.121959
812.221000 96.145995
812.262000 96.021893
812.302000 95.892547
812.343000 96.223992
812.384000 96.184750
812.425000 96.039724
812.466000 96.075333
812.507000 96.154447
812.548000 96.308315
812.588000 96.269292
812.629000 96.240722
812.670000 95.934179
812.711000 95.778309
812.751000 96.261272
812.792000 95.919289
812.833000 96.019048
812.873000 96.001164
812.914000 96.036450
812.955000 95.886355
812.995000 95.796960
813.036000 96.148368
813.077000 95.953930
813.117000 95.910456
813.158000 96.006949
813.198000 95.863947
813.239000 95.956986
813.279000 96.317845
813.320000 96.156188
813.360000 95.966577
813.401000 95.869325
813.441000 96.013139
813.482000 96.369011
813.522000 95.869155
813.562000 95.602508
813.603000 96.160105
813.643000 96.097052
813.684000 96.144880
813.724000 95.761087
813.764000 96.144261
813.805000 95.970876
813.845000 95.766231
813.885000 96.216990
813.925000 96.123880
813.966000 96.024559
814.006000 96.096852
814.046000 96.035530
814.086000 96.005425
814.126000 96.094755
814.167000 96.136218
814.207000 96.260918
814.247000 96.199939
814.287000 96.005422
814.327000 95.987379
814.367000 96.013705
814.407000 95.941499
814.447000 96.111733
814.487000 96.087603
814.527000 96.101266
814.567000 96.022880
814.607000 96.196696
814.647000 96.275798
814.687000 96.181993
814.727000 96.145687
814.767000 96.084691
814.807000 96.075851
814.847000 96.227641
814.887000 96.081346
814.927000 96.101644
814.966000 95.972518
815.006000 96.275272
815.046000 96.360362
815.086000 96.321505
815.126000 96.289850
815.165000 96.565046
815.205000 96.310511
815.245000 96.274531
815.285000 96.482188
815.324000 96.043509
815.364000 96.529206
815.404000 96.093484
815.443000 96.317691
815.483000 96.276814
815.522000 96.199914
815.562000 96.288583
815.602000 96.592036
815.641000 96.189768
815.681000 96.324749
815.720000 96.315581
815.760000 96.454339
815.799000 96.652578
815.839000 96.373509
815.878000 96.488320
815.918000 96.387929
815.957000 96.254646
815.996000 96.401886
816.036000 96.471060
816.075000 96.614243
816.115000 96.666547
816.154000 96.552037
816.193000 96.590175
816.233000 96.371908
816.272000 96.542892
816.311000 96.555952
816.350000 96.414741
816.390000 96.541227
816.429000 96.602864
816.468000 96.482686
816.507000 96.519526
816.546000 96.667445
816.586000 96.731905
816.625000 96.501736
816.664000 96.519821
816.703000 96.846866
816.742000 96.851988
816.781000 96.939382
816.820000 96.678355
816.859000 96.683205
816.898000 96.590935
816.937000 96.463564
816.976000 96.372477
817.015000 96.578840
817.054000 96.915695
817.093000 97.034423
817.132000 96.632009
817.171000 96.697386
817.210000 96.803000
817.249000 96.661988
817.288000 96.787247
817.326000 96.683284
817.365000 96.946623
817.404000 96.700046
817.443000 96.766018
817.482000 96.842352
817.520000 96.789436
817.559000 96.548154
817.598000 96.905025
817.637000 97.142249
817.675000 97.026468
817.714000 96.899566
817.753000 96.989432
817.791000 96.941211
817.830000 97.070350
817.868000 96.851706
817.907000 97.090097
817.946000 97.238128
817.984000 97.144864
818.023000 96.925711
818.061000 97.091237
818.100000 96.872311
818.138000 96.836725
818.177000 97.239499
818.215000 97.030269
818.254000 97.252604
818.292000 96.829697
818.330000 97.111179
818.369000 96.759431
818.407000 96.803613
818.445000 97.016986
818.484000 97.067389
818.522000 96.923377
818.560000 97.368445
818.599000 97.148127
818.637000 96.890138
818.675000 97.030539
818.713000 97.465440
818.752000 97.340120
818.790000 97.090725
818.828000 96.987969
818.866000 97.214537
818.904000 97.250417
818.942000 97.458092
818.981000 97.194510
819.019000 97.302076
819.057000 97.112580
819.095000 97.148771
819.133000 97.290386
819.171000 97.375199
819.209000 97.238755
819.247000 97.154179
819.285000 97.243223
819.323000 97.087670
819.361000 97.229602
819.399000 97.500514
819.437000 97.261033
819.474000 97.265623
819.512000 97.383734
819.550000 97.265798
819.588000 97.455105
819.626000 97.447560
819.664000 97.376403
819.701000 97.485093
819.739000 97.473460
819.777000 97.200467
819.815000 97.362365
819.852000 97.569182
819.890000 97.595883
819.928000 97.547793
819.965000 97.383979
820.003000 97.573421
820.041000 97.282230
820.078000 97.308114
820.116000 97.285136
820.153000 97.791536
820.191000 97.665790
820.224000 97.532579
820.267000 97.525453
820.309000 97.787122
820.352000 97.443067
820.394000 97.598088
820.437000 97.587627
820.479000 97.525174
820.522000 97.711276
820.564000 97.513067
820.607000 97.439586
820.649000 97.499918
820.691000 97.593195
820.734000 97.547476
820.776000 97.318111
820.818000 97.515566
820.861000 98.007862
820.903000 97.815602
820.945000 97.449627
820.988000 97.369910
821.030000 97.806144
821.072000 97.794924
821.114000 97.834160
821.157000 97.949949
821.199000 97.402025
821.241000 97.711060
821.283000 97.612388
821.326000 97.492526
821.368000 97.691257
821.410000 97.789102
821.452000 97.523533
821.494000 97.710426
821.536000 97.737179
821.578000 97.661292
821.620000 97.635078
821.663000 97.669985
821.705000 97.533082
821.747000 97.788067
821.789000 97.660043
821.831000 97.705290
821.873000 97.777519
821.915000 97.824070
821.957000 97.745034
821.999000 97.678496
822.041000 97.711240
822.083000 97.533947
822.124000 97.973393
822.166000 97.563653
822.208000 97.674493
822.250000 97.800552
822.292000 97.716710
822.334000 97.625504
822.376000 97.601809
822.417000 97.642802
822.459000 97.627426
822.501000 97.471781
822.543000 97.380236
822.585000 97.845119
822.626000 97.716781
822.668000 97.630655
822.710000 97.585127
822.752000 97.504584
822.793000 97.356030
822.835000 97.447210
822.877000 97.313414
822.918000 97.507023
822.960000 97.535461
823.002000 97.463567
823.043000 97.689593
823.085000 97.417882
823.126000 97.664441
823.168000 97.890204
823.209000 97.535201
823.251000 97.753566
823.293000 97.487604
823.334000 97.538705
823.376000 97.662537
823.417000 97.608328
823.459000 97.643962
823.500000 97.720140
823.541000 97.773737
823.583000 97.683603
823.624000 97.633767
823.666000 97.476846
823.707000 97.593047
823.748000 97.390124
823.790000 97.675571
823.831000 97.566868
823.872000 97.820881
823.914000 97.455096
823.955000 97.480575
823.996000 97.370855
824.038000 97.661387
824.079000 97.534154
824.120000 97.561140
824.161000 97.920667
824.203000 97.778041
824.244000 97.554540
824.285000 97.294389
824.326000 97.691454
824.367000 97.463551
824.408000 97.509452
824.450000 97.547868
824.491000 97.432552
824.532000 97.414998
824.573000 97.322916
824.614000 97.799221
824.655000 97.507867
824.696000 97.635304
824.737000 97.602774
824.778000 97.583913
824.819000 97.464617
824.860000 97.666395
824.901000 97.355376
824.942000 97.396955
824.983000 97.673380
825.024000 97.713750
825.065000 97.521678
825.106000 97.690167
825.146000 97.591292
825.187000 97.587352
825.228000 97.609350
825.269000 97.797649
825.310000 97.428996
825.351000 97.248339
825.391000 97.744293
825.432000 97.555747
825.473000 97.494253
825.514000 97.529539
825.554000 97.408593
825.595000 97.717803
825.636000 97.679627
825.677000 97.719984
825.717000 97.575679
825.758000 97.677504
825.799000 97.657519
825.839000 97.729280
825.880000 97.479757
825.920000 97.764767
825.961000 97.538279
826.002000 97.282677
826.042000 97.560744
826.083000 97.390133
826.123000 97.606924
826.164000 97.373395
826.204000 97.543694
826.245000 97.444701
826.285000 97.651470
826.326000 97.500841
826.366000 97.331137
826.406000 97.539653
826.447000 97.343460
826.487000 97.296775
826.528000 97.735756
826.568000 97.652812
826.608000 97.564863
826.649000 97.512557
826.689000 97.394770
826.729000 97.576907
826.770000 97.630153
826.810000 97.641754
826.850000 97.340349
826.890000 97.423605
826.931000 97.748495
826.971000 97.746546
827.011000 97.576660
827.051000 97.452048
827.091000 97.373052
827.132000 97.610913
827.172000 97.427934
827.212000 97.372778
827.252000 97.616225
827.292000 97.453849
827.332000 97.280820
827.372000 97.327083
827.412000 97.452543
827.452000 97.432064
827.492000 97.386434
827.532000 97.581676
827.572000 97.575603
827.612000 97.570420
827.652000 97.452504
827.692000 97.276426
827.732000 97.729319
827.772000 97.355877
827.812000 97.445604
827.852000 97.706123
827.892000 97.297214
827.932000 97.305669
827.971000 96.901853
828.011000 97.430303
828.051000 97.218375
828.091000 97.315287
828.131000 97.715048
828.170000 97.195439
828.210000 97.440021
828.250000 97.279611
828.290000 97.211052
828.329000 97.267403
828.369000 97.270335
828.409000 97.516791
828.448000 97.546602
828.488000 97.569680
828.527000 97.388042
828.567000 97.130689
828.607000 97.430077
828.646000 97.312272
828.686000 97.487211
828.725000 97.656443
828.765000 97.339238
828.804000 97.405129
828.844000 97.265389
828.883000 97.456364
828.923000 97.036730
828.962000 97.094656
829.002000 97.137396
829.041000 97.328772
829.081000 97.761269
829.120000 97.519161
829.159000 97.400416
829.199000 97.164999
829.238000 97.569515
829.277000 97.320721
829.317000 97.408414
829.356000 97.373884
829.395000 97.537981
829.435000 97.352482
829.474000 97.186046
829.513000 97.291845
829.552000 97.207582
829.592000 97.503130
829.631000 97.235311
829.670000 97.334057
829.709000 97.478615
829.748000 97.029158
829.787000 97.485273
829.826000 97.312708
829.866000 97.454131
829.905000 97.537750
829.944000 97.259727
829.983000 97.333347
830.022000 97.545458
830.061000 97.212105
830.100000 97.505170
830.139000 97.413897
830.178000 97.437105
830.217000 97.305142
830.256000 97.332447
830.295000 97.136260
830.334000 97.202096
830.372000 97.135815
830.411000 97.100865
830.450000 97.232401
830.489000 97.289749
830.528000 97.133658
830.567000 97.372910
830.605000 97.108109
830.644000 97.497080
830.683000 97.563165
830.722000 97.419211
830.761000 97.098269
830.799000 97.361089
830.838000 97.363085
830.877000 96.921954
830.915000 97.669075
830.954000 97.089666
830.993000 97.323358
831.031000 96.963854
831.070000 97.263082
831.108000 97.044066
831.147000 97.313693
831.186000 97.316771
831.224000 97.243217
831.263000 97.208358
831.301000 97.318423
831.340000 97.267468
831.378000 97.212710
831.417000 97.424536
831.455000 97.204525
831.494000 97.525020
831.532000 97.193041
831.570000 97.222012
831.609000 97.238795
831.647000 97.348724
831.685000 97.099810
831.724000 97.230681
831.762000 97.102412
831.800000 97.234295
831.839000 97.328110
831.877000 97.172822
831.915000 97.421595
831.954000 97.299141
831.992000 97.121313
832.030000 97.001140
832.068000 97.056135
832.106000 97.312577
832.145000 97.184804
832.183000 97.173633
832.221000 97.100752
832.259000 96.966023
832.297000 97.301949
832.335000 97.410478
832.373000 97.255249
832.411000 97.390652
832.449000 96.996471
832.487000 97.154923
832.525000 96.965833
832.563000 97.366151
832.601000 96.999231
832.639000 97.331982
832.677000 97.141956
832.715000 96.950164
832.753000 97.310166
832.791000 96.865473
832.829000 97.074841
832.867000 97.170559
832.904000 97.024658
832.942000 96.998872
832.980000 97.410335
833.018000 97.110516
833.056000 97.126038
833.093000 96.909959
833.131000 97.178576
833.169000 97.189408
833.207000 96.846630
833.244000 97.181274
833.282000 96.843162
833.320000 97.430104
833.357000 96.888200
833.395000 97.101482
833.432000 96.949943
833.470000 97.392874
833.508000 97.022938
833.545000 96.985769
833.583000 97.102101
833.620000 96.851718
833.658000 96.977190
833.695000 97.195223
833.733000 96.951240
833.770000 97.188487
833.808000 97.070442
833.845000 96.713041
833.882000 97.088919
833.920000 96.989096
833.957000 97.164839
833.995000 96.962823
834.032000 96.867948
834.069000 97.301367
834.107000 96.834846
834.144000 96.957634
834.181000 96.935929
834.218000 97.340187
834.256000 96.823545
834.293000 96.858793
834.330000 96.850178
834.367000 96.891368
834.405000 96.877165
834.442000 96.964036
834.479000 96.846017
834.516000 96.942921
834.553000 96.830368
834.590000 96.861868
834.627000 96.725162
834.664000 97.140826
834.701000 96.809819
834.738000 96.927973
834.775000 97.076919
834.812000 97.038514
834.849000 96.655085
834.886000 96.927289
834.923000 97.036653
834.960000 96.708465
834.997000 96.974485
835.034000 97.095860
835.071000 96.810059
835.108000 96.720513
835.145000 96.869856
835.182000 97.136351
835.218000 96.415701
835.255000 97.119255
835.292000 96.843062
835.329000 97.071492
835.365000 97.074383
835.402000 96.933074
835.439000 97.009336
835.476000 97.349425
835.512000 96.903771
835.549000 97.092761
835.586000 96.776994
835.622000 96.896962
835.659000 96.884088
835.695000 96.706388
835.732000 96.876917
835.769000 97.036290
835.805000 96.785996
835.842000 96.669894
835.878000 97.123365
835.915000 97.116448
835.951000 97.008126
835.988000 97.133611
836.024000 97.019798
836.060000 96.827296
836.097000 96.835217
836.133000 96.888834
836.170000 96.713784
836.206000 96.989236
836.242000 96.899632
836.279000 96.937773
836.315000 96.985095
836.351000 96.885615
836.388000 97.044213
836.424000 96.712338
836.460000 97.075878
836.496000 96.883245
836.532000 96.974916
836.569000 97.179205
836.605000 96.928766
836.641000 96.772235
836.677000 96.725883
836.713000 97.205674
836.749000 96.841283
836.785000 96.768808
836.821000 97.023207
836.858000 97.026581
836.894000 96.872572
836.930000 97.237388
836.966000 97.092303
837.002000 97.677121
837.038000 97.187515
837.073000 97.046535
837.109000 97.060829
837.145000 97.123442
837.181000 96.867910
837.217000 97.125196
837.253000 97.210913
837.289000 96.913724
837.325000 97.044841
837.360000 97.212287
837.396000 96.912509
837.432000 97.007623
837.468000 96.893657
837.504000 97.224932
837.539000 97.233972
837.575000 97.424272
837.611000 97.366381
837.646000 96.939776
837.682000 97.017860
837.718000 97.059352
837.753000 97.053727
837.789000 97.156516
837.824000 97.133248
837.860000 97.062336
837.896000 97.097059
837.931000 97.308624
837.967000 97.226281
838.002000 97.002137
838.038000 97.105565
838.073000 97.178215
838.108000 97.175615
838.144000 97.143428
838.179000 97.002096
838.215000 97.276673
838.250000 97.243239
838.285000 97.230199
838.321000 97.023999
838.356000 96.912055
838.391000 97.251899
838.427000 97.134877
838.462000 97.307261
838.497000 97.147800
838.533000 97.665644
838.568000 97.040625
838.603000 97.228014
838.638000 97.143855
838.673000 96.971070
838.708000 97.181275
838.744000 97.358407
838.779000 97.622152
838.814000 97.518448
838.849000 97.420048
838.884000 97.411555
838.919000 97.256621
838.954000 97.341428
838.989000 97.439016
839.024000 97.507988
839.059000 97.336826
839.094000 97.366046
839.129000 97.410971
839.164000 97.342375
839.199000 97.293298
839.234000 97.392882
839.268000 97.269834
839.303000 97.445043
839.338000 97.655696
839.373000 97.140686
839.408000 97.627266
839.443000 97.504857
839.477000 97.894450
839.512000 97.522191
839.547000 97.372153
839.581000 97.596719
839.616000 97.753881
839.651000 97.574994
839.685000 97.450166
839.720000 97.620231
839.755000 97.585494
839.789000 97.329369
839.824000 97.363675
839.859000 97.469676
839.893000 97.535827
839.928000 97.209246
839.962000 97.409207
839.997000 97.327124
840.031000 97.437195
840.066000 97.862327
840.100000 97.659674
840.134000 97.390342
840.169000 97.666362
840.203000 97.505231
840.238000 97.796965
840.272000 97.635043
840.306000 97.756283
840.341000 97.679917
840.375000 97.574180
840.409000 97.566352
840.443000 98.035849
840.478000 97.839270
840.512000 97.414599
840.546000 97.575507
840.580000 97.465382
840.614000 97.865260
840.649000 97.728043
840.683000 97.737232
840.717000 97.471678
840.751000 97.710788
840.785000 97.886460
840.819000 97.786688
840.853000 97.758971
840.887000 97.472747
840.921000 97.565179
840.955000 97.668628
840.989000 97.488030
841.023000 98.090689
841.057000 97.990558
841.091000 97.390394
841.125000 97.664897
841.159000 97.729973
841.193000 97.826581
841.227000 97.676810
841.260000 97.681947
841.294000 97.708287
841.328000 98.122962
841.362000 97.697613
841.396000 98.068606
841.429000 97.768015
841.463000 97.511036
841.497000 97.667436
841.530000 97.919657
841.564000 97.993058
841.598000 97.740926
841.631000 97.810740
841.665000 97.858549
841.699000 97.788381
841.732000 97.798953
841.766000 97.822439
841.799000 97.772372
841.833000 97.771401
841.861000 97.822959
841.900000 97.882464
841.940000 97.824836
841.979000 98.005477
842.019000 98.031667
842.058000 97.792378
842.097000 97.381067
842.137000 97.832671
842.176000 98.156567
842.216000 97.437275
842.255000 97.716224
842.294000 97.491050
842.333000 97.630379
842.373000 97.976109
842.412000 97.867375
842.451000 98.037492
842.491000 97.763553
842.530000 98.149469
842.569000 97.601745
842.608000 97.907966
842.647000 98.004901
842.687000 97.848588
842.726000 97.909364
842.765000 97.815204
842.804000 97.815138
842.843000 97.995405
842.882000 97.847560
842.921000 97.662436
842.960000 97.840336
842.999000 97.977753
843.038000 97.847296
843.077000 97.960297
843.117000 97.823098
843.156000 97.811497
843.195000 97.917789
843.233000 97.778550
843.272000 97.776457
843.311000 97.718846
843.350000 97.948097
843.389000 97.713912
843.428000 97.751218
843.467000 97.904929
843.506000 97.579421
843.545000 97.566729
843.584000 97.428825
843.622000 97.729403
843.661000 97.581352
843.700000 97.640787
843.739000 97.570451
843.778000 97.610063
843.816000 97.808915
843.855000 97.754594
843.894000 97.585211
843.933000 97.674573
843.971000 97.589510
844.010000 97.684923
844.049000 97.646430
844.087000 97.530295
844.126000 97.367164
844.165000 97.550985
844.203000 97.605215
844.242000 97.623531
844.280000 97.291195
844.319000 97.513566
844.357000 97.635580
844.396000 97.327373
844.434000 97.393020
844.473000 97.555773
844.511000 97.433008
844.550000 97.548054
844.588000 97.504901
844.627000 97.292053
844.665000 97.246543
844.704000 97.281471
844.742000 97.544898
844.781000 97.421509
844.819000 97.345827
844.857000 97.386352
844.896000 97.419637
844.934000 97.539428
844.972000 97.355111
845.011000 97.395372
845.049000 97.234383
845.087000 97.602776
845.125000 97.328753
845.164000 97.462799
845.202000 97.397010
845.240000 97.672733
845.278000 97.751985
845.316000 97.316940
845.355000 97.492117
845.393000 97.247419
845.431000 97.280771
845.469000 97.326035
845.507000 97.267626
845.545000 97.374095
845.583000 97.501921
845.621000 97.192958
845.659000 97.062999
845.697000 97.242597
845.735000 97.228525
845.774000 97.414354
845.811000 96.912023
845.849000 96.739914
845.887000 97.202429
845.925000 97.176349
845.963000 97.232764
846.001000 96.893176
846.039000 97.222421
846.077000 97.070794
846.115000 97.340024
846.153000 96.961554
846.191000 96.969138
846.228000 97.063710
846.266000 97.001913
846.304000 96.984905
846.342000 97.079089
846.380000 96.772825
846.417000 97.141666
846.455000 96.807517
846.493000 97.082199
846.530000 96.891728
846.568000 96.819334
846.606000 97.031700
846.643000 97.005104
846.681000 97.041072
846.719000 97.021430
846.756000 97.081401
846.794000 96.888038
846.832000 96.916790
846.869000 96.798465
846.907000 97.269830
846.944000 96.769118
846.982000 96.703426
847.019000 96.822730
847.057000 96.833893
847.094000 96.663806
847.132000 96.539748
847.169000 96.940735
847.207000 96.589881
847.244000 96.715642
847.281000 96.357446
847.319000 96.563863
847.356000 96.678764
847.393000 96.625009
847.431000 96.659644
847.468000 96.718181
847.505000 96.578804
847.543000 96.549388
847.580000 96.415177
847.617000 96.461856
847.655000 96.575341
847.692000 96.138594
847.729000 96.392361
847.766000 96.649082
847.803000 96.583747
847.841000 96.569563
847.878000 96.295786
847.915000 96.426134
847.952000 96.243446
847.989000 96.400918
848.026000 96.366915
848.063000 96.383067
848.100000 96.149434
848.137000 96.120574
848.174000 96.105552
848.211000 96.164429
848.248000 96.164743
848.285000 96.229062
848.322000 96.005736
848.359000 96.079800
848.396000 96.089107
848.433000 95.971439
848.470000 95.688115
848.507000 95.828654
848.544000 95.792540
848.581000 95.740597
848.618000 95.861695
848.654000 95.450986
848.691000 95.990207
848.728000 95.407506
848.765000 95.637441
848.801000 95.609582
848.838000 95.326006
848.875000 95.417523
848.912000 95.184147
848.948000 95.560090
848.985000 95.174338
849.022000 95.263921
849.058000 95.087966
849.095000 95.108780
849.132000 95.078024
849.168000 94.749468
849.205000 95.066637
849.241000 94.857442
849.278000 94.746346
849.315000 94.741778
849.351000 94.541720
849.388000 94.293099
849.424000 94.396391
849.461000 94.274043
849.497000 94.291301
849.534000 94.143487
849.570000 94.408068
849.606000 93.806599
849.643000 93.635948
849.679000 93.567984
849.716000 93.832359
849.752000 93.568992
849.788000 93.300996
849.825000 93.322173
849.861000 93.080963
849.897000 92.946489
849.933000 92.950882
849.970000 92.709706
850.006000 92.950506
850.042000 92.505465
850.078000 92.517991
850.115000 92.191952
850.151000 92.178787
850.187000 91.922480
850.223000 91.592587
850.259000 91.525610
850.295000 91.417140
850.331000 91.406337
850.368000 90.995002
850.404000 90.901128
850.440000 90.684719
850.476000 90.828405
850.512000 90.320564
850.548000 90.335150
850.584000 90.195174
850.620000 89.880289
850.656000 89.822504
850.692000 89.403401
850.727000 89.323853
850.763000 88.948755
850.799000 88.836295
850.835000 88.656705
850.871000 88.427220
850.907000 88.270564
850.943000 88.045481
850.978000 87.646675
851.014000 87.347899
851.050000 87.096277
851.086000 86.956512
851.122000 86.633494
851.157000 86.526494
851.193000 86.033814
851.229000 85.771211
851.264000 85.589896
851.300000 85.460468
851.336000 84.806486
851.371000 84.811054
851.407000 84.468577
851.443000 83.996700
851.478000 83.541166
851.514000 83.665243
851.549000 83.229995
851.585000 82.777466
851.620000 82.493856
851.656000 82.257631
851.691000 81.575694
851.727000 81.430508
851.762000 80.795043
851.798000 80.819515
851.833000 80.256819
851.869000 79.900335
851.904000 79.601593
851.939000 79.135601
851.975000 78.965711
852.010000 78.453389
852.045000 78.057038
852.081000 77.774252
852.116000 77.564409
852.151000 76.801380
852.186000 76.587841
852.222000 76.102364
852.257000 75.752375
852.292000 75.329967
852.327000 74.796591
852.362000 74.286294
852.398000 73.986551
852.433000 73.483902
852.468000 72.927484
852.503000 72.686066
852.538000 72.163151
852.573000 71.649166
852.608000 71.169611
852.643000 70.710714
852.678000 70.256309
852.713000 69.925683
852.748000 69.606426
852.783000 68.985481
852.818000 68.391225
852.853000 67.858585
852.888000 67.440451
852.923000 66.853332
852.958000 66.640805
852.993000 66.038405
853.028000 65.628055
853.063000 65.055476
853.097000 64.411541
853.132000 64.153950
853.167000 63.428303
853.202000 63.154008
853.236000 62.445742
853.271000 62.019271
853.306000 61.540707
853.341000 61.078912
853.375000 60.544440
853.410000 59.853086
853.445000 59.583147
853.479000 58.822309
853.514000 58.476888
853.549000 57.761407
853.583000 57.447739
853.618000 56.912689
853.652000 56.306597
853.687000 55.874859
853.721000 55.305289
853.756000 54.828943
853.790000 54.308407
853.825000 53.708596
853.859000 53.219713
853.894000 52.847907
853.928000 52.320006
853.963000 51.845904
853.997000 51.262486
854.031000 50.786401
854.066000 50.415790
854.100000 49.700629
854.134000 49.117467
854.169000 48.790575
854.203000 48.232972
854.237000 47.893509
854.272000 47.299739
854.306000 46.693640
854.340000 46.129145
854.374000 45.747380
854.408000 45.268250
854.443000 44.798689
854.477000 44.451625
854.511000 43.712208
854.545000 43.342194
854.579000 42.816187
854.613000 42.347833
854.647000 41.934796
854.681000 41.336288
854.715000 40.942380
854.749000 40.503185
854.783000 40.046045
854.817000 39.489221
854.851000 38.970234
854.885000 38.630554
854.919000 38.186794
854.953000 37.743221
854.987000 37.248468
855.021000 36.868928
855.055000 36.458606
855.089000 35.938337
855.122000 35.504263
855.156000 34.961360
855.190000 34.662007
855.224000 34.172662
855.258000 33.851442
855.291000 33.477313
855.325000 32.991536
855.359000 32.677654
855.393000 32.212894
855.426000 31.826324
855.460000 31.428147
855.493000 30.954989
855.527000 30.539974
855.561000 30.293266
855.594000 29.828203
855.628000 29.412212
855.661000 28.987225
855.695000 28.699637
855.729000 28.377767
855.762000 28.043879
855.796000 27.625831
855.829000 27.229996
855.862000 27.029728
855.896000 26.622709
855.929000 26.294945
855.963000 25.893551
855.996000 25.614236
856.029000 25.233450
856.063000 24.942052
856.096000 24.618679
856.129000 24.286594
856.163000 23.939706
856.196000 23.662466
856.229000 23.273364
856.263000 23.026425
856.296000 22.692773
856.329000 22.416927
856.362000 22.114744
856.395000 21.860540
856.429000 21.471942
856.462000 21.201164
856.495000 20.952542
856.528000 20.797514
856.561000 20.371739
856.594000 20.120770
856.627000 19.871390
856.660000 19.636844
856.693000 19.371562
856.726000 19.132409
856.759000 18.856082
856.792000 18.613107
856.825000 18.322695
856.858000 18.121100
856.891000 17.896687
856.924000 17.636280
856.957000 17.423084
856.990000 17.231000
857.022000 16.932778
857.055000 16.670163
857.088000 16.454272
857.121000 16.335243
857.154000 16.054197
857.186000 15.909123
857.219000 15.611640
857.252000 15.387882
857.285000 15.238404
857.317000 14.984076
857.350000 14.818395
857.383000 14.610795
857.415000 14.413033
857.448000 14.231656
857.480000 14.074491
857.513000 13.855493
857.546000 13.657065
857.578000 13.572241
857.611000 13.294731
857.643000 13.120010
857.676000 12.961318
857.708000 12.737002
857.741000 12.639017
857.773000 12.487884
857.805000 12.294447
857.838000 12.093963
857.870000 12.024824
857.903000 11.827827
857.935000 11.647965
857.967000 11.497009
858.000000 11.403290
858.032000 11.240755
858.064000 11.057766
858.096000 10.911246
858.129000 10.777562
858.161000 10.631521
858.193000 10.507750
858.225000 10.370277
858.257000 10.251350
858.290000 10.099083
858.322000 9.971883
858.354000 9.833552
858.386000 9.703118
858.418000 9.615528
858.450000 9.445412
858.482000 9.340184
858.514000 9.226021
858.546000 9.103104
858.578000 9.006651
858.610000 8.877376
858.642000 8.760561
858.674000 8.667450
858.706000 8.516177
858.738000 8.399622
858.770000 8.341793
858.802000 8.232328
858.833000 8.094740
858.865000 8.009117
858.897000 7.893459
858.929000 7.810141
858.961000 7.735702
858.992000 7.614645
859.024000 7.528261
859.056000 7.416892
859.088000 7.314290
859.119000 7.237578
859.151000 7.135051
859.183000 7.076954
859.214000 7.005472
859.246000 6.876129
859.277000 6.826467
859.309000 6.734818
859.341000 6.609311
859.372000 6.569144
859.404000 6.466024
859.435000 6.416594
859.467000 6.335951
859.498000 6.269933
859.530000 6.147614
859.561000 6.082796
859.592000 6.031490
859.624000 5.981897
859.655000 5.855613
859.687000 5.790935
859.718000 5.766341
859.749000 5.668917
859.781000 5.611694
859.812000 5.557089
859.843000 5.488234
859.874000 5.403588
859.906000 5.353794
859.937000 5.286254
859.968000 5.215023
859.999000 5.161607
860.030000 5.090247
860.062000 5.042719
860.093000 4.970552
860.124000 4.894835
860.155000 4.875031
860.186000 4.824279
860.217000 4.773740
860.248000 4.704229
860.279000 4.669925
860.310000 4.578815
860.341000 4.543795
860.372000 4.494498
860.403000 4.442825
860.434000 4.366871
860.465000 4.350119
860.496000 4.311153
860.526000 4.247255
860.557000 4.209338
860.588000 4.152799
860.619000 4.106229
860.650000 4.071832
860.681000 4.011796
860.711000 3.977486
860.742000 3.917528
860.773000 3.904917
860.803000 3.827288
860.834000 3.816452
860.865000 3.763089
860.895000 3.717015
860.926000 3.684139
860.957000 3.623495
860.987000 3.600575
861.018000 3.554720
861.048000 3.569202
861.079000 3.481181
861.109000 3.425629
861.140000 3.412531
861.170000 3.388042
861.201000 3.352609
861.231000 3.321787
861.262000 3.283138
861.292000 3.226239
861.323000 3.208074
861.353000 3.181536
861.383000 3.146079
861.414000 3.110363
861.444000 3.058311
861.474000 3.032936
861.505000 3.048545
861.535000 2.983989
861.565000 2.942028
861.595000 2.910155
861.625000 2.890976
861.656000 2.875043
861.686000 2.828188
861.716000 2.814478
861.746000 2.778252
861.776000 2.747538
861.806000 2.740776
861.836000 2.726249
861.866000 2.678819
861.896000 2.645910
861.926000 2.616976
861.956000 2.606378
861.986000 2.602298
862.016000 2.560381
862.046000 2.530365
862.076000 2.504446
862.106000 2.479044
862.136000 2.471090
862.166000 2.421080
862.196000 2.412518
862.226000 2.396915
862.255000 2.376288
862.285000 2.334977
862.315000 2.325746
862.345000 2.320635
862.375000 2.278595
862.404000 2.265775
862.434000 2.247148
862.464000 2.216559
862.493000 2.207646
862.523000 2.191335
862.553000 2.158369
862.582000 2.137691
862.612000 2.115446
862.641000 2.119476
862.671000 2.090429
862.700000 2.070819
862.730000 2.050651
862.759000 2.028572
862.789000 2.009819
862.818000 1.990347
862.848000 1.988419
862.877000 1.965414
862.907000 1.934158
862.936000 1.923166
862.965000 1.896080
862.995000 1.897456
863.024000 1.880786
863.053000 1.867167
863.083000 1.854270
863.112000 1.846016
863.141000 1.827097
863.170000 1.793872
863.199000 1.806259
863.229000 1.782221
863.258000 1.744517
863.287000 1.751684
863.316000 1.719322
863.345000 1.726481
863.374000 1.718205
863.403000 1.696885
863.432000 1.686798
863.461000 1.691123
863.491000 1.650340
863.520000 1.628897
863.548000 1.645844
863.577000 1.629478
863.606000 1.609483
863.635000 1.585642
863.664000 1.577606
863.693000 1.559034
863.722000 1.561926
863.751000 1.545514
863.780000 1.529454
863.808000 1.532764
863.837000 1.509647
863.866000 1.493862
863.895000 1.476365
863.923000 1.478281
863.952000 1.469911
863.981000 1.449511
864.010000 1.443518
864.038000 1.434783
864.067000 1.422793
864.095000 1.414735
864.124000 1.414840
864.153000 1.386904
864.181000 1.383913
864.210000 1.364510
864.238000 1.354146
864.267000 1.348118
864.295000 1.359446
864.324000 1.333137
864.352000 1.333796
864.381000 1.306151
864.409000 1.301332
864.437000 1.297674
864.466000 1.292048
864.494000 1.288504
864.522000 1.269775
864.551000 1.271079
864.579000 1.258968
864.607000 1.251037
864.636000 1.244797
864.664000 1.232703
864.692000 1.233303
864.720000 1.215636
864.748000 1.211877
864.777000 1.224182
864.805000 1.191914
864.833000 1.191675
864.861000 1.175631
864.889000 1.162392
864.917000 1.160571
864.945000 1.171537
864.973000 1.157617
865.001000 1.136939
865.029000 1.142172
865.057000 1.120897
865.085000 1.121370
865.113000 1.119014
865.141000 1.105893
865.169000 1.105355
865.197000 1.095339
865.224000 1.095540
865.252000 1.093131
865.280000 1.088113
865.308000 1.070058
865.336000 1.071819
865.363000 1.066598
865.391000 1.051069
865.419000 1.054308
865.446000 1.034498
865.474000 1.032878
865.502000 1.034483
865.529000 1.036145
865.557000 1.034256
865.585000 1.011571
865.612000 1.015477
865.640000 1.002756
865.667000 0.997375
865.695000 0.984929
865.722000 1.000388
865.750000 0.985173
865.777000 0.974839
865.805000 0.981216
865.832000 0.976761
865.859000 0.966789
865.887000 0.963280
865.914000 0.954827
865.942000 0.946317
865.969000 0.941633
865.996000 0.935322
866.023000 0.946761
866.051000 0.938362
866.078000 0.929715
866.105000 0.916577
866.132000 0.930535
866.160000 0.920350
866.187000 0.913263
866.214000 0.904777
866.241000 0.906061
866.268000 0.907758
866.295000 0.900770
866.322000 0.883755
866.349000 0.900780
866.376000 0.879937
866.403000 0.888896
866.430000 0.873704
866.457000 0.864805
866.484000 0.868555
866.511000 0.865774
866.538000 0.853782
866.565000 0.862719
866.592000 0.856627
866.619000 0.856389
866.645000 0.846079
866.672000 0.828712
866.699000 0.846795
866.726000 0.823374
866.753000 0.839182
866.779000 0.827200
866.806000 0.825362
866.833000 0.820524
866.859000 0.798012
866.886000 0.813801
866.913000 0.813004
866.939000 0.798648
866.966000 0.803824
866.992000 0.814096
867.019000 0.800247
867.045000 0.794881
867.072000 0.794046
867.098000 0.792091
867.125000 0.788220
867.151000 0.785867
867.178000 0.783232
867.204000 0.787360
867.231000 0.782875
867.257000 0.771881
867.283000 0.788958
867.310000 0.771579
867.336000 0.774196
867.362000 0.750970
867.389000 0.758843
867.415000 0.757337
867.441000 0.763743
867.467000 0.741132
867.493000 0.750629
867.520000 0.744314
867.546000 0.745519
867.572000 0.738353
867.598000 0.735283
867.624000 0.747513
867.650000 0.736274
867.676000 0.730627
867.702000 0.728674
867.728000 0.725157
867.754000 0.724101
867.780000 0.726837
867.806000 0.728929
867.832000 0.715177
867.858000 0.704456
867.884000 0.716012
867.910000 0.724601
867.936000 0.700795
867.961000 0.711921
867.987000 0.712459
868.013000 0.720455
868.039000 0.695617
868.065000 0.706788
868.090000 0.698042
868.116000 0.690939
868.142000 0.706019
868.167000 0.695833
868.193000 0.692532
868.219000 0.700841
868.244000 0.681822
868.270000 0.684363
868.295000 0.682808
868.321000 0.669174
868.347000 0.680193
868.372000 0.690253
868.398000 0.675791
868.423000 0.682077
868.448000 0.678933
868.474000 0.667203
868.499000 0.679217
868.525000 0.674962
868.550000 0.670995
868.575000 0.665845
868.601000 0.652473
868.626000 0.666762
868.651000 0.665471
868.677000 0.646877
868.702000 0.675951
868.727000 0.659630
868.752000 0.656424
868.777000 0.660333
868.803000 0.661060
868.828000 0.663855
868.853000 0.653867
868.878000 0.645360
868.903000 0.656688
868.928000 0.654251
868.953000 0.646612
868.978000 0.649841
869.003000 0.649154
869.028000 0.637078
869.053000 0.641597
869.078000 0.644228
869.103000 0.642725
869.128000 0.642352
869.153000 0.636500
869.178000 0.627635
869.203000 0.626388
869.227000 0.628328
869.252000 0.636150
869.277000 0.626015
869.302000 0.625052
869.327000 0.625895
869.351000 0.631412
869.376000 0.629596
869.401000 0.634692
869.425000 0.611392
869.450000 0.629252
869.475000 0.631371
869.499000 0.624091
869.524000 0.623904
869.548000 0.622244
869.573000 0.626316
869.597000 0.618493
869.622000 0.617041
869.646000 0.617098
869.671000 0.625489
869.695000 0.618189
869.720000 0.597188
869.744000 0.620836
869.768000 0.619655
869.793000 0.610644
869.817000 0.597429
869.841000 0.599473
869.866000 0.593753
869.890000 0.595266
869.914000 0.611332
869.938000 0.604161
869.963000 0.595510
869.987000 0.596880
870.011000 0.612671
870.035000 0.583669
870.059000 0.598081
870.083000 0.591514
870.108000 0.600607
870.132000 0.580105
870.156000 0.597047
870.180000 0.591369
870.204000 0.603484
870.228000 0.587642
870.252000 0.583292
870.276000 0.606546
870.300000 0.580546
870.323000 0.599605
870.347000 0.568031
870.371000 0.603991
870.395000 0.602039
870.419000 0.582037
870.443000 0.590965
870.466000 0.596376
870.490000 0.594799
870.514000 0.600568
870.538000 0.574819
870.561000 0.582482
870.585000 0.583762
870.609000 0.593333
870.632000 0.601726
870.656000 0.575746
870.680000 0.586449
870.703000 0.584676
870.727000 0.585960
870.750000 0.582952
870.774000 0.591319
870.797000 0.561649
870.821000 0.587916
870.844000 0.588246
870.868000 0.589795
870.891000 0.569702
870.914000 0.562989
870.938000 0.578020
870.961000 0.585461
870.984000 0.570598
871.008000 0.565472
871.031000 0.573267
871.054000 0.573737
871.078000 0.586045
871.101000 0.597606
871.124000 0.576038
871.147000 0.580085
871.170000 0.579729
871.193000 0.591256
871.217000 0.585427
871.240000 0.568736
871.263000 0.577555
871.286000 0.576805
871.309000 0.551396
871.332000 0.566719
871.355000 0.571660
871.378000 0.575116
871.401000 0.571286
871.424000 0.579776
871.447000 0.579918
871.470000 0.571414
871.492000 0.588110
871.515000 0.562621
871.538000 0.589834
871.561000 0.573543
871.584000 0.575007
871.606000 0.574210
871.629000 0.563900
871.652000 0.591074
871.675000 0.572809
871.697000 0.567939
871.720000 0.570937
871.743000 0.558295
871.765000 0.575301
871.788000 0.582118
871.810000 0.561373
871.833000 0.582913
871.856000 0.577611
871.878000 0.559352
871.901000 0.549940
871.923000 0.578296
871.946000 0.554355
871.968000 0.574348
871.990000 0.566826
872.013000 0.557258
872.035000 0.553102
872.057000 0.576164
872.080000 0.566000
872.102000 0.556465
872.124000 0.558820
872.147000 0.557422
872.169000 0.567981
872.191000 0.558731
872.213000 0.569774
872.236000 0.554631
872.258000 0.554008
872.280000 0.561319
872.302000 0.569608
872.324000 0.555046
872.346000 0.560531
872.368000 0.562721
872.390000 0.566773
872.412000 0.568427
872.434000 0.552531
872.456000 0.550050
872.478000 0.584435
872.500000 0.582582
872.522000 0.561727
872.544000 0.560323
872.566000 0.568473
872.588000 0.565215
872.610000 0.558241
872.631000 0.580957
872.653000 0.553686
872.675000 0.570270
872.697000 0.581454
872.718000 0.542470
872.740000 0.567813
872.762000 0.544940
872.783000 0.556067
872.805000 0.560842
872.827000 0.559735
872.848000 0.555970
872.870000 0.557449
872.891000 0.564647
872.913000 0.563926
872.934000 0.557727
872.956000 0.552633
872.977000 0.570449
872.999000 0.561901
873.020000 0.563040
873.042000 0.556585
873.063000 0.566472
873.084000 0.575899
873.106000 0.565402
873.127000 0.575642
873.148000 0.546958
873.170000 0.561765
873.191000 0.566354
873.212000 0.559220
873.233000 0.565136
873.255000 0.565004
873.276000 0.568566
873.297000 0.573617
873.318000 0.585104
873.339000 0.590050
873.360000 0.584055
873.381000 0.576345
873.402000 0.565258
873.423000 0.553547
