          300   0.001052912
          301   0.000693956
          302   0.000505921
          303   0.000393625
          304    0.00033476
          305   0.000274999
          306   0.000250675
          307   0.000257037
          308   0.000250327
          309   0.000276791
          310   0.000313635
          311   0.000356603
          312   0.000466829
          313   0.000604391
          314   0.000818038
          315    0.00105331
          316   0.001448559
          317   0.002076378
          318   0.002877647
          319   0.004442227
          320   0.006723248
          321   0.009999941
          322   0.015367744
          323   0.023331218
          324   0.034663227
          325   0.053499226
          326   0.083505339
          327   0.129441425
          328   0.199876028
          329   0.301597461
          330   0.448799802
          331   0.650380765
          332   0.943478134
          333   1.359470982
          334   1.923181468
          335   2.697230827
          336   3.802832105
          337   5.155167563
          338   6.771655126
          339   9.487097677
          340   11.00049025
          370    75.4686178
          371   76.00868286
          372   76.16598294
          373   76.58714725
          374   76.77345995
          375   76.66247387
          376   76.79045334
          377   77.09203871
          378   77.01964395
          379   77.23128836
          380   77.30392115
          381   77.24998045
          382   77.42505283
          383    77.7741959
          384   78.01739332
          385   78.18936251
          386    78.3872589
          387   78.73463444
          388   79.03097086
          389   79.44287015
          390   79.46658663
          391   79.67932137
          392   79.77561118
          393   79.98524101
          394   80.24202328
          395   80.38277366
          396   80.56784767
          397    80.9360532
          398    80.7883846
          399   81.00337228
          400   81.18387078
          401   81.26932248
          402    81.4119537
          403   81.72682891
          404   81.89518099
          405   81.93133367
          406   82.07911874
          407   82.20933567
          408   82.19950189
          409   82.34782539
          410   82.38008023
          411   82.42053786
          412   82.62737886
          413   82.74707794
          414   82.58193369
          415   82.79254665
          416   82.85404309
          417   82.96769648
          418    82.8521493
          419   82.93912942
          420   82.98026492
          421   82.97835465
          422   82.95115771
          423   83.14206331
          424    82.9635514
          425   83.17712191
          426   83.19663645
          427   83.04450156
          428   83.14050352
          429   83.23755635
          430   83.03369587
          431   83.30715855
          432   83.28429962
          433   83.16010897
          434   83.08657472
          435   83.17239133
          436    83.1658281
          437   83.26409362
          438   83.33185762
          439   83.26529987
          440   83.13789231
          441   83.33720165
          442   83.21935932
          443   83.31129384
          444   83.33662054
          445   83.38399302
          446   83.36168466
          447   83.43536816
          448   83.47725006
          449   83.46264962
          450   83.51993322
          451   83.50414804
          452   83.49386988
          453   83.80075747
          454   83.66581027
          455   83.63961498
          456   83.62912827
          457    83.7515427
          458   83.68214684
          459   83.61914498
          460   83.69663499
          461   83.68534578
          462   83.64083956
          463   83.62394754
          464   83.62196313
          465   83.65451707
          466   83.74146304
          467    83.7433707
          468   83.78153183
          469    83.7745298
          470   83.77389463
          471   83.75882379
          472   83.73166628
          473   83.72595314
          474   83.61850829
          475   83.72423332
          476    83.7842317
          477    83.7551972
          478   83.67999008
          479   83.80365732
          480    83.6890012
          481   83.85918439
          482   83.68147409
          483   83.78027057
          484   83.68412623
          485   83.67270982
          486   83.80425959
          487   83.86926737
          488   83.79991658
          489   83.68847099
          490   83.74561488
          491   83.80456421
          492   83.86432156
          493   83.78658908
          494   83.73319867
          495   83.76609457
          496   83.84323138
          497   83.96315514
          498   83.93619301
          499   83.85892299
          500   83.95849748
          501    83.8927506
          502   83.91562072
          503   84.05650215
          504   83.94620035
          505   84.15519494
          506   84.16095532
          507   84.24143717
          508   84.11140975
          509   84.13419329
          510    84.1322719
          511   84.22937843
          512   84.31142879
          513   84.29776135
          514   84.36677273
          515   84.40334265
          516   84.50862382
          517   84.55009375
          518   84.53737085
          519   84.65161421
          520   84.68153926
          521   84.74821173
          522   84.74201578
          523   84.82647272
          524   84.94317382
          525    85.0170371
          526   85.16695926
          527   85.17121103
          528   85.29997322
          529   85.35742406
          530   85.44336457
          531   85.54501515
          532   85.53045597
          533   85.66587624
          534   85.76316927
          535   85.94897101
          536   85.94126538
          537   85.93856441
          538   86.00360798
          539   86.23877226
          540   86.39012409
          541   86.47521543
          542   86.44720173
          543   86.50439815
          544   86.66471171
          545   86.74375914
          546    86.8586571
          547   86.83900249
          548   86.96762687
          549   87.08463046
          550   87.19579312
          551   87.30353335
          552   87.28708449
          553   87.48373112
          554    87.6918459
          555   87.70308683
          556   87.75167465
          557    87.8604403
          558   88.00500658
          559   88.14014012
          560   88.11353415
          561   88.22229838
          562   88.33470127
          563   88.51351164
          564   88.61096596
          565   88.68300336
          566   88.83320687
          567   88.85516987
          568   88.89378336
          569   88.98790302
          570   89.04648964
          571    89.2067722
          572   89.32101753
          573   89.31433519
          574   89.36596683
          575   89.44821498
          576   89.62815407
          577   89.60880565
          578   89.66110878
          579   89.86560318
          580   89.84794456
          581   89.88996881
          582   90.08649883
          583    90.0167778
          584   90.02024797
          585   90.15115505
          586   90.18597956
          587   90.32774804
          588   90.45794716
          589   90.51110718
          590   90.46927232
          591   90.57806366
          592   90.63115866
          593   90.68317067
          594   90.64716519
          595   90.74910279
          596    90.7840547
          597     90.723064
          598   90.88185889
          599   90.83237113
          600   90.96305041
          601   90.82468767
          602   90.94206328
          603   91.05794188
          604   91.07959027
          605   91.03132956
          606   91.03753844
          607   91.02044783
          608   91.14783814
          609    91.1379994
          610   91.15012367
          611   91.12395185
          612   91.13195012
          613   91.18570552
          614   91.23109127
          615   91.19751132
          616   91.12265973
          617   91.19347289
          618   91.24434965
          619   91.22622223
          620   91.18411826
          621   91.28303277
          622   91.25336366
          623   91.21737591
          624   91.19146722
          625   91.19289842
          626   91.17776216
          627    91.2316988
          628   91.05408352
          629   91.05715452
          630    91.1265923
          631   91.06881003
          632   91.03532311
          633    91.0797747
          634   91.18402174
          635   91.06883904
          636   90.97165196
          637   91.02537165
          638   90.92180986
          639   90.98146544
          640   91.01150325
          641   90.87778168
          642   90.86960015
          643   90.94038044
          644    90.9450672
          645    90.8151333
          646   90.83767695
          647   90.86751617
          648   90.77309814
          649   90.83134219
          650   90.86910144
          651   90.92985684
          652   90.68094145
          653   90.73813617
          654   90.76000487
          655    90.5078572
          656   90.68737351
          657   90.46111937
          658   90.47295186
          659   90.60503682
          660   90.58679243
          661   90.44625508
          662   90.47831205
          663    90.5125041
          664   90.50318447
          665   90.54582823
          666   90.45372172
          667    90.3114411
          668   90.26019536
          669   90.35575309
          670   90.34142157
          671   90.16429126
          672   90.37589729
          673   90.32215312
          674   90.22460747
          675    90.2802381
          676   90.15663316
          677   90.10523414
          678   90.08436458
          679   90.26250136
          680   90.10461586
          681   90.13925789
          682   89.84580926
          683   89.97804077
          684    89.9061181
          685    90.0459852
          686    89.7899473
          687   89.70864513
          688   89.79489953
          689    89.5734537
          690   89.71017125
          691    89.6207624
          692   89.56775193
          693   89.55704379
          694   89.54447313
          695   89.55399183
          696   89.56019292
          697   89.49311799
          698    89.4273408
          699   89.40802312
          700   89.32746801
          701   89.31452047
          702   89.20826616
          703    89.1684288
          704   89.10536829
          705   89.17102693
          706   89.05546728
          707   89.09991769
          708   88.92742979
          709   88.90578775
          710   88.86993096
          711   88.80089314
          712   88.76946288
          713     88.729506
          714   88.83774764
          715   88.77117335
          716   88.81791892
          717   88.67527062
          718   88.59203651
          719   88.60280876
          720   88.32715589
          721   88.55601385
          722    88.3907873
          723   88.35905855
          724   88.22949542
          725   88.24724071
          726   88.12290802
          727   88.05758628
          728   88.14196613
          729   87.91026703
          730   88.03198841
          731   88.06026816
          732   87.82818872
          733   87.95186288
          734    87.9828369
          735   87.91173066
          736   87.79561113
          737   87.93376853
          738   87.81200011
          739   87.80590467
          740   87.68386697
          741   87.68229343
          742    87.7297588
          743    87.7168943
          744   87.39544973
          745   87.37710395
          746   87.44418278
          747   87.28051464
          748   87.34516671
          749   87.45697954
          750   87.43985771
          751   87.56571653
          752   87.54795626
          753   87.61712614
          754   87.66754562
          755   87.58545165
          756   87.54752031
          757   87.46866665
          758   87.72949127
          759   87.66218353
          760   87.80296932
          761    87.7874663
          762   87.54586348
          763   87.59210313
          764   87.48917355
          765   87.39246856
          766   87.38238002
          767   87.30203217
          768   87.43877033
          769   87.32334101
          770   87.12647926
          771   87.27308426
          772   87.12594723
          773   87.13949296
          774   87.05383692
          775   86.97874257
          776   86.99850373
          777    86.8291279
          778   86.90585561
          779   86.96682326
          780   86.82517332
          781   86.89223752
          782    86.8304609
          783   86.76488117
          784   86.79474238
          785    86.9756518
          786   86.86907119
          787   86.91047051
          788    86.8570937
          789   86.97876769
          790   86.95888349
          791   86.82758208
          792   86.66264628
          793   86.62583009
          794   86.85234244
          795   86.85804872
          796   86.93060919
          797    86.8023476
          798   86.75903332
          799   86.81070945
          800   87.06000542
          801   86.78984813
          802    86.6727362
          803   86.76562799
          804   86.80236205
          805   86.77380282
          806   86.61764482
          807   86.68026583
          808   86.71778334
          809   86.61200833
          810   86.63759188
          811   86.58889588
          812   86.65667837
          813   86.63879137
          814   86.78666545
          815   86.62805881
          816     86.659985
          817   86.68169321
          818   86.70524103
          819   86.60751131
          820   86.64328289
          821   86.71578039
          822   86.62751105
          823   86.54147328
          824   86.53959665
          825   86.60802965
          826   86.43100462
          827   86.62926246
          828   86.47361778
          829   86.42653721
          830   86.39277572
          831    86.2261985
          832   86.31018559
          833   86.17352745
          834   86.27186097
          835   86.18642512
          836   86.17066855
          837   86.08397985
          838   86.00376653
          839    85.9943367
          840   85.84439821
          841   85.77616623
          842   85.75645572
          843   85.82613107
          844   85.66282861
          845   85.60585733
          846   85.53968575
          847   85.56646447
          848   85.48634472
          849    85.4519134
          850   85.34182145
          851   85.29372406
          852   85.27729674
          853   85.11361984
          854   85.07435592
          855     84.996605
          856   85.00324231
          857   85.04007584
          858   85.00052988
          859   85.01409849
          860   85.04964327
          861   85.14139125
          862   85.23105424
          863    85.1892371
          864   85.21116199
          865   85.00211427
          866   85.09188351
          867   85.18978408
          868   85.28415499
          869   85.25734676
          870   85.28080935
          871   85.28039269
          872   85.28342997
          873   85.34738687
          874   85.23738473
          875   85.26691791
          876   85.31267891
          877   85.30664582
          878   85.32463513
          879   85.45855952
          880    85.5042348
          881   85.59050938
          882   85.63205604
          883   85.67016615
          884   85.69170739
          885    85.8237159
          886   85.80593381
          887   85.82539495
          888   85.88357682
          889   85.94618713
          890    86.0970271
          891    86.1800358
          892    86.2933578
          893   86.21067505
          894   86.20003275
          895    86.3699578
          896   86.28945187
          897   86.45673543
          898   86.47531278
          899   86.51267874
          900   86.53492503
          920   88.40731974
          921   88.51757357
          922   88.29636182
          923   88.67663655
          924   88.44963275
          925    88.4580992
          926   88.27363616
          927   88.43538003
          928   88.53883486
          929   88.62056575
          930   88.67363829
          931   88.74816811
          932   88.63596461
          933   88.68937978
          934   88.64645038
          935   88.84379494
          936   88.73520461
          937   88.80324706
          938   88.71940491
          939    88.8747783
          940   89.01375695
          941   89.00013721
          942   88.68922522
          943   89.07577475
          944   89.40641334
          945   88.99284167
          946   88.91448363
          947   89.03332172
          948   89.04468998
          949   89.32050398
          950   89.08672687
          951   89.12524977
          952   89.25985939
          953    89.3388776
          954   89.17679505
          955   89.37701145
          956   89.24373829
          957   89.39891082
          958   89.46496936
          959   89.40407636
          960   89.38651396
          961   89.54692574
          962   89.71064405
          963   89.80140323
          964   89.52047141
          965   89.57126616
          966   89.63137549
          967   89.58043769
          968   89.57480195
          969   89.73375127
          970   89.67203587
          971   89.81137757
          972   89.76958236
          973   89.88265139
          974   89.59941849
          975   89.99448165
          976    89.7665247
          977   89.94445989
          978   89.71109259
          979   89.83353132
          980   89.76214636
          981   89.93654523
          982   89.90509481
          983   90.06946419
          984    89.8575626
          985   89.90604078
          986   89.94080543
          987   89.94982051
          988   89.93421529
          989   89.86117045
          990   90.04243365
          991   89.90523772
          992   89.84763275
          993   90.13876679
          994   89.90643936
          995   90.00252845
          996   89.86091169
          997   90.17416297
          998   90.09318908
          999   89.95081398
         1000    90.1211076
         1001   89.92855623
         1002   89.97520555
         1003   90.13386933
         1004   89.98467009
         1005   90.08547273
         1006   90.10874656
         1007   89.96547832
         1008   90.18539897
         1009   90.02626703
         1010   90.28110816
         1011   90.25551309
         1012    90.1066773
         1013   90.16173901
         1014   90.02657813
         1015   89.80413677
         1016   90.04263161
         1017   90.26063697
         1018   90.08565572
         1019   89.89446877
         1020   89.95481539
         1021   90.03025351
         1022   89.86057606
         1023   90.06735483
         1024   89.91772992
         1025   89.70614166
         1026   89.99725477
         1027   89.76215612
         1028   90.11735362
         1029    89.8317876
         1030   90.01567947
         1031   89.89089712
         1032   90.00846527
         1033   89.57714719
         1034   89.79448226
         1035    89.7892693
         1036   89.60314083
         1037   89.63503307
         1038   89.77770389
         1039   89.80925164
         1040    89.5691642
         1041   89.43076717
         1042   89.72766259
         1043   89.62391684
         1044   89.57872169
         1045   89.62102785
         1046   89.46423023
         1047   89.32633788
         1048   89.29126206
         1049   89.44005724
         1050   89.30393047
         1051   89.25514752
         1052   89.42995433
         1053   89.43645533
         1054   89.14210956
         1055   89.42979145
         1056   89.12368054
         1057   88.85714554
         1058   89.17946842
         1059   89.06274665
         1060   88.76738834
         1061   88.97390633
         1062    88.8450251
         1063   89.00624218
         1064   88.75328528
         1065   88.70676291
         1066   88.77624476
         1067   88.70416393
         1068   88.75331633
         1069   88.50792678
         1070   88.62774341
         1071   88.44175546
         1072   88.38726474
         1073   88.31344926
         1074   88.08578091
         1075   88.31538977
         1076   88.17306664
         1077    88.2832253
         1078    88.0454214
         1079   87.95356221
         1080   87.95562191
         1081   87.96902829
         1082   87.76320316
         1083   87.57247156
         1084   87.72256519
         1085   87.71532478
         1086   87.51780475
         1087   87.41523785
         1088   87.31112804
         1089   87.36984405
         1090   87.32443358
         1091    87.0287938
         1092   87.23580483
         1093   87.00654164
         1094   86.92801526
         1095   87.10144996
         1096   86.82119211
         1097   86.60099692
         1098   86.49276017
         1099   86.55514667
         1100     86.459757
         1101   86.24111132
         1102   86.27140123
         1103   86.29141361
         1104   85.94693717
         1105   86.04275609
         1106   86.00757841
         1107   85.84039414
         1108   85.74782124
         1109   85.65931569
         1110   85.72013485
         1111     85.740562
         1112   85.42043081
         1113   85.48018652
         1114   85.11745767
         1115   85.04241967
         1116   85.08172432
         1117   84.94343509
         1118   84.89048165
         1119   84.72420467
         1120   84.75732693
         1121   84.51106339
         1122   84.27883884
         1123   84.40603915
         1124   84.19871864
         1125     84.325026
         1126   84.09592288
         1127   83.98213881
         1128   83.74728956
         1129   83.80893651
         1130   83.73369454
         1131    83.4584764
         1132    83.3690548
         1133   83.44048644
         1134   83.07505917
         1135   83.14506632
         1136   82.85263525
         1137    82.8884252
         1138   82.79528301
         1139   82.61349325
         1140   82.39361917
         1141    82.3944423
         1142   82.33967814
         1143    82.2562384
         1144   82.01474866
         1145   81.81112151
         1146   81.78512158
         1147   81.65063491
         1148   81.67650984
         1149   81.46869103
         1150     81.382608
         1151   81.29064846
         1152   81.03717513
         1153   81.16361047
         1154   80.62134538
         1155   80.80658128
         1156   80.41234328
         1157   80.46698499
         1158   80.20179576
         1159   80.13609314
         1160   79.95848804
         1161   79.86507227
         1162   79.81500242
         1163   79.61405741
         1164   79.31668846
         1165   79.20185614
         1166   79.41805869
         1167   79.08126525
         1168   78.88556148
         1169   78.58294906
         1170   78.66728486
         1171   78.64545788
         1172   78.37203667
         1173    78.4067706
         1174   78.03073335
         1175   77.85473058
         1176    77.8695641
         1177   77.80132099
         1178   77.55208105
         1179   77.30680563
         1180   77.33861989
         1181   77.05204319
         1182   76.91186389
         1183   76.85527611
         1184   76.46698287
         1185   76.63007149
         1186   76.44740643
         1187   76.18966362
         1188   76.00993445
         1189   76.05701765
         1190   75.77289459
         1191   75.67686977
         1192    75.6369358
         1193   75.31681738
         1194   75.18882633
         1195    74.8973405
         1196   74.95895322
         1197   74.62736608
         1198   74.51798881
         1199   74.25906348
         1200   74.32342174
         1201   74.16571681
         1202   73.93099934
         1203   73.87771895
         1204   73.65937421
         1205    73.4510903
         1206   73.25870405
         1207   73.34532441
         1208   73.13679356
         1209   72.92680261
         1210   72.84243899
         1211   72.63214809
         1212   72.39753594
         1213   72.22658255
         1214   72.16162518
         1215   71.99138482
         1216   71.77313417
         1217   71.61336468
         1218   71.48608916
         1219   71.37889569
         1220   71.04960608
         1221   70.99486076
         1222   70.79231646
         1223   70.69302875
         1224   70.41054566
         1225   70.38633325
         1226     70.274277
         1227   70.02633015
         1228   69.89150923
         1229   69.67635815
         1230    69.5407761
         1231    69.2961994
         1232   69.10182825
         1233   69.00839447
         1234   68.91190125
         1235   68.65173218
         1236   68.54684439
         1237   68.49108733
         1238   68.12674314
         1239   68.10895222
         1240   67.77039085
         1241   67.89438236
         1242    67.4366805
         1243   67.42142596
         1244   67.23536253
         1245   67.09145946
         1246   66.88638387
         1247   66.71646731
         1248   66.56771309
         1249   66.47164656
         1250   66.30388376
         1251   66.10629595
         1252   66.00106769
         1253   65.83102677
         1254   65.61784287
         1255   65.60861736
         1256   65.24072249
         1257   65.16799152
         1258   65.05640996
         1259   64.75978116
         1260   64.73480735
         1261   64.33770258
         1262   64.31443679
         1263    64.0724139
         1264   63.93589879
         1265   63.67658402
         1266   63.50350712
         1267    63.4743803
         1268   63.26551191
         1269   63.10178894
         1270   62.98759034
         1271    62.8782363
         1272   62.52711671
         1273    62.6650842
         1274   62.30043586
         1275     62.238879
         1276   62.01141464
         1277   61.64255529
         1278   61.68187774
         1279    61.4280651
         1280   61.18230561
         1281   61.03405345
         1282   60.82955215
         1283   60.70705781
         1284   60.74622587
         1285   60.45103908
         1286   60.23286673
         1287   60.18397162
         1288   59.86429711
         1289   59.81860509
         1290   59.63719304
         1291   59.45078668
         1292   59.32532525
         1293    59.2504161
         1294    59.0287508
         1295   58.95477432
         1296    58.7291655
         1297   58.40207264
         1298   58.37781815
         1299   58.13136074
         1300   58.10473388
